,biomass,gas,hard_coal,hydro,nuclear,other_fossil,solar,wind_offshore,wind_onshore,FR -> UK,NL -> UK,demand,UK -> FR,UK -> NL,mismatch
0,914.686113,6924.048576,1626.387089,441.0541257,9104.259311,111.5165261,0.025299468,4762.632761,6860.145847,1767.247388,723.9,33235.85,1.38E-10,0.053035596,-5.73E-12
1,914.7486763,7059.052616,1932.346079,550.5431848,8783.281271,106.4786819,0.020998502,4623.352767,6508.509431,1737.79349,737.42,32953.49,1.52E-10,0.05719533,-2.74E-12
2,883.9211064,6099.055634,1903.376783,395.9966557,8553.999187,104.8919713,0.017856148,4478.533606,6142.662409,1572.899536,688.41,30823.71,1.82E-10,0.054744869,1.98E-12
3,854.3081594,5148.419846,1872.255266,318.2495389,8186.461544,100.4404573,0.012854447,4257.998264,5866.174125,1510.540888,689.23,28804.03,2.48E-10,0.06094306,-5.23E-12
4,857.9329823,4192.069361,1717.000797,312.0787965,8241.149891,101.0000469,0.013483199,4236.327808,5726.362207,1522.352502,466,27372.23,2.32E-10,0.057874619,4.28E-12
5,873.7143322,4248.695288,1886.900213,307.7595339,8365.987629,102.5865113,0.015265743,4236.016056,5611.136371,1550.305495,225.82,27408.88,2.03E-10,0.056696267,-1.65E-12
6,889.8059311,5544.265716,2070.735702,360.383141,8523.589532,104.4758943,4.695545811,4255.338391,5273.097945,1574.160432,369.58,28970.07,1.84E-10,0.058231041,-3.74E-12
7,923.906551,7151.085718,2118.613298,545.2764127,8900.8716,109.0552825,0.022534025,4446.759779,5216.273458,1025.622219,5.58E-11,30192.84,1.41E-10,244.6468535,-2.76E-12
8,974.0262375,8537.507021,2121.526805,871.2266346,9336.773934,113.0795632,7.709970218,4388.258049,4844.431287,916.1658971,6.08E-11,31925.35,1.21E-10,185.3553988,4.46E-12
9,952.6848087,10693.6336,2103.001041,1188.322275,9201.262986,111.4843925,412.9989995,3912.088683,4627.869157,1675.237073,249.01,35127.54,1.28E-10,0.053019817,-1.77E-12
10,919.2143369,12499.34348,2071.312735,1367.731788,8945.705209,109.6649812,956.1800609,3716.287453,4529.533382,2262.550206,644.13,38021.59,1.44E-10,0.063629902,-2.64E-12
11,908.8707364,14532.3141,2124.305015,1336.857485,8726.842164,106.9966872,1544.83981,3506.846479,4483.040974,2203.540469,918.42,40392.8,1.67E-10,0.073923392,1.06E-11
12,883.259593,16145.7057,2020.543713,1203.703377,8464.376891,103.7072609,2161.538978,3165.984583,4384.836212,2194.874241,923.82,41652.27,1.71E-10,0.080549805,6.56E-12
13,888.3632216,17640.18731,1917.923247,1524.925477,8537.700047,104.7209625,1767.313323,2435.644859,4261.790183,2184.894393,925.45,42188.82,1.76E-10,0.093021839,-4.87E-12
14,895.760718,17998.06622,2287.43186,1015.835881,8713.854598,106.8668953,1261.989966,2418.313788,4538.841171,2167.739232,915.76,42320.37,1.81E-10,0.090332469,-8.94E-12
15,921.3802499,18336.95708,2725.646426,1254.169882,9003.94635,109.2742075,312.9215943,2417.691842,4994.327985,2439.508747,1016.79,43532.53,1.68E-10,0.08435891,4.41E-12
16,953.8519938,20514.14314,2780.592417,1893.788375,9188.09951,111.3249011,1.265055695,2900.772708,5700.34096,2438.973667,1018.35,47501.41,1.69E-10,0.092732472,5.57E-12
17,892.6068899,21353.14038,2869.979097,2303.421669,8997.973343,110.3361294,0.023973179,3789.860087,5815.581834,2404.59678,1007.14,49544.57,1.84E-10,0.090179108,3.52E-12
18,902.2706154,20592.20345,2669.88399,1452.49567,8926.693729,109.5526395,0.023092854,3538.919535,6045.090031,2425.968753,1023.21,47686.23,1.74E-10,0.081501792,-3.47E-12
19,897.5332301,18534.1216,2467.914386,1112.55465,8772.390736,107.5107099,0.020798551,3841.393905,5930.000843,2388.567241,994.77,45046.7,1.92E-10,0.078100758,-4.61E-12
20,896.2796783,15938.6603,1643.77933,1091.853423,8713.230286,105.5858256,0.019983893,4158.64172,6251.160809,2405.135455,1015.81,42220.09,1.84E-10,0.066814803,1.35E-12
21,889.1448913,13555.26551,1630.89784,1076.081014,8698.521248,106.6494546,0.019830848,4087.430221,6019.103489,2103.843333,899.49,39066.38,2.25E-10,0.066836009,1.14E-12
22,888.0649831,11110.36137,1607.827328,611.1414937,8670.569942,106.23358,0.019363573,4161.014155,5632.76701,1888.557432,701.49,35377.98,2.13E-10,0.066662304,3.56E-12
23,862.1989155,9044.976526,1128.738903,370.8382432,8406.439426,103.1393864,0.015886951,4101.239196,5168.558015,1874.068167,718,31778.14,2.23E-10,0.072663978,-1.54E-13
24,874.1266698,8742.444766,1181.602493,368.7353742,8557.488045,104.8480776,0.017806829,3921.789331,4951.421015,1906.366995,753.74,31362.52,1.97E-10,0.060573239,-2.59E-13
25,871.0033385,9604.388019,1398.742627,366.6153462,8483.525814,105.0808317,0.01675648,3882.15295,4192.725186,1934.517662,759.4,31598.1,1.79E-10,0.06852962,-5.95E-12
26,873.7597428,9523.39478,1551.656563,327.2200916,8531.179018,106.7277001,0.017283187,3751.88915,3538.43375,1943.701386,757.02,30904.93,1.74E-10,0.069466297,3.54E-12
27,862.6677046,10159.66087,1584.277582,304.265231,8468.132711,104.9190452,0.016576717,3346.917541,2930.738661,1910.244957,756.7,30428.48,1.94E-10,0.060882858,7.02E-13
28,854.0498509,10529.41352,1596.701895,292.4192424,8426.779915,104.4354437,0.016039382,3149.308825,2599.282155,1846.062737,753.23,30151.64,2.53E-10,0.059619169,7.10E-13
29,855.9735375,11274.29212,1717.907893,292.0801068,8652.724143,108.4868968,0.01921637,2967.295452,3038.825274,2058.587712,920.88,31887.01,2.75E-10,0.062355045,2.59E-13
30,905.4808137,14225.8517,2138.585739,314.725525,9366.953945,117.3771425,0.028985871,3313.647023,3579.357917,2351.080834,931.01,37244.03,1.53E-10,0.069627579,1.40E-11
31,895.1897293,19435.84787,2417.012269,626.6328105,9292.069391,116.3746648,0.027884247,2970.751059,4238.083947,2484.979374,365.21,42842.1,1.50E-10,0.078995222,1.15E-12
32,878.037599,21655.30015,2906.913496,924.984696,9213.050587,115.4644819,5.075361844,3046.485947,4863.465487,2468.616184,1030.13,47107.46,1.56E-10,0.063985805,6.72E-12
33,864.804506,23707.30945,3128.259115,1299.742843,9208.519535,115.3918036,58.32992269,3301.980841,5418.342602,2485.703399,1049.1,50637.42,1.50E-10,0.064016013,-8.12E-12
34,840.4778939,25373.78042,2730.317158,1447.352373,8967.15753,112.4757182,217.5354549,2834.140898,6141.66861,2424.115718,1037.12,52126.08,1.74E-10,0.061773758,-4.40E-12
35,830.4415904,25493.33559,3133.695766,984.3175321,8872.291403,111.1326246,411.5570823,2974.934874,6390.736533,2404.998443,1015.88,52623.26,1.82E-10,0.06143544,-2.48E-12
36,824.2737421,24758.60584,3154.853039,962.8684421,8831.157024,110.6326114,582.3408886,3597.383485,6943.108173,2413.750789,1014.82,53193.73,1.78E-10,0.064032892,1.92E-12
37,826.8391711,24132.76034,3582.159115,803.7363119,8831.371911,110.6505361,620.1293783,4012.60186,6696.181346,2417.399,994.61,53028.38,1.76E-10,0.058963468,1.83E-12
38,837.5148932,23422.04758,3477.105278,890.5533916,8953.638601,112.244264,281.2273868,4347.923415,6876.502989,2420.821756,997.13,52616.65,1.74E-10,0.05955465,6.13E-12
39,850.915843,23745.55741,3613.889639,1022.350358,9081.02393,113.8725613,35.03771118,4482.324338,6819.840212,2434.937515,1035.26,53234.95,1.69E-10,0.059514737,1.09E-11
40,857.7797688,27373.26615,4412.520046,1368.663308,9158.060473,114.7911161,12.61440836,3847.394551,5615.934604,2427.41818,1029.18,56217.57,1.72E-10,0.052606288,-1.12E-11
41,839.7441579,28154.89273,4564.256482,2359.928067,8963.033968,112.377527,4.939671517,4022.127533,5402.765722,2388.703652,1045.78,57858.5,1.91E-10,0.049508753,5.64E-12
42,831.5570662,27401.02821,4935.535763,1895.46096,8890.32334,111.2819015,0.022287804,3946.22743,5041.926153,2413.229145,992.16,56458.71,1.79E-10,0.042255348,-5.06E-12
43,834.9205667,25182.67768,4560.139683,1188.533983,8916.460522,111.732017,0.022782436,4102.161196,5085.648511,2434.410586,986.99,53403.65,1.69E-10,0.047527914,9.00E-12
44,834.4464627,22279.72055,2864.114771,1175.587811,8913.851625,111.6685707,0.022712715,4292.490774,5576.065774,2422.573251,1017.45,49487.95,1.74E-10,0.042306619,-9.65E-12
45,824.9633092,17580.6697,2385.37778,981.0047562,8791.544474,111.2853731,0.020962362,4274.809875,6117.066649,2342.55013,1038.51,44447.76,2.18E-10,0.043007353,-3.31E-12
46,804.2631092,12836.18157,1857.634261,977.4525103,8612.020903,107.9468185,0.018622878,3843.38123,6463.760593,2373.429225,1034.1,38910.14,1.99E-10,0.048842187,-2.14E-12
47,796.2277608,9910.171073,1373.814418,588.1094915,8494.265319,107.566746,0.016920376,3682.991845,6385.021735,1988.32192,735.48,34061.94,1.53E-10,0.047229164,2.71E-12
48,800.9479747,8714.126059,1462.141097,519.0894499,8536.79007,108.0457678,0.017441052,3689.997854,6496.838997,1793.041037,710.86,32831.85,1.88E-10,0.045748287,3.86E-12
49,802.7191946,8377.276528,1112.726754,479.7455392,8557.623131,108.4437091,0.017873597,3648.187823,6749.442156,1836.170803,710.88,32383.19,1.64E-10,0.04351177,5.90E-12
50,777.6806721,7769.954909,1079.160404,398.5470699,8290.692628,105.0611187,0.014196868,3608.621034,6742.183096,1770.163488,708.03,31250.06,2.07E-10,0.048616746,2.72E-12
51,765.5163435,7532.815515,1061.845251,372.6560499,8144.555115,103.2661343,0.012245798,3508.803651,6556.277071,1708.752939,742.92,30497.37,2.74E-10,0.050316247,5.41E-12
52,758.3126516,7679.861414,1178.609107,352.4708366,7633.161808,102.2943753,0.011189539,3691.492673,6373.384338,1639.206773,692.74,30101.49,4.47E-10,0.055165839,-4.86E-12
53,787.9641758,8375.595681,1038.258679,373.1242127,7937.580301,106.6069179,0.015877085,4068.444443,6390.62122,1682.791121,719.95,31480.9,3.25E-10,0.052628162,4.49E-12
54,845.32884,11871.89768,1214.538642,421.4212894,8515.444932,114.3680195,0.024313065,4217.942285,6881.971262,2151.153544,887.85,37121.9,1.88E-10,0.040807854,-4.19E-12
55,859.8765384,17245.58269,1408.680094,672.7269389,8659.462551,116.3362375,0.026452432,4291.795546,6904.302794,2469.639404,1003.7,43632.1,1.55E-10,0.029247722,5.73E-13
56,847.8242771,20974.59824,1221.166632,911.5047456,8543.171876,114.8745707,19.97818621,4526.307812,6919.944247,2438.177716,1036.86,47554.39,1.67E-10,0.018304557,1.98E-12
57,830.2723648,21852.03605,1470.070481,1052.492321,8426.043514,111.1099782,737.4772181,4493.23868,7118.364539,2389.416523,1004.97,49485.47,1.89E-10,0.021666051,2.13E-12
58,797.8037476,21293.39391,1430.339655,1158.06386,8237.234521,108.1969315,1682.402836,4354.03476,7066.091911,2321.717333,1025.27,49474.52,2.33E-10,0.029467866,3.05E-12
59,799.0633209,20857.90286,1452.415095,949.4752401,8179.823201,108.1085669,2097.541217,4359.595471,7236.223426,2318.375066,1022.84,49381.33,2.37E-10,0.033464919,7.84E-12
60,754.0664174,21030.98242,1517.471119,1041.218644,8153.489049,106.2229783,2346.243806,4367.982251,6966.35972,2325.915068,1022.61,49632.53,2.31E-10,0.031469651,1.33E-12
61,762.2615149,21265.68467,1570.39988,919.8896677,8240.188136,108.2223138,1800.960462,4459.465128,7108.559158,2367.231275,1022.75,49625.58,2.02E-10,0.032207603,-3.43E-12
62,735.2008162,22215.11712,1598.15784,1067.849054,8499.403534,109.6774988,930.450869,4595.607725,7349.597667,2414.3382,1022.74,50538.11,1.77E-10,0.030325221,-4.88E-12
63,837.1920196,23710.56218,2160.893856,911.2798089,8794.220595,112.3664805,125.9492419,4702.10503,7034.635598,2447.184598,1026.34,51862.7,1.64E-10,0.029409435,1.16E-11
64,768.135366,26501.29463,2484.262184,1286.470613,8900.37824,113.6590542,8.743004166,4726.218252,7051.85736,2423.570001,1033.03,55297.59,1.73E-10,0.028699617,6.94E-12
65,821.805854,28395.36065,2553.995438,2333.780995,8771.670268,111.9525939,6.151241422,4690.936708,6435.428776,2396.713273,1026.19,57543.94,1.86E-10,0.045799155,-1.18E-11
66,851.2870725,27668.04598,2659.664039,1919.044286,8675.831393,110.6673194,0.021612439,4627.353301,6211.96338,2422.681151,1033.85,56180.35,1.74E-10,0.059535312,-2.79E-12
67,822.4521908,26715.18234,2140.794673,1425.98696,8618.815164,123.3678286,0.020948852,4556.143239,6089.774677,2428.220753,1049.81,53970.51,1.72E-10,0.058773237,4.02E-12
68,815.6174013,24045.12065,1603.647743,1110.678991,8555.586652,123.5420476,0.019943736,4560.260823,6010.380585,2439.410158,1019.71,50283.91,1.67E-10,0.064999953,-9.82E-12
69,776.3814579,19979.91485,1262.215254,1024.061432,8488.992965,108.3599888,0.019076911,4510.633378,5849.057855,2351.889537,1039.46,45390.91,2.13E-10,0.075793519,8.85E-12
70,731.0943345,15322.17316,1424.271297,1049.837245,8455.574021,107.8275275,0.018491789,4423.298462,5381.89703,2415.805249,1032.74,40344.47,1.78E-10,0.06681823,3.99E-13
71,804.9037691,12175.05467,1415.072755,514.5719111,8412.542619,107.3991833,0.018021081,4333.734077,4726.744275,2440.21109,1043.28,35973.47,1.67E-10,0.062367129,7.43E-12
72,799.121898,12693.11121,1511.280531,491.2249314,8379.028137,106.9413128,0.017517926,4166.010483,3766.449534,2417.340103,1048.51,35378.98,1.78E-10,0.0556538,-3.75E-12
73,805.5490404,12886.41886,1441.944611,487.351255,8431.649868,107.643117,0.01828914,4143.668559,3174.880506,2496.845297,1049.96,35025.88,1.47E-10,0.049405321,-8.03E-13
74,734.1366585,13051.84978,1519.686796,428.0471071,8509.528662,108.8052702,0.019566231,3864.380587,2526.434462,2503.219487,1050.26,34296.32,1.44E-10,0.048375435,2.20E-13
75,770.2999849,13657.46599,1473.257793,370.9726921,8388.236032,107.5111942,0.01814417,3455.716957,2082.881708,2446.638239,1022.72,33775.67,1.64E-10,0.048734772,-3.32E-12
76,804.657668,14315.11948,1505.48854,365.7534854,8417.049565,106.1864958,0.017984996,2674.719844,2045.859819,2356.822402,1022.61,33614.23,2.07E-10,0.055283236,6.31E-12
77,831.0796856,15474.43526,1778.095598,405.1666015,8697.657738,109.8343197,0.022038133,2584.767657,2138.10809,2393.109151,1006.03,35418.26,1.86E-10,0.046140762,-1.44E-13
78,888.6179193,19252.95266,2529.947488,475.6719451,9321.340616,118.9179863,0.030679106,2375.746143,2556.083309,2541.204038,1015.8,41076.27,1.34E-10,0.042779368,5.18E-12
79,883.5779137,25708.09513,3130.798099,878.3880287,9240.590163,118.0698827,0.029747124,1755.478586,2697.442706,2555.598619,1011.61,47979.64,1.31E-10,0.038873299,-7.49E-12
80,711.2855348,29243.70742,3214.706866,1035.287487,9018.89808,115.1725688,81.00048795,1674.431962,2593.281247,2499.310124,1022.56,51209.61,1.47E-10,0.031772548,5.08E-13
81,692.8608821,30330.92992,3309.355522,1287.461494,8740.12509,115.8967294,226.7544705,1856.867164,2537.130575,2483.933662,1022.86,52604.15,1.51E-10,0.025511785,5.27E-12
82,706.5782957,29491.11618,3465.888364,1195.09191,8408.281719,112.0779366,801.6008941,1528.889243,3089.452686,2398.278642,1022.81,52220.04,1.86E-10,0.025866688,1.11E-11
83,808.8928386,28659.63986,3405.547346,946.3202359,8325.207069,109.7008172,1169.338381,1829.954291,3615.304952,2379.974048,1022.84,52272.69,1.96E-10,0.029835326,4.11E-12
84,795.4720026,27629.47409,2742.222009,887.7180029,8280.576027,93.44400031,1377.700005,3226.214011,3843.184013,2378.026697,1013.17,52267.17,1.95E-10,0.030856816,2.82E-12
85,812.5737818,26464.8111,2375.58335,836.4730107,8477.056482,108.7414914,1565.399491,3913.498728,3961.297186,2368.838322,1022.67,51906.91,2.01E-10,0.032940229,1.43E-11
86,826.6067789,26554.74277,2504.132301,899.5426711,8673.293187,110.6194366,1084.313598,4057.666806,3950.694164,2379.312424,747.76,51788.65,1.95E-10,0.034137195,-2.30E-12
87,844.7905739,27192.31777,3084.727934,893.241798,8855.392957,113.0528562,336.6738905,4291.03918,4052.510077,2415.085417,791.68,52870.48,1.78E-10,0.032448712,-5.46E-13
88,856.8123879,28652.81427,4379.823324,1462.881151,8948.649381,114.6616578,0.026001822,4437.784162,4209.720865,2422.995712,1022.85,56508.99,1.76E-10,0.028910601,2.95E-12
89,837.5742856,29538.94511,5501.424052,2167.115846,8512.263775,111.9225551,0.022991819,4395.727602,4118.99601,2380.725748,1022.95,58587.63,1.96E-10,0.037972035,7.14E-12
90,828.8023009,29316.44374,5421.342109,1525.971295,8435.501065,110.9132491,0.021882691,4339.02381,3939.248583,2411.987329,1023.23,57352.45,1.79E-10,0.035364272,-7.73E-12
91,827.4641207,28074.15401,4766.436707,1215.642142,8531.398456,110.7341691,0.0216859,4268.741375,3699.251363,2447.300997,1023.04,54964.14,1.63E-10,0.04502658,-5.05E-13
92,831.5841287,26064.43158,3640.924059,1258.350177,8568.242921,110.9591726,0.021933157,4278.634469,3365.355125,2477.058207,1022.8,51618.3,1.52E-10,0.061768858,5.11E-12
93,831.2083363,23491.41442,2232.038856,1124.575984,8719.130975,111.2352332,0.02223652,4321.060984,2947.122498,2418.381611,1031.3,47227.44,1.76E-10,0.051138333,-5.99E-12
94,833.6434864,20446.91212,1662.390388,930.3510274,8726.937466,111.3972941,0.022414609,3852.387741,2309.963669,2479.488216,1035.72,42389.17,1.53E-10,0.043823766,1.11E-11
95,848.7388628,17625.47705,1330.920941,425.5994877,8617.774598,111.9351254,0.023005632,3374.044494,2032.053045,2586.512588,1041.79,37994.83,1.23E-10,0.039197693,-5.65E-12
96,877.09858,17810.72047,1292.437741,410.4528174,8449.708744,111.1643047,0.022158577,2751.011145,1887.350009,2544.548892,1030.02,37164.5,1.34E-10,0.03486099,5.93E-13
97,868.7200531,17922.62245,1333.804575,359.0548902,8325.735876,109.6442785,0.020488218,2136.256108,1839.855092,2540.621303,1036.38,36472.68,1.34E-10,0.035118715,-2.32E-12
98,868.2747546,16983.06937,1468.370464,330.7140686,8486.724298,109.4362918,0.020259661,1813.515692,1640.34178,2497.732919,1013.45,35211.61,1.46E-10,0.039895729,5.84E-12
99,862.5698648,16287.27835,1355.978943,323.7623731,8537.291211,108.7172544,0.019469511,1744.254851,1608.05961,2417.202563,1021.41,34266.49,1.76E-10,0.054487197,1.86E-12
100,860.9264242,16090.50023,1438.057157,317.1834195,8518.640408,108.5101172,0.019241887,1372.47412,1607.380637,2352.366676,1015.89,33681.88,2.12E-10,0.068433948,-7.05E-12
101,883.1883509,16874.50892,1810.292145,358.6427834,8713.555788,111.0084806,0.021987341,1399.194805,1677.325943,2385.423788,1007.47,35220.56,1.94E-10,0.072989896,-3.35E-12
102,943.1244171,19709.34903,3635.907236,439.6911076,9280.344264,118.3783751,0.030086127,1641.686916,1840.71869,2513.056064,1021.81,41144.05,1.42E-10,0.046181278,-1.37E-11
103,926.6953862,24844.93434,5069.87088,1055.046548,9154.00484,116.799557,0.028351162,1669.848611,1904.731237,2521.666095,1033.57,48297.17,1.40E-10,0.025842978,-1.19E-11
104,899.1163294,28596.40738,5949.445238,989.2784125,8941.073248,113.9548551,36.3152835,1183.377342,1852.079458,2468.750803,1037.46,52067.23,1.57E-10,0.028347222,2.92E-12
105,883.3777079,28656.47879,7305.937964,1112.492315,8735.760135,111.4942738,612.6059001,965.4668985,1863.547148,2421.138068,1022.8,53691.07,1.77E-10,0.029203917,-4.49E-12
106,857.9202036,27614.75463,7386.71685,1173.367186,8524.237789,108.7336191,1511.516793,1196.06981,1854.4459,2362.008785,1022.71,53612.45,2.08E-10,0.031566874,4.53E-12
107,844.6182318,27574.02469,7217.433124,1159.441161,7783.644512,106.8988304,2214.332916,1312.153776,1766.767483,2335.600973,1022.65,53337.53,2.26E-10,0.035701026,2.62E-12
108,838.4790532,27348.66427,7398.001117,808.116302,7742.501564,106.2696293,2388.147164,1317.276284,1827.604064,2355.287708,1022.76,53153.07,2.12E-10,0.037157052,7.46E-13
109,848.2513851,27935.5881,6717.489381,792.7251802,7837.464748,107.5081839,1786.289825,1455.495413,1885.528149,2400.777937,1022.85,52789.93,1.85E-10,0.0382978,1.17E-11
110,870.5357094,28141.32585,6789.219265,671.4875995,7957.128055,109.1167349,1261.437419,1575.597689,1983.286589,2379.666153,1030.12,52768.88,1.97E-10,0.041059395,3.70E-12
111,895.1455421,28771.30568,7333.30771,860.7168674,8152.218329,111.8931928,270.5110155,1635.362048,2209.583158,2418.794728,1021.06,53679.86,1.76E-10,0.038275613,-1.49E-11
112,907.6053338,29371.25557,9011.224385,1619.4771,8264.444722,113.4506667,6.233553117,1666.852103,2360.02321,2411.184085,1043.27,56774.98,1.81E-10,0.040733031,7.03E-12
113,893.8184013,30536.7547,9042.258758,2532.077334,8101.912824,111.421198,6.122043844,1639.483342,2567.585188,2396.543029,1020.6,58848.53,1.87E-10,0.046812721,5.15E-12
114,884.0797367,29064.42411,8875.918343,2630.439984,8008.79356,110.2072001,2.422136265,1701.550726,2951.373039,2423.604034,1015.55,57668.32,1.75E-10,0.042871336,-8.36E-12
115,839.4438487,28511.06783,7945.293995,1436.301635,7935.686626,109.2838201,0.02009211,1676.485855,3507.890532,2413.127485,1044.95,55419.51,1.79E-10,0.041716808,6.04E-12
116,813.143405,27305.68841,6110.463599,1124.610616,7837.798931,108.1813594,0.018880615,1269.644966,3843.410275,2374.69182,1045.69,51833.28,1.99E-10,0.062257068,-6.75E-12
117,729.7962417,25173.24674,4594.882163,910.4739521,7550.675032,107.4619061,0.018090007,928.1874531,4167.396338,2293.560314,1030.53,47486.14,2.62E-10,0.088228802,1.06E-12
118,657.071037,22489.96368,2637.704521,838.4132228,7515.102792,107.1567462,0.017754666,681.7995169,4707.831552,2342.588452,1023.02,43000.59,2.19E-10,0.079279495,2.13E-12
119,658.9443225,19706.70179,1560.844735,488.2824836,7570.748798,107.848801,0.018515166,554.6509765,4956.304238,2432.912129,1022.76,39059.95,1.70E-10,0.066787103,-7.94E-12
120,664.9766988,18170.00643,1246.83131,399.9497536,7714.693441,109.6247819,0.020466793,492.7091845,5413.777689,2451.083982,1022.49,37686.11,1.63E-10,0.053736432,3.85E-12
121,669.9038473,17022.24482,1499.820378,348.6843555,7698.520684,108.66533,0.019412451,698.5628354,5479.837353,2232.360835,922.8,36681.36,1.53E-10,0.059849302,3.47E-12
122,845.8397017,15752.01201,1144.921143,290.9034333,7479.372611,106.3141062,0.016828688,801.4448002,5411.504832,2200.829359,912.95,34946.04,1.68E-10,0.068828376,1.70E-12
123,817.3637337,14222.35696,931.361465,280.4344191,7302.694669,103.7379355,0.013997732,833.323416,5978.041031,2131.296203,925.01,33525.56,2.08E-10,0.073830806,1.12E-12
124,810.5212013,12662.71451,681.7781928,277.6370966,7296.92982,101.8749024,0.011950442,1064.648705,6234.520124,2074.507768,922.26,32127.32,2.57E-10,0.084274631,2.63E-13
125,836.9009551,12036.57142,597.7863965,341.5922266,7444.433258,103.6163087,0.013864076,1481.371623,6412.824734,2092.123967,922.34,32269.48,2.38E-10,0.094757105,1.59E-12
126,865.6092631,13709.21956,831.3627848,414.5004793,7595.632716,107.4630872,0.018091305,1619.031787,6673.339626,2124.033643,936.31,34876.43,2.07E-10,0.09103567,-6.66E-12
127,918.0195855,15402.46757,851.7320678,615.348278,8019.53894,113.8144173,0.025070788,1760.996698,7057.744579,2446.456756,1003.07,38189.13,1.64E-10,0.083962151,3.40E-12
128,933.0535401,17933.23805,1069.442514,1075.81583,8369.439268,115.9943609,40.7892258,2165.652957,6858.96325,2501.874749,1012.46,42076.67,1.45E-10,0.053748653,-4.80E-12
129,917.4901821,19847.28762,1898.729682,1227.486865,8292.411264,113.7487828,573.7438605,2446.223823,6883.676339,2481.258331,1010.55,45692.56,1.53E-10,0.046747667,-6.08E-12
130,892.3683191,20700.99713,1889.434695,1274.637967,8071.489708,110.7851528,1552.209559,2619.886252,6363.450483,2413.140971,1035.36,46923.71,1.79E-10,0.050239259,-1.68E-12
131,874.6471981,20976.02059,1842.367359,974.8796192,7942.226126,108.5851228,2129.938948,2888.841564,5713.248001,2369.517804,1027.6,46847.82,2.02E-10,0.052335587,-3.75E-12
132,872.1788984,21468.00947,1940.031312,853.0887994,7807.850494,108.5749381,2105.876547,2766.871225,5506.300433,2412.831723,1024.52,46866.08,1.80E-10,0.053834411,6.52E-13
133,877.9327254,20965.27238,1844.255956,852.8489332,7816.587422,108.6964327,1908.757136,3468.730115,5332.097532,2405.384575,1022.84,46603.35,1.83E-10,0.0532034,4.45E-12
134,902.2476505,21340.49245,1665.593415,931.748936,8191.523628,111.8590411,1133.341054,3825.333363,5052.095155,2459.175184,1022.88,46636.24,1.59E-10,0.049877079,3.97E-12
135,932.3259947,22133.82669,2250.573815,817.6957494,8564.152989,115.9039146,310.7753316,4045.173988,5053.920146,2496.036407,1022.6,47742.94,1.47E-10,0.045024193,1.85E-11
136,944.4227989,24642.15025,3996.235314,1438.748782,8586.962666,118.3780643,7.805147098,4076.888501,4776.750024,2508.21195,1018.31,52114.82,1.43E-10,0.043494174,4.13E-12
137,921.8035868,26204.82752,5008.466155,2499.111947,8506.198654,116.5057311,1.28028276,4099.465396,4199.327451,2500.053306,1022.64,55079.63,1.46E-10,0.050031222,-3.36E-12
138,904.6087,25746.07073,4712.028605,2285.459863,8660.557387,114.6509634,0.02599007,3992.625307,4150.112894,2505.272679,1012.97,54084.33,1.44E-10,0.053119567,8.39E-12
139,900.4630716,25211.70662,4157.242796,1007.511129,8692.302266,114.6043909,0.025938891,4040.119627,3940.627903,2507.860025,1032.99,51605.38,1.43E-10,0.073764514,1.56E-12
140,896.9401329,24092.6686,2426.273449,1176.604051,8687.217916,114.6370114,0.025974738,3827.112533,3752.787438,2497.613068,1022.88,48494.67,1.47E-10,0.090172476,1.07E-12
141,903.3235072,22074.49377,1920.511322,828.6791277,8751.10462,115.1294666,0.026515897,3579.134736,3375.444142,2441.131856,1023.1,45012,1.66E-10,0.079065356,-9.28E-13
142,902.0743798,20164.90987,833.6586263,881.8030455,8544.367441,115.2932143,0.02669584,3565.220934,3036.899282,2500.343175,1022.64,41567.17,1.46E-10,0.066665777,-5.36E-12
143,909.3544236,17637.42298,876.4251547,392.6182052,8543.878748,115.2524409,0.026651034,3569.026136,2820.518525,2322.954736,923.41,38110.83,1.24E-10,0.058005421,4.23E-12
144,931.8318059,16659.36562,758.230264,385.4975416,8672.418205,116.1598553,0.027648193,3509.048814,2743.159659,2353.017718,922.29,37051,1.19E-10,0.047125887,-1.29E-12
145,901.1125352,16344.70011,582.637146,295.0217752,8549.459478,112.3304667,0.023440073,3367.4452,2546.568712,2321.437444,922.22,35942.91,1.27E-10,0.046304549,3.68E-12
146,888.0597574,15476.57018,609.476628,282.23269,8412.237291,110.7033396,0.021652022,3274.87242,2350.317056,2271.246834,922.26,34597.95,1.41E-10,0.04785121,-2.93E-12
147,932.2883858,15771.95991,693.7661853,292.3820522,8750.943528,116.6963454,0.028237742,1829.952581,1927.413265,2369.133038,922.45,33606.97,1.15E-10,0.043533571,-4.85E-12
148,855.3247027,13859.38356,587.4350837,266.6883202,8233.701562,109.3181853,0.020129874,3344.415691,2123.896172,2211.938635,922.42,32514.49,1.63E-10,0.052042857,-3.35E-12
149,861.1188093,13074.00889,827.2545865,262.447727,8505.967115,110.0587242,0.020943653,3411.820451,2149.168714,2215.339697,922.4,32339.56,1.62E-10,0.045655586,9.09E-13
150,875.4581498,13816.74611,1034.073461,282.8024922,8675.88863,111.8914208,0.022957605,3472.322774,2299.307219,2225.367493,922.35,33716.19,1.58E-10,0.040704816,3.65E-12
151,882.6335558,15275.39508,1458.641952,316.5563386,8754.334509,112.967164,0.024139741,3351.772997,2377.276033,2234.235428,922.31,35686.11,1.54E-10,0.037200647,-1.74E-12
152,931.1786707,17079.91525,1560.707913,632.1522807,9248.833783,119.3482522,152.1362335,3408.638542,2424.999102,2314.515283,923.16,38795.55,1.27E-10,0.035310368,2.18E-12
153,892.0777408,19561.99046,1817.889514,913.317687,8603.427623,113.6961826,1521.779675,3188.490749,2312.65532,2439.405558,1022.23,42386.92,1.67E-10,0.040507579,-2.18E-12
154,836.7640012,20281.50943,2142.587259,961.689331,8070.647719,107.2472171,3170.274878,2948.709199,2287.547784,2294.665345,1022.33,44123.93,2.58E-10,0.042164072,-7.63E-12
155,801.0141376,20067.57213,2332.297574,815.8477327,7950.806995,103.835166,4193.343242,2762.471833,2238.73182,2217.100018,1022.4,44505.38,3.67E-10,0.040651716,-5.52E-12
156,776.2304509,19979.54545,2439.421633,770.6380125,7887.575129,101.782379,4664.093632,2792.863741,2285.070333,2220.451321,1022.34,44939.97,3.61E-10,0.042084243,2.82E-12
157,796.2901444,20677.19171,2415.222481,771.0838377,8077.475566,104.2624506,3732.824878,2897.579533,2352.206714,2293.463774,1022.26,45139.82,2.61E-10,0.041086231,-1.02E-11
158,809.9521081,21680.9775,2707.318052,850.0955071,8345.104228,107.4426266,3063.88589,2993.044598,2471.180412,2348.343833,1022.34,46399.64,2.14E-10,0.044749316,7.46E-12
159,867.028984,24119.74108,4139.120976,923.5743525,8750.70992,114.3473008,985.145976,3441.728097,2573.44255,2482.830792,1022.29,49419.91,1.51E-10,0.050031698,7.57E-13
160,886.814938,26621.30281,6854.664587,1472.838844,9021.137922,117.9826891,20.74420908,3645.794745,2736.939085,2495.532561,1040.18,54913.88,1.46E-10,0.052390321,4.49E-12
161,879.80994,27042.7788,8566.770063,2432.118283,9054.710633,115.0326215,2.528189483,3818.830214,2782.272526,2447.10374,1017.36,58159.24,1.64E-10,0.075011982,1.87E-12
162,863.2046818,26294.06284,7980.90109,2058.219256,9033.711424,113.5139105,0.024740561,3762.175318,3041.174876,2460.820648,1018.84,56626.58,1.59E-10,0.068788639,7.85E-12
163,868.6168177,25550.77436,6706.269385,1157.326132,9042.077074,113.2437398,0.02444367,3679.799327,3204.424507,2475.794718,1016.01,53814.3,1.54E-10,0.060499593,-2.14E-12
164,856.9268424,23839.38325,4954.842507,994.1835228,8992.167385,112.525747,0.023654667,3605.77009,3467.276863,2499.810965,1022.59,50345.45,1.46E-10,0.050829741,1.91E-12
165,863.3449675,21281.82451,3184.976062,777.9999778,9011.93615,112.5564356,0.023688391,3630.254269,3736.626285,2426.754409,1022.71,46048.96,1.72E-10,0.046757304,-6.80E-12
166,862.8336524,17490.97701,1709.551159,807.0469939,9052.315129,112.8130206,0.023970353,3686.878279,3934.818984,2464.580137,1022.75,41144.54,1.57E-10,0.048340641,-7.39E-12
167,875.6693835,13249.53201,1268.210831,330.8923101,9222.207731,114.4912556,0.025814567,3793.309183,4133.008512,2548.694318,1022.88,36558.88,1.32E-10,0.04134641,3.02E-12
168,859.4548329,13187.41534,1212.179071,320.4325822,9150.958394,113.0207945,0.024198675,3852.642907,3994.229397,2264.286592,923.65,35878.25,1.42E-10,0.044108855,3.63E-12
169,848.5630414,12819.6236,1207.196419,279.6124635,8984.070023,110.629279,0.021570636,3893.907481,4218.50108,2279.925516,922.34,35564.34,1.38E-10,0.050470993,-2.00E-12
170,841.5671576,11517.13675,1201.893326,258.757718,8974.298051,110.0324876,0.020914822,3887.411511,4554.861326,2258.359427,922.56,34526.85,1.45E-10,0.048666839,-4.33E-12
171,828.8597697,10861.91815,1221.60437,265.0423682,8958.432046,109.6311614,0.020473804,3981.659214,4494.877618,2206.522031,922.48,33851,1.66E-10,0.0471973,5.66E-12
172,836.1915824,10326.60665,1215.951943,249.1802996,8950.125089,109.0163811,0.019798221,3932.975595,4691.298333,2119.95992,922.37,33353.64,2.16E-10,0.055590028,3.44E-12
173,854.1328233,11366.44103,1304.855975,268.9397811,9290.873364,113.3033337,0.024509158,4144.909867,4908.151005,2128.795424,922.84,35303.22,2.04E-10,0.047107655,6.26E-12
174,912.7053795,16934.27707,1612.534869,337.9404758,9951.94787,121.0731626,0.033047432,4378.590968,5226.103106,2573.477001,1022.61,43071.26,1.26E-10,0.032950754,7.88E-14
175,894.4798914,24243.94107,2634.983223,906.2665956,9814.395763,119.1766766,0.030963381,4210.472695,5585.588194,2589.323604,1022.83,52021.46,1.23E-10,0.028673099,-1.40E-12
176,866.5904904,27039.65636,3579.45075,930.1235176,9527.412753,115.6301094,38.1198163,3927.611739,5454.945712,2510.771596,1026.06,55016.34,1.42E-10,0.032842396,-1.54E-11
177,859.2723211,27322.36917,4026.126687,1464.498912,9339.916533,113.3243206,617.6798134,3965.105899,5559.118321,2461.31956,762.87,56491.57,1.59E-10,0.031532655,-1.07E-14
178,843.3208525,27469.21556,4192.089122,1350.784273,9207.886983,117.6726771,1336.075188,3891.778644,5209.467476,2420.841011,819.23,56858.33,1.75E-10,0.031784551,-1.62E-12
179,838.7086418,28191.35365,4175.230793,1054.795148,9222.132577,111.0953223,1532.138785,3819.969928,5203.167731,2422.018501,1039.24,57609.82,1.75E-10,0.031077302,1.12E-11
180,833.2963442,28209.03048,4613.586631,1335.223382,9240.574226,110.8625253,1376.644545,3652.371988,5272.670435,2432.131141,1037.3,58113.66,1.71E-10,0.031699602,2.71E-12
181,825.5715976,27933.65749,4874.630534,1521.427834,9215.852107,110.3186716,1272.90775,3273.191356,5312.268341,2424.639122,1016.57,57781,1.74E-10,0.034804241,6.50E-13
182,843.5550117,28531.64502,5304.28378,991.547119,9370.366928,112.2273481,467.4084056,3067.136424,5564.503235,2445.352874,1033.17,57731.16,1.65E-10,0.03614934,4.76E-12
183,902.5777013,30254.2455,6439.978048,1436.702244,10074.14553,120.6087677,63.61781155,1601.048257,4754.106042,2605.368927,632.99,58885.36,1.20E-10,0.028834587,4.31E-12
184,860.0666605,28793.37202,7602.285131,1463.622212,9588.988821,114.4240733,0.02574074,3031.609238,6739.703656,2429.830254,476.72,61100.61,1.73E-10,0.037803095,1.03E-11
185,847.8948858,28596.84249,7058.320276,1867.609881,9499.908927,113.3016661,0.024507326,3168.711431,6493.057019,2437.385937,1000.35,61083.37,1.69E-10,0.03702303,1.04E-12
186,822.04012,28204.3946,6672.885914,1556.181372,9450.985356,112.6591128,0.023801223,3085.126475,6882.109981,2481.333297,1027.44,60295.14,1.52E-10,0.040028871,-5.68E-12
187,844.2103841,28063.86002,6291.085232,1007.408031,9400.429873,111.6615479,0.022704998,2800.128047,7076.397217,2464.604581,1028.38,59088.13,1.58E-10,0.057640191,2.37E-12
188,828.7802697,25800.50179,5353.604121,756.9769864,9368.50296,110.7474369,0.02170048,2653.070467,7104.87403,2467.554463,1015.49,55460.05,1.57E-10,0.074220463,6.81E-12
189,823.1191803,22221.79693,3512.782149,940.5347104,9315.77237,110.1527138,0.021046938,2543.196173,7115.139032,2393.466894,1022.83,49998.73,1.90E-10,0.081198032,-9.13E-12
190,823.0947684,17818.00745,2504.335331,812.216864,9292.147694,109.9877003,0.020865605,2463.241025,6834.949949,2419.285275,1022.77,44099.98,1.77E-10,0.076925332,-6.28E-12
191,805.8764519,14534.21883,1654.416951,323.5356932,9118.255031,107.8452311,0.018511243,2223.270917,6433.975379,2449.863066,1022.78,38673.99,1.64E-10,0.066064881,-3.70E-12
192,804.4908473,14202.0396,1571.178894,153.5738769,9091.57351,107.5017138,0.018133752,2081.5167,6317.793027,2437.245483,999.2,37766.06,1.69E-10,0.071783331,1.34E-12
193,776.8887504,14282.71181,1544.515042,141.2525001,8910.485579,105.3604714,0.015780738,1976.377194,6166.482093,2405.229352,998.79,37308.04,1.83E-10,0.068572805,-2.81E-12
194,780.5894028,14019.47792,1392.838993,133.7494398,8877.042559,104.9241295,0.015301241,1927.836753,6010.653703,2270.911769,949.11,36467.09,1.89E-10,0.059965127,-1.63E-12
195,781.3777063,13931.7006,1441.131276,130.8033165,8856.761403,104.4131737,0.014739752,1892.058499,5593.562876,2208.970247,948.47,35889.2,2.30E-10,0.063838793,3.64E-12
196,783.9687196,14003.06481,1376.55684,127.9713645,8937.243404,104.913461,0.015289518,1708.590651,5215.697776,2173.756576,948.68,35380.39,2.63E-10,0.068887937,3.93E-15
197,808.1822967,15137.10014,1400.374611,151.9050425,9199.749139,107.9949912,0.018675815,1961.711214,5227.669628,2159.042802,949.31,37103.01,2.81E-10,0.048538265,3.12E-12
198,883.6397789,19416.75326,2269.995444,279.862452,10036.17849,117.9050145,0.02956595,2097.67273,5623.162229,2511.417924,1023.38,44259.97,1.42E-10,0.026887742,7.67E-13
199,877.18957,25907.36244,4754.341707,689.12837,9982.700686,117.2162274,1.288090411,1910.23808,5926.503982,1478.986784,1023.21,52668.13,1.29E-10,0.035935999,9.55E-12
200,732.8042093,28315.05358,5555.532766,757.8573446,9700.574011,113.9917659,62.6328384,1990.471604,5764.726446,1864.962282,1019.24,55877.81,1.46E-10,0.036851396,1.91E-12
201,775.7931508,30203.33674,6606.075915,762.6441143,10182.61383,119.6562317,55.22595311,1041.403687,4569.290168,2600.866567,281.13,57198.01,1.20E-10,0.026352139,2.29E-12
202,840.4416786,28914.42621,6708.614346,738.4946111,9520.861501,113.1363798,223.7862458,1878.561208,6180.230154,2457.779638,259.12,57835.42,1.60E-10,0.031973793,4.76E-12
203,836.4853578,29049.74848,7407.992942,676.8038652,9401.554962,111.7770449,357.4408798,1718.418525,6131.769319,2434.992995,233.78,58360.73,1.69E-10,0.034368297,2.21E-12
204,830.4215767,28778.19267,7778.647926,657.2646547,9360.229108,110.9667599,428.0146453,1641.332514,6125.121262,2441.355994,224.89,58376.4,1.66E-10,0.037114373,3.82E-13
205,821.989326,28720.13807,7516.193147,598.6882609,9286.910241,109.8399834,666.2820968,1494.306587,6182.42192,2425.711577,200.56,58023,1.73E-10,0.041204573,5.83E-12
206,825.5822716,29055.40426,7004.720066,613.428237,9325.07905,110.320098,174.5724627,1634.19222,6331.8887,2422.537345,255.46,57753.14,1.74E-10,0.044712584,2.83E-12
207,829.9309391,29411.97252,6746.692627,654.4389344,9385.166171,110.9011974,29.24866746,1559.928931,6411.551646,2409.68924,705.01,58254.48,1.81E-10,0.050872225,-7.07E-13
208,828.0645219,29741.72573,7232.090144,956.6840113,9459.044731,111.4702241,0.022494752,1472.386916,6530.195216,2366.678289,790.33,59488.64,2.02E-10,0.052275522,6.06E-13
209,830.9733597,29627.49005,7243.602087,1720.431648,9408.762879,110.877677,0.021843601,1315.910892,6599.049437,2381.265917,1017.59,60255.92,1.95E-10,0.055792287,7.60E-12
210,825.1601014,29208.48975,8084.633135,1000.597366,9355.040915,110.1020077,0.020991217,1335.743038,6171.76199,2424.817041,1015.58,59531.89,1.73E-10,0.056335652,-3.76E-12
211,821.926168,29130.31311,7147.393051,916.8562371,9324.776409,109.3498264,0.020164645,1510.469581,5937.335082,2444.304735,1031.58,58374.27,1.65E-10,0.054359631,-1.56E-12
212,821.2683724,28060.00273,5084.722445,780.8000758,9239.864312,108.3122056,0.019024402,1906.770917,5441.79565,2445.629087,1015.5,54904.63,1.65E-10,0.054814376,9.99E-13
213,828.4174882,24381.18366,3563.623505,821.2759581,9186.38818,108.3132061,0.019025501,2068.66321,5140.711396,2379.950303,1030.44,49508.93,1.95E-10,0.05593247,-5.91E-12
214,830.6805055,20164.61987,2868.536997,676.4966419,9156.609141,108.7653612,0.019522375,1795.226071,4877.708119,2413.675785,1007.99,43900.26,1.79E-10,0.068012526,6.96E-12
215,812.299292,16879.34384,2124.927858,211.9041631,9017.699387,107.1293269,0.017724535,1810.603349,4392.302404,2451.602284,1043.55,38851.29,1.63E-10,0.089627652,-3.11E-12
216,833.7490577,15844.31477,2042.554418,178.7719058,9115.3821,109.3672504,0.020250552,2016.191369,4290.169839,2438.537642,1023,37891.99,1.51E-10,0.06860127,1.70E-12
217,834.0435738,15829.43391,2074.742737,166.3374404,9018.908301,108.1065805,0.018860618,2064.682872,3900.159624,2417.729551,1022.94,37437.04,1.57E-10,0.063447836,9.35E-12
218,827.7158975,15544.80785,2120.020862,155.6866927,8961.423234,107.4929324,0.01814404,1908.815129,3388.207739,2395.457151,1023.12,36432.7,1.65E-10,0.065631194,1.27E-12
219,825.7740593,15376.75969,2081.480907,149.6082576,8911.819445,106.9007988,0.017511893,1704.348495,3104.422985,2347.693982,1023.13,35631.88,1.90E-10,0.076132555,-5.34E-12
220,831.5095215,15404.34825,2068.680702,148.2631156,8970.986296,107.5583783,0.018256206,1662.596535,2624.575009,2320.385336,1022.89,35161.73,2.07E-10,0.081398885,-9.78E-13
221,860.721096,16864.85165,2256.083023,157.6867718,9259.880803,111.1020985,0.022138875,1783.079315,2429.718728,2318.871685,1024.84,37066.79,2.12E-10,0.067313386,1.37E-11
222,935.0505822,21289.60538,3600.152275,263.0668845,10021.27752,120.7401556,0.130869772,1952.617817,2596.889229,2518.014875,1032.81,44330.31,1.31E-10,0.045587878,-5.63E-13
223,934.5169206,27247.05982,5783.048217,923.0254669,10000.35478,120.4557403,0.032404555,2050.404439,2340.823598,2543.920173,1032.01,52969.07,1.18E-10,6.581563491,-2.79E-12
224,890.7008052,28985.32958,7238.432959,959.3046141,9655.842047,115.9864142,102.0253998,1884.489604,1943.413711,2469.973038,1007.75,55247.81,1.40E-10,5.43817409,-6.99E-12
225,867.5006098,28811.95765,7837.700476,899.6996382,9384.899055,112.777696,965.2775972,1667.288833,1690.896643,2439.370994,997.76,55675.08,1.62E-10,0.049187284,2.57E-12
226,840.2262647,28246.84006,7772.707907,793.048111,8862.83653,108.6246643,2069.344154,1506.592703,1448.775001,2348.607619,1002.12,54999.67,2.13E-10,0.053009969,-2.52E-12
227,824.8884403,27707.20747,7756.897278,613.1621849,8643.95558,106.2737446,2744.610484,1235.569404,1297.176856,2309.473918,1012.45,54251.61,2.46E-10,0.055362931,6.51E-12
228,814.4550131,27231.07736,7640.315696,703.0925154,8563.022285,104.9464421,3157.915971,1077.207771,1240.842735,2292.411545,1027.26,53852.49,2.61E-10,0.057329903,8.30E-12
229,822.519911,27384.95491,7462.597279,705.0859733,8823.342098,106.7064658,2439.234441,1034.903755,1293.204727,2331.168446,1022.71,53426.37,2.27E-10,0.058008554,3.55E-12
230,841.4695612,28018.87949,7424.294034,753.9130218,9089.691593,109.0118848,1786.02913,1007.422287,1379.813929,2355.612227,1031.72,53797.8,2.10E-10,0.057163234,5.47E-12
231,858.8436336,29487.42694,8261.435438,835.3002127,9383.694294,112.5347424,593.5232626,1015.942521,1482.236171,2417.436671,1021.19,55469.51,1.78E-10,0.053883022,-2.40E-12
232,888.4600837,31290.03075,9165.348689,1306.573299,9580.158316,116.9227198,10.42115167,1059.938706,1629.936223,2421.051876,1034.15,58502.94,1.76E-10,0.051817418,-2.04E-12
233,868.7059667,31888.90712,9608.56746,2367.525676,9434.487422,121.2096386,2.460680277,1004.947232,1573.009404,2414.807331,999.05,60283.62,1.79E-10,0.057934957,3.24E-12
234,860.1259965,31528.23109,9814.1455,2117.612876,9424.9795,114.9473041,0.048235833,973.5026265,1630.988192,2472.678009,1019.21,59956.41,1.55E-10,0.059333248,6.27E-12
235,849.9513331,31119.55268,10084.68274,1317.947294,9386.347475,112.6699662,0.023579942,974.9830207,1660.1406,2477.74483,1014.33,58998.31,1.54E-10,0.063517242,-6.74E-12
236,845.1798969,29735.60135,8330.788645,1097.61881,9305.833514,111.6874208,0.022510795,904.0218161,1612.99464,2476.70653,1036.03,55456.41,1.54E-10,0.075129135,3.96E-12
237,829.0545065,27417.93398,5999.983437,879.9842289,9225.093217,110.5313481,0.021486632,813.7691582,1612.370053,2386.380746,1024.01,50299.05,1.92E-10,0.082162634,-7.88E-12
238,849.5877848,24020.94654,3867.903206,673.4666125,9100.713336,110.9493876,0.021970691,857.9350739,1588.994808,2433.459698,1010.81,44514.71,1.67E-10,0.078421752,-7.24E-13
239,839.0195388,20322.52266,3347.887761,269.1051691,8871.530813,108.9407632,0.019736813,799.1243295,1481.091086,2448.120786,1022.6,39509.89,1.56E-10,0.072637703,5.20E-12
240,850.3621272,19507.5543,3152.445383,214.0499734,8951.349156,109.8119165,0.020695178,771.4048169,1524.029249,2452.347638,1022.9,38556.2,1.52E-10,0.075255576,3.26E-12
241,848.3687843,18984.22742,3058.778885,201.3840028,8958.277827,109.5124049,0.020343302,766.0535977,1529.857894,2471.363605,1022.84,37950.61,1.44E-10,0.074760013,3.91E-12
242,848.9281106,18140.35654,2530.222468,188.8081934,9107.191047,109.3486507,0.020141219,778.5507397,1538.079843,2447.359162,1023.09,36711.88,1.52E-10,0.074891839,2.12E-12
243,834.4005472,17938.03358,2096.771356,167.6409599,8984.909028,107.6516315,0.018298496,694.361305,1461.072045,2386.352204,1023.3,35694.43,1.78E-10,0.08095417,8.15E-13
244,841.2357314,17412.5498,2103.754406,175.4991084,9005.562768,107.9258343,0.01862028,731.2685321,1410.929206,2329.538049,1023,35141.2,2.11E-10,0.082057164,2.64E-12
245,871.578561,18625.56785,2156.777727,193.8330411,9351.389506,111.9126,0.022980879,810.3188308,1538.84401,2326.365014,1022.95,37009.49,2.16E-10,0.070121695,2.40E-12
246,934.5752655,23110.94037,3436.871727,367.9903187,10020.65304,120.4366895,0.032312502,974.1039186,1805.397254,2533.545086,810.11,44114.6,1.32E-10,0.055973009,1.07E-11
247,923.6637922,29243.89782,5908.570642,659.8261099,9926.220101,119.1771184,0.030929878,925.0900514,1720.433963,2556.432023,871.38,52854.67,1.23E-10,0.052551848,9.28E-12
248,876.9289096,31633.73406,7070.883453,782.7545459,9646.949414,115.6630512,52.75114939,846.3183833,1532.235846,2497.372754,717.74,55773.28,1.41E-10,0.051564711,-4.87E-12
249,875.1136519,31474.24962,7904.20583,950.4175661,9326.755026,113.7532915,553.6349046,695.1359932,1417.248707,2471.826212,1047.78,56830.07,1.55E-10,0.050802852,-1.15E-12
250,851.3301835,30999.39238,7877.097553,914.4800759,8849.604777,110.3801788,1340.372326,657.832553,1350.026206,2387.746582,1007.51,56345.72,1.92E-10,0.052809583,-5.81E-12
251,841.3751633,30559.79565,7774.978812,909.2102874,8676.128179,108.7041019,1937.649387,615.2736534,1275.490389,2304.678609,1016.98,56020.21,2.08E-10,0.054236027,-2.27E-12
252,826.9684096,30567.22182,7650.40347,797.3312592,8634.878213,107.8983423,2129.858455,610.4734852,1177.300094,2301.302037,1006.83,55810.41,2.10E-10,0.055586066,-2.57E-12
253,840.5890773,30673.66284,7624.845075,642.5862016,8756.210474,108.8370613,1818.184244,707.2852675,1146.424475,2381.052423,1011.52,55711.14,1.96E-10,0.057141791,-1.23E-12
254,854.671019,31172.47222,7494.384271,688.8045586,9021.062551,110.231195,1235.111006,720.2766844,1146.032627,2388.941677,1029.87,55861.8,1.92E-10,0.057805061,4.90E-12
255,870.9482483,31918.58772,7801.675188,881.2330349,9250.199575,113.0030098,388.4063387,799.7650568,1198.778783,2427.709639,1022.82,56673.07,1.73E-10,0.056590571,-9.23E-12
256,884.5574477,32868.86854,8859.285317,1732.826902,9373.739558,114.6520541,11.633859,772.5974294,1326.145177,2429.488556,1022.54,59396.28,1.73E-10,0.054842314,3.82E-12
257,874.3566318,32710.20077,9311.857548,2595.170618,9232.985541,112.986091,0.455049814,710.4079301,1419.183081,2414.768195,1022.52,60404.83,1.79E-10,0.061454921,9.08E-12
258,869.3370366,32162.27474,9280.313588,2497.195966,9201.652593,112.1833253,0.046454661,701.6895139,1496.089933,2469.099608,1022.54,59812.36,1.57E-10,0.062756237,-1.38E-12
259,873.5077961,32113.72284,8928.188029,2011.271591,9221.491768,112.4892632,0.023332534,702.8021788,1556.680176,2479.289494,1022.7,59022.1,1.53E-10,0.066469259,9.24E-12
260,861.3698488,30693.16333,8028.53733,1094.513255,9149.585759,111.770045,0.022527164,728.5173303,1646.384744,2487.980781,1022.54,55824.32,1.50E-10,0.064946006,-9.29E-12
261,857.0032256,28669.27742,5405.152149,795.0086709,8928.085009,110.6594155,0.021580039,717.8406088,1798.621493,2390.001463,1022.82,50694.43,1.91E-10,0.061034961,7.56E-12
262,852.4820523,25258.56669,2984.167915,777.5394128,8685.437508,110.1305598,0.021022593,654.708036,2103.48189,2407.526564,1022.99,44856.99,1.82E-10,0.061650167,-6.00E-12
263,843.2309191,21308.61713,2171.415847,285.7130515,8681.497667,110.6079434,0.021523538,601.1014875,2421.084524,2458.458622,1022.92,39904.6,1.55E-10,0.068712564,6.64E-12
264,838.4236659,20222.50822,1875.914946,266.6536898,8801.386184,112.1711838,0.023239499,557.017379,2631.947758,2486.051735,1022.93,38814.96,1.44E-10,0.067998541,6.46E-13
265,819.3161077,20071.15787,1771.494252,246.3743407,8623.985901,109.2994403,0.020087201,498.1642975,2641.642043,2453.046362,1022.86,38257.29,1.53E-10,0.070700383,-5.70E-12
266,808.902015,19077.17887,1501.876594,223.0843484,8689.980894,107.8063949,0.018448293,501.7627238,2759.395698,2423.906576,1022.88,37116.72,1.63E-10,0.072567188,-9.19E-14
267,807.4232312,18045.31836,1485.845469,210.4253957,8654.45473,107.4191067,0.018023169,555.9950719,2880.59622,2391.372493,1022.94,36161.73,1.78E-10,0.078097642,5.68E-12
268,812.0953481,16836.3626,1493.607782,228.2852981,8702.916535,107.926904,0.018600994,652.6022691,3233.41073,2339.675141,1022.62,35429.44,2.09E-10,0.081206176,2.20E-12
269,832.7091545,17774.48707,1536.820639,240.7187248,8816.577965,110.7391093,0.021691329,680.9538156,3571.941686,2287.590744,1022.48,36874.97,2.34E-10,0.070605047,-5.53E-12
270,894.6652078,22125.78461,2202.306063,329.5282695,9350.541132,118.9771108,0.03071033,977.1198458,4194.645845,2446.797781,1022.66,43663.01,1.35E-10,0.046573918,7.81E-12
271,894.7113992,28135.14273,3397.647106,750.4300194,9490.978576,118.8687496,0.030591383,922.0038824,4526.067055,2565.315592,1022.8,51823.95,1.21E-10,0.045705934,-6.60E-12
272,853.9865717,29545.4019,4307.998241,892.2151434,9277.856407,114.49915,48.97483255,826.3404553,4764.443201,2485.812538,1022.75,54140.23,1.45E-10,0.048443679,3.88E-12
273,846.4054906,28888.72147,4698.1375,1337.05157,9183.248944,113.2576665,442.652705,865.9260303,5167.233848,2469.592969,1022.76,55034.94,1.56E-10,0.048188331,2.85E-12
274,829.9426399,28689.12082,4706.411017,1100.828149,8772.734306,110.9952625,994.2510904,880.5359518,5424.486685,2420.594522,1022.7,54952.55,1.76E-10,0.050441796,8.87E-13
275,801.2302498,28253.94836,4492.278005,923.1133151,8591.270371,109.2554343,1432.575243,880.7950799,5608.900886,2390.485828,1022.8,54506.6,1.90E-10,0.05277006,-6.93E-12
276,820.9097972,28538.89003,4456.028386,810.2547307,8353.726522,109.0504256,1531.392035,1051.138247,5766.269868,2407.513546,781.31,54626.43,1.82E-10,0.053582006,-1.89E-12
277,817.6628158,27866.13876,4483.509397,657.9130053,8319.156626,108.9757183,1581.467304,1097.647181,5911.530871,2405.353344,1022.52,54271.82,1.83E-10,0.055022943,-8.50E-12
278,830.3745232,27573.99313,4212.731674,690.6300677,8839.756968,110.7144041,882.6816837,1287.422956,6069.933697,2417.65568,1022.69,53938.53,1.77E-10,0.054783912,5.92E-13
279,848.5692788,28023.99488,4322.954795,736.772726,9136.62474,113.0843714,219.6949378,1337.219974,6138.491216,2451.486552,1022.72,54351.56,1.63E-10,0.053466886,-4.20E-12
280,856.7461048,28857.84467,5807.35589,1105.596076,9238.35499,114.2762776,3.403722882,1402.681292,6388.858052,2435.595535,1022.68,57233.34,1.70E-10,0.052605934,-1.98E-12
281,840.3362524,29501.70829,6101.791295,2217.769734,9040.496137,112.0552296,0.344039699,1397.485669,6488.9242,2428.138747,1018.64,59147.63,1.73E-10,0.059597861,-7.50E-12
282,826.2911567,28407.36782,6063.241371,1341.103941,8671.281685,110.0737779,0.04182846,1511.321049,6650.02585,2431.180997,1000.59,57012.46,1.72E-10,0.059478328,1.95E-12
283,822.9588975,26897.14775,5136.448834,1253.486301,8630.696673,110.0212575,0.020652831,1597.514311,6836.625235,2439.223288,1023,54747.08,1.68E-10,0.063198451,-6.78E-12
284,821.2665194,24482.30136,4047.050985,1107.953348,8661.224117,109.7482938,0.020334375,1660.28443,6934.248541,2441.457341,1022.94,51288.43,1.67E-10,0.065265572,-7.08E-12
285,819.441249,21250.27867,2914.880731,707.5716997,8887.973651,109.4967753,0.020326127,1741.005887,6790.296271,2352.76796,1022.86,46596.53,2.13E-10,0.063214469,7.93E-12
286,816.6997328,17033.24816,2107.035966,661.5794221,8658.210836,109.2026666,0.02000293,1776.954929,6976.320249,2394.106639,1023.09,41556.4,1.89E-10,0.06859968,1.83E-13
287,820.5805133,13756.15351,1809.855247,319.6411878,8653.464,109.6956531,0.020544674,1791.18062,6845.733908,2346.446857,973.69,37426.39,1.61E-10,0.072040963,1.15E-12
288,832.6134725,12385.75998,1849.766687,267.2230115,8775.39396,111.3783213,0.02239376,1975.218218,6762.526938,2346.707126,973.09,36279.63,1.59E-10,0.070111116,2.35E-12
289,805.9303104,11622.00568,1752.183893,225.8636884,8565.159488,107.6305709,0.018275353,2173.771831,6674.375517,2309.210906,972.92,35208.99,1.73E-10,0.080158048,5.78E-12
290,814.5760789,10877.8514,1673.549843,208.4675061,8430.469064,104.9345161,0.015312655,2013.379783,6556.696983,2178.234913,923.72,33781.81,1.90E-10,0.08540263,-3.83E-12
291,809.4206396,10058.31746,1654.114503,203.2356211,8358.801551,104.477414,0.014810345,1951.154572,6316.495179,2141.995197,923.55,32521.49,2.11E-10,0.086947855,1.12E-12
292,813.0695669,9479.505979,1606.696146,203.7550901,8358.197855,104.7366058,0.015111778,1872.232553,6085.776457,2134.167767,923.5,31581.57,2.18E-10,0.083132187,1.96E-12
293,821.0701506,9657.981501,1387.995647,226.378641,8414.048488,105.7685183,0.016246995,2036.894243,6112.101152,2139.586762,923.49,31825.26,2.13E-10,0.071350524,-2.39E-12
294,843.9532668,11298.62345,1592.327258,264.8966419,8614.994255,108.7607913,0.019517353,2332.771256,6324.220718,2142.418979,923.23,34446.16,2.10E-10,0.056136063,4.23E-12
295,865.347036,13583.20963,1792.025275,536.9865625,8813.236861,111.6796638,2.068174716,2491.190166,6602.743722,2384.866949,971.96,38155.27,1.82E-10,0.044038987,-1.88E-12
296,858.0249089,16929.52281,2341.767426,831.3228827,8791.498398,111.4286277,38.53880732,2651.172391,6726.934594,2393.203682,803.12,42476.5,1.82E-10,0.034524157,1.10E-12
297,847.823016,19862.56933,3025.234694,951.3195467,8416.908577,110.2850703,300.473705,2794.2727,6605.950507,2398.836772,1022.13,46335.77,1.86E-10,0.033918094,-2.48E-12
298,830.815771,20572.05409,3385.205723,935.9454942,8137.20296,108.9128585,714.3880684,2907.7488,6912.887797,2358.501997,1022.19,47885.82,2.08E-10,0.033554212,3.84E-12
299,830.1480401,20880.59843,3500.021213,994.871768,8127.735481,108.2630945,1021.410353,2770.632655,6626.812871,2343.001092,1022.46,48225.92,2.18E-10,0.03499318,-3.78E-12
300,829.560812,21093.41757,3584.239015,755.3737864,8231.549393,107.5735913,1033.096961,2661.179903,6338.478887,2375.146914,1022.43,48032.01,1.97E-10,0.036828825,2.48E-12
301,834.9631427,21407.73805,3484.81663,804.1723596,8360.253034,108.3347364,836.0799737,2613.598834,6486.146402,2378.433452,1022.43,48336.93,1.97E-10,0.036619838,6.84E-14
302,843.9824137,21999.58658,3241.761752,816.578092,8479.862841,109.4920562,531.3248834,2569.411158,6155.754664,2380.272381,1022.61,48150.6,1.95E-10,0.03682574,1.74E-12
303,856.2020852,22825.23714,3607.181095,779.0914668,8626.161896,111.1325534,149.6233314,2467.310628,6087.896034,2400.258438,922.16,48832.22,1.85E-10,0.034667065,2.90E-12
304,857.743782,24575.28282,4834.000278,966.107911,8719.543268,112.1727184,3.160785001,2538.507699,6072.18509,2366.060141,880.17,51924.9,2.03E-10,0.034489711,1.67E-12
305,851.3395159,24982.00787,5476.267447,2678.193604,8597.392461,110.7724464,0.215386126,2477.147387,5787.011239,2367.974263,1015.63,54343.91,2.03E-10,0.041620876,3.24E-12
306,842.586281,24537.34617,5571.114763,2016.531197,8545.513805,109.7186826,0.041049743,2520.284816,5807.360078,2396.186432,1022.53,53369.17,1.86E-10,0.043276358,4.96E-12
307,833.75723,23979.11576,5037.865161,1020.994226,8330.358429,108.5337193,0.019267824,2420.874771,5682.491352,2382.74649,1019.71,50816.42,1.94E-10,0.04640383,8.99E-12
308,824.9930229,22667.1428,3512.771401,886.3075459,8174.452063,107.7096083,0.018362207,2451.018465,5564.438533,2372.125307,1015,47575.93,2.00E-10,0.047110192,1.31E-13
309,828.6833424,19986.64188,3065.850097,719.1789481,8173.182285,107.8024838,0.018464268,2335.66397,5464.085242,2312.331239,1035.05,44028.44,2.41E-10,0.047953515,-1.09E-11
310,829.8536421,17845.80584,1839.931398,640.3007717,8310.882448,108.3341374,0.019048503,2279.214992,5377.097052,2357.003512,1020.57,40608.95,2.08E-10,0.062841615,1.91E-12
311,835.5032691,16156.05213,879.9839805,248.5733459,8470.485575,108.9653567,0.01974215,2123.803091,5183.231492,2435.613306,1035.36,37477.52,1.66E-10,0.071284948,3.72E-12
312,834.2733349,15690.1635,836.1910368,236.6901029,8451.03052,108.7411841,0.019495807,1875.592062,5169.713896,2316.127823,993.44,36511.91,1.71E-10,0.072950089,-1.57E-12
313,811.4011865,15194.94409,909.2108833,222.7296848,8219.996852,105.7884872,0.016251085,1841.485538,4992.630173,2281.321687,983.33,35562.78,1.85E-10,0.074831323,-5.09E-12
314,801.5223371,14282.62224,758.4658427,216.3741878,8076.749983,103.7188717,0.013976782,1736.168873,4838.987236,2252.136565,956.8,34023.49,2.00E-10,0.070109971,-6.28E-13
315,845.9269078,14167.90323,769.4035866,225.5503164,8535.8296,109.4906861,0.020319435,1067.416811,3744.497615,2351.771558,970.37,32788.12,1.53E-10,0.060634949,6.04E-12
316,794.3857279,12094.70877,644.9072958,211.7100468,7997.690602,102.6817231,0.012837059,1892.708629,4723.475265,2204.688744,974.46,31641.36,2.35E-10,0.069640618,-7.60E-13
317,796.457443,11384.35652,656.2189278,234.7195721,8100.491011,103.2062302,0.01341344,1942.215428,4956.236499,2288.993064,1012.98,31475.82,2.51E-10,0.068112508,-6.24E-12
318,809.491018,12274.22276,701.960465,299.016842,8288.155139,104.8964095,0.01527078,1992.981719,5182.234217,2314.099348,1028.59,32995.6,2.32E-10,0.063184552,-3.75E-12
319,835.1197095,13522.07851,891.0488539,415.0844683,8573.087625,108.4881149,0.057653126,2062.924667,5473.034241,2356.727372,1023.86,35261.46,1.98E-10,0.051215972,6.75E-13
320,838.8821683,15946.19473,1074.852329,681.3849907,8644.854794,109.2898369,29.44639929,2273.177222,5949.672125,2350.495418,1028.31,38926.52,2.06E-10,0.040008536,-3.05E-12
321,839.8757696,19176.22902,1363.655071,1074.971376,8639.564817,109.330494,315.4595726,2251.149296,6144.743133,2366.528311,1022.07,43303.54,2.03E-10,0.036859138,-4.94E-12
322,828.4066354,21001.0941,1883.279212,1042.378337,8482.689712,107.6182568,857.5033613,2188.851838,6347.414239,2336.542129,1022.13,46097.87,2.24E-10,0.037824264,3.48E-12
323,816.9106739,21468.0322,2326.11841,866.0027978,8398.405307,106.2092514,1264.289991,1994.680149,6581.723578,2320.846855,1022.27,47165.45,2.35E-10,0.039218456,1.05E-11
324,812.1941631,21839.69734,2376.109108,845.1941631,8371.955654,105.7299712,1448.12128,1858.706168,6697.434637,2352.947594,1022.44,47730.49,2.11E-10,0.04007455,1.00E-11
325,813.9685698,21976.92261,2407.319465,859.1844804,8382.458876,105.8159141,1242.142877,1898.713835,6921.41288,2378.631895,1022.49,48009.02,1.97E-10,0.041398026,3.43E-12
326,799.3870754,21938.8828,2588.314648,873.604053,8516.899461,79.85973179,771.4701463,1883.6179,7005.32181,2412.114746,1022.17,47891.6,1.79E-10,0.042375804,-4.90E-12
327,818.838915,22973.80494,3030.998162,871.0076468,8839.34354,82.6237808,239.0065915,1957.565782,6923.967578,2454.345411,1022.21,49213.67,1.62E-10,0.042346682,-1.07E-12
328,879.7219682,26129.27973,4519.569146,1150.195045,9574.021644,90.41671818,5.61186755,1387.889601,5678.027552,2531.756117,1022.21,52968.66,1.37E-10,0.039390963,3.30E-13
329,823.2887956,25033.26812,4885.541679,1760.314852,9001.214743,83.07590948,1.235505056,2252.854388,7747.76267,2378.944625,1022.42,54989.86,1.97E-10,0.061285411,3.37E-12
330,815.24369,24203.832,4838.136657,1383.534867,8993.773336,82.26929898,0.041286552,2309.449371,7735.100734,2405.021938,1009.68,53776.02,1.83E-10,0.06318085,1.19E-12
331,799.4383425,22331.2064,3942.944634,994.1080863,8903.224392,81.00722523,0.019260731,2372.58495,7828.979007,2387.964603,905.4,50546.81,1.92E-10,0.066903117,-1.34E-12
332,795.7633985,19527.3381,3164.629408,918.4045675,8895.104728,80.8667847,0.019101682,2682.485939,7671.84993,2382.450097,1024.34,47143.18,1.94E-10,0.072053069,-8.63E-12
333,795.6553897,16019.28908,2087.617166,906.7933545,8861.475973,80.1952575,0.018341175,2994.864575,7247.500436,2303.772874,1022.23,42319.34,2.52E-10,0.072446795,-8.92E-12
334,783.7027719,11968.43906,1508.649834,923.1651477,8831.785751,79.543757,0.017603349,3187.222372,6830.439845,2227.198686,972.5,37312.59,2.29E-10,0.074831344,-1.73E-12
335,791.0072328,8489.267695,1272.814369,450.8440624,8941.699785,80.52385245,0.01871331,3357.863176,6437.895273,2104.40324,878.9,32805.16,1.77E-10,0.077399525,-1.19E-13
336,779.7941578,8442.013635,1325.317109,411.5753925,8938.316781,80.13673476,0.018274898,3096.954648,5964.087166,2016.206177,819.98,31874.32,1.69E-10,0.080076075,-1.44E-12
337,753.1374053,8479.952643,1506.874505,398.5164909,8659.396469,76.5002693,0.014156591,3102.574703,5723.248052,1977.919971,850.74,31528.79,1.85E-10,0.084665384,-2.25E-13
338,751.3792714,7270.258916,1316.522047,396.0580462,8640.67547,76.06070409,0.013658782,3453.839226,5993.70475,1952.277737,807.78,30658.49,1.98E-10,0.079827541,3.10E-12
339,747.6936427,6460.249001,1037.765611,394.6078973,8615.16466,75.61961631,0.013159249,3773.05995,6147.495766,1903.731735,841.88,29997.2,2.33E-10,0.081040023,-4.04E-12
340,764.6206263,6247.4232,865.697183,397.0523194,8800.201703,77.62227824,0.015427269,3866.141357,6001.980206,1883.258542,823.7,29727.63,2.52E-10,0.082842375,3.17E-12
341,802.5695547,8014.994088,1235.142173,429.7985305,9106.451484,82.55763074,0.02101657,3974.79922,5626.556407,1887.016084,826.21,31986.04,2.46E-10,0.076188647,1.10E-11
342,878.6481661,12797.39646,2185.333339,635.079059,9861.775187,92.4679005,2.064479956,4129.667514,5551.635841,2533.75974,1034.14,39701.92,1.31E-10,0.0476835,-5.57E-12
343,873.5682109,20252.20945,3135.038628,1449.927192,9806.262363,91.58258869,0.093712079,4000.707372,5379.626934,2550.090338,531.89,48070.96,1.22E-10,0.036785778,4.50E-13
344,842.6366999,22174.58186,3731.502191,1767.65172,9515.983853,88.06545064,24.34614852,3918.127137,5275.726,2497.806301,835.84,50672.23,1.40E-10,0.037357253,1.37E-11
345,835.437928,23466.22941,4003.227972,1593.024815,9433.72288,87.16468311,275.4036704,3961.535656,5123.148301,2493.001474,1021.93,52293.79,1.48E-10,0.036793905,1.14E-12
346,821.0246169,24294.64877,4146.152785,1423.522461,9265.057613,85.33762908,782.1772978,3861.398592,5144.796799,2435.932356,1022.05,53282.06,1.68E-10,0.038915712,-9.26E-14
347,809.8161162,24356.22918,4042.553071,1193.223329,9170.367333,83.72336324,1287.438069,3685.582381,5516.034168,2413.283005,1022.04,53580.25,1.77E-10,0.040013885,3.74E-12
348,796.1494148,23492.76582,3606.017609,1030.305684,9026.457601,81.85484537,1627.265933,3890.06754,5973.642645,2375.635726,1021.97,52922.09,1.97E-10,0.042816151,8.35E-12
349,788.0152329,21638.1645,3708.005257,1074.064018,8960.533613,80.93130325,1470.089686,3842.700331,6465.723204,2375.988138,1021.93,51426.1,1.97E-10,0.045280667,-1.10E-12
350,793.5059713,20730.58797,3709.801306,909.4669448,9021.332494,81.03156004,1336.446644,3901.213168,6901.194436,2368.664877,1022.05,50775.25,2.02E-10,0.045369571,6.22E-13
351,812.010143,21604.21941,4100.329205,918.1987914,9259.028607,83.6365683,582.6175168,4014.925143,6802.449372,2414.42066,1022.09,51613.88,1.78E-10,0.045413948,8.45E-12
352,833.5763114,24039.3708,4930.986722,1055.845979,9512.156624,86.2507225,17.6856608,4143.078524,6761.339495,2432.221779,1021.97,54834.44,1.70E-10,0.042615943,4.20E-12
353,820.5086865,26822.41565,5470.220075,1786.298663,9382.569626,84.60233441,0.143071767,4124.060595,6415.405099,2413.498718,1022.18,58341.86,1.79E-10,0.042513413,6.55E-12
354,809.067368,25988.26035,5832.535567,1435.06881,9233.01697,82.61985758,0.021701466,4032.366054,6462.462382,2437.139012,1022.32,57334.83,1.68E-10,0.048070893,3.40E-12
355,808.4468742,24907.00445,4978.129462,1184.946184,9268.056609,82.95345306,0.022141885,4092.722012,6522.888654,2457.934034,1022.42,55325.48,1.60E-10,0.043872282,1.10E-11
356,808.1478334,22889.08566,3776.326582,1246.45644,9195.273161,82.06696893,0.021106272,3746.659641,6395.62281,2438.411531,1022.53,51600.55,1.68E-10,0.051736291,1.10E-11
357,860.5383817,20194.68558,2928.185903,1153.103041,9744.230068,88.39275841,0.028496213,2441.467999,5376.489065,2511.391488,1022.59,46321.05,1.42E-10,0.052775331,7.55E-12
358,806.9683749,13383.06538,2112.859764,934.4485088,9172.031796,81.97406271,0.020997737,4253.303806,6474.893827,2400.299189,1022.54,40642.34,1.83E-10,0.06570912,-3.36E-12
359,812.610726,9415.954427,1733.61466,462.3881736,9217.701077,82.44971449,0.021553405,4274.546347,6688.893857,2074.4125,803.19,35565.72,1.47E-10,0.06303584,4.50E-12
360,809.441555,8454.083944,1673.630222,425.7117578,9339.291447,83.8605895,0.023201623,4265.464176,6638.726528,2102.488152,798.31,34590.97,1.35E-10,0.061572016,-3.74E-13
361,772.9881055,8985.202275,1670.739254,393.1448923,8910.359092,78.79573189,0.017284734,4075.854945,6387.370788,2041.307185,798.21,34113.92,1.55E-10,0.069552503,3.12E-12
362,774.9522333,8036.248576,1267.303329,387.1383428,8923.876865,78.85089843,0.017349181,4157.919056,6582.643665,2014.770656,798.11,33021.76,1.64E-10,0.070970337,6.33E-13
363,766.6138247,7187.123319,1245.957236,389.5313575,8849.32029,77.96052628,0.016309026,4153.672343,6602.556703,1963.288128,798.31,32034.28,1.89E-10,0.070037005,-6.94E-13
364,779.1176876,6687.5169,1252.212163,380.3567301,8890.050174,78.37407672,0.016792146,4180.376793,6569.400881,1923.786432,798.3,31539.44,2.14E-10,0.068630077,2.81E-12
365,838.5358519,7894.626875,1300.694449,360.3983969,9212.950634,82.09763226,0.021142094,4297.176215,6666.66528,1932.23408,848.79,33434.13,2.09E-10,0.060556518,-1.30E-12
366,967.5439145,12308.1244,2084.892128,437.267408,9931.422768,90.40698308,0.061698559,4516.256349,7174.497486,2214.030202,1022.22,40746.68,1.35E-10,0.043338481,1.86E-13
367,1017.685916,18893.92162,3006.862663,986.6569396,9874.510129,89.75005604,0.090245524,4499.972148,7469.859356,2546.905797,1022.19,49408.37,1.25E-10,0.034872932,-3.10E-12
368,1077.808883,21391.45552,3294.445738,1042.652375,9544.475794,85.94416939,210.7915985,4396.427893,7201.874023,2470.48235,1016.89,51733.21,1.49E-10,0.038343578,5.48E-12
369,1043.298542,21540.95996,3176.200913,1000.320204,9009.133844,82.28272727,1339.401188,4367.865357,7314.942765,2405.453933,782.97,52062.79,1.82E-10,0.039438476,-8.48E-12
370,1073.294567,19797.08954,2941.730883,999.4704643,8558.972495,77.83342003,2572.787472,4202.074684,7323.013334,2291.294928,844.37,50681.89,2.62E-10,0.041791826,-1.81E-11
371,1114.62683,18709.1059,2611.193873,955.0407781,8380.025861,75.70287859,3387.341022,4141.324344,7284.402305,2253.057612,984.29,49896.07,3.08E-10,0.041403039,4.25E-12
372,1256.292533,18658.14094,2588.487492,966.0282467,8410.471187,75.90677289,3342.065538,4153.56668,7413.201794,2261.160725,980.32,50105.6,2.97E-10,0.041904704,1.27E-12
373,1365.725177,21225.70873,3073.490376,938.5278651,9467.363038,86.01202922,2462.41887,2477.449434,6288.037388,2518.568431,1002.37,50905.64,1.40E-10,0.03133392,6.99E-12
374,1453.787744,22764.17866,3261.618248,1046.003324,9764.943925,88.92393518,1354.047623,2589.431463,6333.873156,2558.022723,999.4,52214.2,1.30E-10,0.030796782,1.11E-11
375,1396.031474,22861.1564,3325.096848,999.1403039,9393.289735,84.6931169,359.9936083,4443.418139,7653.038952,2425.450262,930.32,53871.59,1.74E-10,0.038842404,1.30E-12
376,1427.128452,25588.63304,4217.055534,1169.766993,9581.844354,86.73152174,9.750014371,4450.052507,7531.001456,2427.675451,864.21,57353.81,1.72E-10,0.039320091,-1.30E-12
377,1461.20397,27572.04923,4618.428865,1838.363413,9353.180008,84.20858576,4.206297461,4368.906048,7038.262071,2388.85799,846.09,59573.71,1.90E-10,0.046476197,1.10E-12
378,1459.21383,26668.18717,4602.211691,1690.909498,9266.432577,83.1205567,0.021779515,4386.935062,7107.76533,2437.343079,916.83,58618.92,1.68E-10,0.050572503,-7.30E-12
379,1459.946518,25826.46452,4024.528769,1507.9909,9261.310906,82.99887648,0.021685394,4431.054833,6972.166072,2446.433498,1032.18,57045.05,1.64E-10,0.046572271,-7.95E-12
380,1456.356764,23181.80205,3488.001193,1108.234381,9217.21204,82.49813958,0.021082096,4391.713561,6911.78293,2472.856676,1022.26,53332.69,1.54E-10,0.048819135,-1.03E-11
381,1452.676795,19755.79702,2044.759312,965.8782094,9129.939933,82.04781342,0.020539534,4421.104918,6767.70948,2410.00071,1022.4,48052.27,1.80E-10,0.064728513,-3.84E-12
382,1421.756944,14913.11512,975.2498061,1110.253401,9104.544851,82.56146234,0.021158389,4456.796131,6855.075944,2471.222288,1014.35,42404.87,1.55E-10,0.077105445,3.02E-12
383,1456.552308,10856.21314,544.5805052,372.8462639,9093.054152,82.37841586,0.020937851,4444.118633,6744.332586,2469.76622,1019.49,37083.28,1.50E-10,0.073161644,-8.24E-13
384,1477.527959,9861.131598,569.0016535,352.1751664,9295.794707,84.45711297,0.023442305,4475.278536,6789.608877,2236.349396,866.74,36008.02,1.39E-10,0.068449318,4.58E-12
385,1442.164035,10055.39201,503.3568878,327.8191328,8901.118604,80.03634224,0.018116075,4325.314378,6882.665062,2188.98935,864.13,35570.93,1.54E-10,0.073922252,-9.48E-13
386,1527.291346,10278.15588,621.0758653,307.0490741,9802.494763,89.97886947,0.030095024,2608.396256,5976.843686,2369.49648,873.23,34453.98,1.07E-10,0.062316157,-5.24E-12
387,1401.444415,8045.638018,423.1785321,265.6795064,8617.297882,76.93507284,0.014379606,4222.362441,7483.433586,2040.771517,872.92,33449.6,2.38E-10,0.075349498,-4.84E-12
388,1372.88695,7173.0532,411.0796366,259.5716921,8588.791343,76.53990482,0.0139035,4205.451474,7756.384311,1985.333441,873.07,32702.1,2.98E-10,0.075856632,-1.69E-12
389,1391.605725,8075.950129,561.228674,286.9534838,8830.599148,79.37946158,0.017324653,4357.301112,7847.950084,2130.891833,946.92,34508.73,3.14E-10,0.06697584,4.87E-12
390,1483.771855,12246.62257,1651.532166,367.445615,9610.29435,88.06406676,0.055576065,4601.698323,8472.541963,2450.808917,916.66,41889.45,1.57E-10,0.045396739,7.54E-13
391,1523.345047,18613.08269,3230.527377,1108.04504,9726.473289,89.30846959,0.087861938,4606.563642,8364.112019,2528.259384,858.67,50648.44,1.31E-10,0.034824709,1.54E-12
392,1564.518287,22364.35074,4274.718246,1017.521076,10100.48401,93.3086054,264.2048908,2696.502129,6753.126098,2638.534099,906.54,52673.78,1.10E-10,0.028174454,1.21E-12
393,1457.805712,19887.76383,3914.403206,1053.508722,8978.684523,81.07215261,1661.6184,4407.347635,8279.70913,2362.8871,861.36,52946.12,2.06E-10,0.040406041,-9.72E-12
394,1438.402568,18758.12957,3259.202327,975.7744082,8572.608661,76.71919743,3036.566988,4310.825379,7993.419061,2244.144812,870.52,51536.27,3.22E-10,0.042975413,-3.90E-12
395,1412.159677,17848.84111,3028.175532,865.2534118,8412.809098,74.76666646,3856.250157,4146.732886,7810.038422,2206.347921,840.31,50501.64,3.92E-10,0.044886103,7.25E-12
396,1407.607097,17818.30978,3028.687679,727.5541166,8405.594147,73.73166337,3695.58496,4065.057634,8155.225693,2209.522278,841.38,50428.21,3.87E-10,0.04504444,2.66E-12
397,1489.864648,20735.27326,3321.371239,854.219441,9146.871422,83.50404428,2854.086728,2357.715366,6610.748224,2462.429568,959.03,50875.08,1.59E-10,0.033940313,-6.68E-12
398,1474.048741,20056.88502,3183.03519,709.9294436,8542.433962,77.33677845,1905.193172,4046.469729,8226.758714,2322.652244,959.05,51503.75,2.34E-10,0.042993695,4.41E-13
399,1503.699596,22384.55664,3778.756397,833.4834945,8878.273275,80.98900085,669.7527464,4036.477856,7622.783593,2375.076904,912.28,53076.09,1.99E-10,0.039503166,1.73E-12
400,1534.166516,25260.61478,4488.279147,1270.789745,9239.616539,84.85291749,15.68377595,4159.873742,7434.264384,2415.325201,927.4,56830.83,1.79E-10,0.036746853,-1.23E-12
401,1518.844209,28836.39249,4518.986554,1839.263084,9226.802844,83.51570383,0.168446272,4168.22678,6787.02588,2409.045593,1032.97,60421.2,1.81E-10,0.041582271,3.99E-12
402,1515.323895,28755.13329,4455.720896,1466.134303,9298.472762,82.85742834,0.023425377,4064.032822,6333.023427,2470.729977,1039.4,59480.81,1.56E-10,0.042227448,1.16E-11
403,1467.283049,28452.65236,3876.604668,1538.336874,9248.64418,82.2736886,0.022756773,3837.966383,5563.896696,2464.325404,1029.81,57561.77,1.58E-10,0.046060768,5.42E-12
404,1515.645994,27668.36602,2835.362103,1034.501434,9294.25728,82.80767359,0.023421761,3448.492293,4886.589275,2471.303726,1019.58,54256.88,1.55E-10,0.049219915,6.69E-12
405,1514.846288,24209.40935,1844.352228,1112.324235,9335.454856,83.20525223,0.023916877,3750.512212,4279.416693,2423.104495,1027.31,49579.91,1.74E-10,0.049524568,4.89E-12
406,1529.93905,19557.65417,1145.047316,769.511123,9410.522086,84.04909214,0.024967736,3808.882521,4238.262263,2502.267331,1022.4,44068.5,1.44E-10,0.059920569,-8.08E-13
407,1513.045782,16123.79152,473.2255521,296.649842,9157.486301,82.72964377,0.023324588,3779.630074,3954.449703,2431.069242,973.73,38785.76,1.30E-10,0.070984011,3.85E-12
408,1514.218165,14966.38282,414.0954705,228.3880099,8764.035839,82.50429234,0.023043951,3747.95458,4100.850749,2397.185491,973.19,37188.76,1.36E-10,0.068461258,5.99E-12
409,1497.290571,14487.78611,389.6259736,209.1466804,8588.265919,81.00412025,0.021175741,3835.295183,4110.12924,2392.721944,973.25,36564.47,1.37E-10,0.0669208,1.49E-13
410,1459.639773,13340.8631,359.0757812,195.7038735,8698.05516,80.85900215,0.020995022,3804.324409,4253.257766,2359.242258,973.08,35524.06,1.46E-10,0.062117065,3.14E-12
411,1471.56481,11999.47257,313.4976147,186.0402306,8656.97267,78.51369368,0.018074339,3969.157558,4527.929304,2265.534769,973.08,34441.72,1.86E-10,0.061299027,-4.32E-12
412,1459.812979,10899.93148,287.988405,181.4584952,8727.028918,77.46725395,0.016771176,4009.873695,4717.63029,2209.197621,972.94,33543.28,2.23E-10,0.065905477,4.41E-12
413,1484.711455,13369.34125,370.7488808,242.0806251,9099.496006,81.51194602,0.021808152,3158.398246,4958.78655,2232.071944,975.92,35973.03,2.10E-10,0.058712004,-2.36E-12
414,1555.15281,17990.00458,1371.425098,457.7862869,9710.830317,87.98516106,2.119477764,2466.579308,5126.35161,2502.952768,1014.49,42285.64,1.40E-10,0.037419241,-4.94E-12
415,1615.132633,25052.14378,2974.765442,1320.827835,10071.26026,91.87661763,0.104146766,1738.570195,4454.02287,2638.733365,745.11,50702.51,1.08E-10,0.037152039,-5.01E-12
416,1540.689171,26124.64983,2772.247903,1227.954719,9420.64609,84.88881672,260.5827295,3457.856229,4792.075592,2484.345703,957.71,53123.6,1.47E-10,0.046782672,-1.68E-12
417,1477.598837,25371.20278,3117.185128,1168.993709,9078.485041,81.40049333,1492.925455,3584.819739,4701.888268,2405.573109,1001.97,53481.99,1.83E-10,0.052554467,-4.53E-12
418,1462.346618,24033.47172,3186.360106,922.9351227,8664.978722,76.9830824,2770.570906,3420.546495,4489.701773,2287.937002,1005.63,52321.4,2.65E-10,0.061541472,1.53E-11
419,1451.081274,23416.98349,3265.311995,795.4933579,8559.959728,75.95315973,3232.390546,3171.399361,4682.041952,2267.997863,1021.93,51940.49,2.88E-10,0.052723122,7.33E-12
420,1459.166983,24138.36883,3309.976861,936.950875,8513.387634,76.6791966,2710.530668,3113.670918,4830.274526,2313.351519,1022.14,52424.45,2.42E-10,0.048015004,-2.41E-12
421,1474.343538,25442.75917,3337.136142,882.9957923,8315.021793,77.59679302,2203.710207,2974.092385,4603.823353,2363.719002,1022.13,52697.28,2.05E-10,0.048173358,-4.53E-12
422,1497.636739,26205.68418,3613.672016,1029.841482,8358.741014,78.28864159,1569.583919,2610.115866,4711.093484,2381.400474,1028.18,53084.19,1.95E-10,0.047813254,5.19E-12
423,1513.056311,27919.29934,3934.070416,942.2895057,8601.324983,80.75002277,635.0796714,2363.35593,4728.619269,2401.683395,1047.7,54167.18,1.84E-10,0.048844142,4.69E-13
424,1543.698758,30444.56909,4468.473924,1272.983081,8779.053882,82.59917515,36.36673308,2371.125875,4756.315755,2389.153371,1027.63,57171.92,1.90E-10,0.049647002,-4.75E-12
425,1543.353799,31493.13828,4572.474944,2608.703637,8878.467058,81.84170986,5.273087396,2458.367951,4732.382822,2402.775736,1018.07,59794.79,1.84E-10,0.05902141,-4.75E-12
426,1536.248827,31022.28906,4481.009541,2211.001029,8914.72142,81.16100756,4.088231401,2614.906841,4706.904546,2448.88229,1008.2,59029.35,1.63E-10,0.062792787,1.14E-11
427,1525.93035,30104.29705,3753.348033,1817.118802,9076.940078,80.75481978,1.021591263,3017.370961,4670.178237,2448.271609,1010.52,57505.69,1.63E-10,0.061529544,-2.64E-12
428,1506.946079,28851.78909,2385.989843,1328.61043,9013.81486,80.15263207,0.020815248,2937.271981,4516.884781,2487.068608,992.11,54100.6,1.49E-10,0.05911596,-9.41E-13
429,1509.905354,24388.11809,1332.372224,868.5040316,9018.114547,80.21738516,0.020898692,3469.886099,4666.732476,2414.634322,1031.47,48779.92,1.77E-10,0.055429639,-1.46E-11
430,1504.385822,19539.28392,649.3375073,745.1706866,9013.418226,80.21393036,0.02089424,3338.899767,4759.850606,2434.618119,1011.84,43076.98,1.67E-10,0.059477009,6.66E-13
431,1502.831915,15529.52712,327.6469584,294.4121913,8919.297055,79.31896816,0.019740939,3630.994067,4617.313084,2471.486008,1022.4,38395.17,1.47E-10,0.077110164,-7.59E-12
432,1415.134055,14514.24519,305.4434253,277.3901854,9025.677365,80.46339515,0.021215716,3551.061113,4771.376399,2434.34933,1022.57,37397.65,1.56E-10,0.081678571,3.49E-12
433,1457.43513,14854.97855,274.5436371,268.9380243,8519.875634,78.19477518,0.018292236,3373.380243,4733.000044,2398.288215,1022.59,36981.16,1.71E-10,0.082545542,1.32E-12
434,1466.420326,14030.98451,252.113628,259.632138,8385.776182,78.38472362,0.018537015,3295.641063,4652.38292,2410.068541,1022.44,35853.78,1.65E-10,0.08257453,-4.43E-12
435,1459.138179,13032.68101,223.471179,251.7740471,8281.626392,77.24458997,0.017067771,3327.123317,4956.069603,2358.089135,1022.45,34989.6,1.90E-10,0.084515944,-2.04E-12
436,1483.194258,12071.78939,220.6567326,258.390298,8514.088682,77.40877077,0.017279344,3362.485553,5023.244549,2295.456573,1022.1,34328.74,2.36E-10,0.092082107,1.99E-12
437,1564.148068,12866.44621,288.7707222,289.1081531,9036.21832,80.4148751,0.02115319,3459.64482,5266.784013,2284.776749,1022.27,36158.53,2.49E-10,0.073087547,-4.69E-13
438,1659.83819,17768.48519,748.1164883,347.8586414,9661.520723,86.85561707,2.176718689,3660.027431,5751.918632,2492.135461,1022.11,43200.99,1.43E-10,0.053097685,1.79E-12
439,1510.150684,24719.61917,1684.228623,834.7840372,9750.546091,87.83202294,1.092134109,3763.223313,5867.272393,2584.452087,1019.39,51822.54,1.23E-10,0.050554826,1.25E-11
440,1767.224556,26859.0175,1998.759806,1241.780644,9408.426367,85.21286208,372.1272647,3600.638741,5617.743789,2496.851376,521.47,53969.2,1.46E-10,0.052903504,4.16E-12
441,1760.069223,26754.13011,1832.53969,1016.882691,8958.180629,80.67047322,1846.504697,3234.075505,5483.403593,2382.528507,240.16,53589.09,1.93E-10,0.055112337,5.85E-12
442,1734.640861,24574.88263,1702.530222,942.8024546,8583.03426,76.85495229,3292.138375,3093.036986,5475.901941,2275.704844,948.47,52699.94,2.77E-10,0.057526388,-6.39E-12
443,1759.452859,22474.15872,1652.530018,735.0405716,8473.461825,75.67893317,4074.832013,3282.88807,5526.342379,2249.88407,1017.82,51322.03,3.09E-10,0.059457639,6.71E-13
444,1761.534381,22250.38219,1582.51718,704.5108958,8283.83962,75.34567007,4035.25204,3313.064332,5614.673159,2253.750898,1042.52,50917.33,3.04E-10,0.060361854,5.94E-12
445,1855.752343,23187.25979,1666.082191,779.4824853,8315.915432,76.75218346,3026.399946,3185.657497,5620.16477,2316.439961,1036.04,51065.89,2.39E-10,0.05659433,-3.43E-12
446,2055.474681,23856.76328,1729.265127,799.2104279,8371.398581,77.93701188,2185.456156,3150.358726,5774.460249,2337.921815,1030.59,51368.78,2.22E-10,0.056053686,8.20E-12
447,2122.811096,25755.43693,1903.974986,916.8108924,8660.437192,80.88270217,854.905124,3072.975782,5790.475962,2396.043784,1037.79,52592.49,1.87E-10,0.05444815,3.65E-12
448,2235.620131,28546.0063,2415.37974,1219.375278,9314.119742,83.82959917,31.35334101,3320.16203,5340.693302,2428.303342,1026.26,55961.05,1.72E-10,0.052805188,-1.18E-11
449,2223.751542,31060.48296,2637.133999,2325.264212,9177.506351,81.5754785,0.278607321,3138.756853,5071.538617,2406.27131,1034.49,59156.99,1.81E-10,0.059926,2.75E-12
450,2207.816311,30524.07155,2620.859593,1669.773433,9089.649909,80.47457281,0.087747392,3411.500971,4928.449773,2432.248157,1015.6,57980.47,1.70E-10,0.062018138,3.66E-12
451,2192.011187,29177.4346,2459.437783,1069.60466,9071.884096,80.18571221,0.021609763,3437.404439,4999.898773,2440.852184,1023.37,55952.05,1.66E-10,0.055045292,5.67E-12
452,2193.420639,26655.41973,1665.034824,1144.422423,9073.98758,80.39362182,0.021887346,3458.506533,4796.781257,2430.285742,1039.41,52537.63,1.71E-10,0.054236125,-2.91E-12
453,2091.696966,22876.25843,1234.337674,1091.13407,9021.522589,80.11224353,0.021511674,3411.416693,4807.555919,2360.010337,1055.85,48029.85,2.07E-10,0.066432512,4.79E-12
454,2093.162033,18703.35627,961.4538243,897.5237817,8999.987477,80.25871297,0.021707227,3379.636403,4703.864287,2402.046884,1032.15,43253.39,1.82E-10,0.07137568,-4.49E-12
455,2067.534365,15438.13585,347.4693033,266.3363523,8885.008024,79.43072519,0.020601769,3471.090604,4816.512328,2436.528782,1028.8,38836.78,1.60E-10,0.086937524,7.28E-13
456,2087.279636,14858.61178,376.8479371,229.9611334,8750.388711,79.6572757,0.02090424,3402.747936,4745.68006,2435.984523,1062.26,38029.35,1.56E-10,0.089891366,-1.11E-11
457,2078.444672,15372.68854,373.3213621,225.2362244,8541.216926,79.02426555,0.0200591,3122.285589,4233.526331,2442.522461,1035.78,37503.98,1.54E-10,0.086427296,-6.30E-12
458,2065.078052,15440.68967,331.8847601,206.6140795,8289.536172,77.86506178,0.018511431,2742.44004,3699.494644,2412.24375,1022.56,36288.34,1.65E-10,0.084743847,-5.24E-12
459,2084.422034,15269.66767,311.1042983,191.5640456,8091.612799,77.13514011,0.017536903,2458.66403,3308.905013,2354.808934,1022.52,35170.34,1.94E-10,0.081496476,8.03E-12
460,2077.59728,15597.65471,298.2299292,191.4061168,8114.789127,76.30017694,0.016422132,1785.146514,2811.75822,2326.76041,1022.42,34302,2.12E-10,0.078911606,1.38E-12
461,2102.378606,16556.91412,319.7210202,225.3778907,8463.910178,78.09546211,0.018819042,1420.043598,2525.835173,2361.498035,1022.36,35076.08,1.92E-10,0.072900908,-8.05E-12
462,2168.144908,18574.44293,671.7944282,340.9539006,8938.744327,82.2392695,0.146108968,1225.63019,2538.220688,2458.683006,1022.38,38021.32,1.55E-10,0.059753789,4.56E-12
463,2166.411227,22433.6304,1402.861087,667.1249062,9013.678543,83.44840056,2.129829109,974.5330403,2415.736138,2473.75432,636.1,42269.36,1.53E-10,0.047895742,-6.77E-13
464,2240.770897,25960.98044,1998.254083,1038.706838,9049.541756,83.55627307,52.42956089,722.5303531,2241.265192,2473.313943,1025.93,46887.24,1.54E-10,0.03933663,-6.59E-12
465,2217.214239,28574.75668,2906.88727,1628.368511,8609.305612,81.74479836,411.9163924,630.2729716,2111.832601,2436.802575,990.48,50599.54,1.67E-10,0.041652647,8.27E-12
466,2162.748995,29332.84872,3653.402159,1510.47764,8459.223131,80.36672462,914.9596874,587.0377315,2098.306296,2399.092183,999.45,52197.87,1.84E-10,0.043266016,1.14E-11
467,2121.975817,29297.14988,4178.494738,1388.497332,8371.713211,79.76023588,1234.881104,574.0184199,2102.566008,2389.267613,1015.9,52754.18,1.89E-10,0.04436065,-1.13E-11
468,2121.157332,29133.27341,4579.318523,1214.094363,8122.710366,79.25263349,1225.476194,606.4762982,2141.561065,2418.945741,991.15,52633.37,1.75E-10,0.045926927,-2.07E-12
469,2128.908208,28879.45894,4518.868873,828.6397038,8150.458837,79.78677295,1009.01875,537.1116635,2221.194409,2431.827901,1016.13,51801.36,1.71E-10,0.044058623,-9.43E-14
470,2132.830422,28032.94986,4139.974953,1249.963958,7924.753013,79.06449143,992.3399057,570.5117543,2466.431701,2406.225211,1020.92,51015.92,1.82E-10,0.045271435,-6.22E-13
471,2141.143116,28253.75773,4295.926796,1016.573556,8039.560798,79.69647759,503.156652,640.8934336,2632.27078,2405.637789,991.87,51000.44,1.83E-10,0.047129321,-4.05E-12
472,2168.245741,29448.33326,5119.610615,1143.718552,8476.19012,81.45860998,23.33696423,801.4752292,2804.419048,2409.747012,1005.27,53481.76,1.81E-10,0.045150201,2.97E-12
473,2138.241043,30593.81626,6049.768608,2701.588807,8548.201445,80.44498073,1.250546798,969.3406733,2788.693037,2409.51374,1024.06,57304.87,1.81E-10,0.049145368,-3.66E-12
474,2121.574146,30286.7438,5746.164691,2533.692744,8461.428124,79.49818142,0.085862501,1192.499136,2651.996067,2438.341124,1016.73,56528.7,1.68E-10,0.053871288,-1.37E-12
475,2105.356876,29303.48889,4979.220923,1221.816258,8356.730671,78.60627978,0.020230305,1351.779729,2524.763019,2416.335137,1032.92,53370.98,1.78E-10,0.058014382,-1.32E-12
476,2069.821517,28087.9259,3357.591933,908.6427521,8388.07468,78.84709511,0.020563844,1443.593612,2372.283418,2468.102903,1019.33,50194.17,1.57E-10,0.064378537,-9.92E-12
477,2011.220059,24995.75846,2945.891958,1072.671774,8464.134946,79.66735144,0.021699933,1510.660785,2168.503746,2435.746151,1040.49,46724.7,1.69E-10,0.066931079,-4.93E-12
478,2005.559136,22519.44736,1718.710545,637.8798066,8518.305136,80.22750192,0.022475765,1782.982299,2210.702016,2473.728342,1035.86,42983.36,1.53E-10,0.064621182,-3.42E-12
479,2041.705454,20261.17035,765.1338797,351.8128442,8592.173177,81.43993981,0.024155041,1703.035381,2206.328043,2554.130187,1016.98,39573.86,1.24E-10,0.073412144,-4.07E-12
480,2020.218838,19695.78261,837.6701973,262.6014629,8441.311536,81.96151733,0.024877448,1635.934727,2145.085409,2535.349867,1059.2,38715.07,1.26E-10,0.071041723,-3.03E-13
481,2074.739666,20053.72594,510.5363982,219.5242144,8173.06043,79.37252054,0.02129158,1352.252707,1975.1932,2505.154791,1031.1,37974.61,1.34E-10,0.071160621,2.10E-12
482,2025.923912,19539.68861,217.9060855,209.5516346,7990.692877,77.51363973,0.018716953,1159.294317,1841.223607,2436.205629,1044.42,36542.37,1.55E-10,0.069023799,-7.93E-12
483,2061.820227,18662.82103,191.8454322,203.6936651,7931.760864,75.80523417,0.01635074,976.3973578,1734.209734,2391.971007,1056.88,35287.15,1.75E-10,0.070903734,-4.71E-12
484,2049.988361,17690.40112,179.3207755,196.5686573,7972.329755,74.7618172,0.014905564,775.5503811,1896.375495,2340.082253,1036.08,34211.4,2.04E-10,0.073515409,-2.14E-12
485,2051.562642,17292.28133,183.9210637,213.5138354,7994.224365,74.94833014,0.015163892,623.6838977,2172.512542,2321.463955,1022.3,33950.36,2.18E-10,0.067127146,2.07E-12
486,2071.733182,17418.90735,430.1834569,270.5161934,8102.545696,76.07705022,0.100363298,773.9398747,2770.041193,2346.388661,1022.06,35282.44,2.09E-10,0.053019454,-4.54E-12
487,2082.304815,17847.37001,908.861797,376.9790801,8184.631903,76.90789686,0.089389868,962.1109737,3490.5154,2360.509812,1030.72,37320.96,2.06E-10,0.041079103,-7.33E-12
488,2165.943773,19248.42963,1308.822534,670.6800931,8530.962048,80.35370193,41.85377775,1313.375206,4156.736454,2413.901777,1023.15,40954.17,1.79E-10,0.038996196,-8.61E-12
489,2210.186124,22101.98487,1744.544713,1044.278954,8544.070918,80.66051748,310.7708129,1657.78224,4764.385383,2417.741841,1028.12,45904.49,1.76E-10,0.036376406,-8.15E-12
490,2242.148874,23529.11069,2637.836549,1075.236188,8601.599084,80.93388289,650.7214154,1666.093024,5354.955119,2423.910059,1030.59,49293.1,1.74E-10,0.034888021,1.66E-11
491,2262.157453,23939.68792,2943.041154,1287.382525,8724.678399,81.4759965,830.3330332,1800.590959,5956.914307,2455.922107,1025.92,51308.07,1.61E-10,0.033852797,6.99E-12
492,2271.271162,24900.05541,2784.354667,1331.235622,8807.698182,81.88933202,804.7338985,1903.127616,6249.200299,2504.506087,1020.49,52658.53,1.44E-10,0.032275557,-2.49E-12
493,2180.989712,25092.08874,2884.445306,786.2421971,8821.267846,81.80703389,610.5842106,2238.605452,6316.915608,2507.683505,1003.22,52523.82,1.44E-10,0.029613256,5.36E-13
494,2279.406089,24052.88187,2521.058124,737.9338687,8813.211402,81.09317542,417.3379534,3004.798963,6767.723877,2535.879893,1017.44,52228.73,1.36E-10,0.03521718,-2.88E-12
495,2276.355788,23643.41616,2425.520725,813.321544,8814.651279,81.05486758,135.2497171,3592.301092,7055.421851,2513.887091,1020.87,52372.01,1.42E-10,0.040115394,3.12E-12
496,2297.096566,25599.30678,3007.580399,948.3339144,8956.846319,82.15962977,5.396765282,3505.754865,6655.33342,2463.812179,1036.56,54558.14,1.58E-10,0.040841138,-1.14E-11
497,2267.375193,26534.224,3503.856603,2129.372858,8771.558655,80.29080851,0.257840135,3273.029094,6144.420924,2410.803314,1017.78,56132.92,1.80E-10,0.049294387,1.18E-11
498,2233.75149,26188.09913,3430.575481,1591.647494,8709.546988,79.6678897,0.090174905,3283.84282,6056.46694,2434.483084,1019.99,55028.11,1.69E-10,0.051493808,7.43E-12
499,2255.310104,24389.92141,2519.141159,1161.637111,8724.62577,79.70239517,0.022593374,3395.486648,6360.877894,2442.814107,1019.86,52349.35,1.65E-10,0.04919489,-8.94E-12
500,2242.244964,22019.94596,1560.770923,960.7720932,8645.63132,78.98153726,0.021556169,3101.40001,6584.60515,2460.215097,1026.49,48681.03,1.60E-10,0.048611416,5.28E-12
501,2204.106015,18368.55641,1302.998088,954.5253025,8604.145568,78.51587674,0.020886154,2805.02659,6362.933896,2392.53076,1031.58,44104.88,1.89E-10,0.05939145,-2.82E-12
502,2012.905062,14538.22692,1118.422868,585.6102186,8506.335928,77.56309863,0.01951525,2887.115716,6163.10659,2390.937766,1020.64,39300.81,1.89E-10,0.073678209,-2.69E-13
503,1896.455125,11245.96674,458.7324353,251.0887,8458.313074,78.21131845,0.02044794,3281.007739,6236.946026,2147.315648,712.18,34766.17,1.54E-10,0.067253701,-1.35E-12
504,1892.694214,10650.47356,465.1154963,235.015748,8369.40465,78.67547387,0.02111579,3590.153439,6234.319233,2138.478497,730.18,34384.47,1.51E-10,0.061430293,1.86E-12
505,1851.964405,11183.61013,493.3859473,231.4144493,8310.922795,78.24688382,0.020499114,3453.269287,5844.491294,2153.496527,721.81,34322.57,1.45E-10,0.062218956,1.20E-12
506,1797.893499,10491.12904,602.3766682,223.2839168,8138.49155,76.60572812,0.018137739,3360.403591,5699.49229,2085.691449,721.88,33197.2,1.71E-10,0.065870304,4.99E-12
507,1790.367834,10415.44658,666.0658291,216.9554084,7962.774757,74.75615716,0.015476485,2888.594436,5485.042728,2003.690229,721.83,32225.47,2.21E-10,0.069430605,-1.39E-12
508,1797.476169,9599.534486,513.9478727,219.7141238,8233.033263,75.38592479,0.016382626,3135.163219,5511.071368,1985.052706,722.73,31793.05,2.40E-10,0.075515504,-2.90E-12
509,1924.071673,10645.88514,444.6094409,250.9701789,8517.212886,77.86757618,0.019953347,3039.038915,5666.724409,2181.550275,970.64,33718.52,2.52E-10,0.07044532,-2.17E-12
510,2125.704478,15355.84755,902.5543281,336.8133955,9365.067536,85.8340987,0.188495816,3292.181482,6140.875251,2531.523637,1021.65,41158.19,1.33E-10,0.05024999,-1.04E-11
511,2134.421227,22364.98771,1760.325895,1233.904671,9271.457956,85.06900715,0.151575591,3178.3973,6295.907084,2573.237104,1021.86,49919.67,1.26E-10,0.049533183,-2.58E-12
512,2222.712793,24674.24069,2209.023056,1250.700628,9007.160754,83.56172327,123.930425,3054.977619,6336.181915,2507.998531,1021.91,52492.35,1.43E-10,0.048132311,5.50E-12
513,2263.455552,25109.01426,2028.178357,1235.244828,8707.172759,79.85835556,984.1659515,2919.480584,6128.411281,2431.779641,1021.94,52908.65,1.70E-10,0.05156429,-5.77E-12
514,2214.965567,23953.74368,1842.786256,947.6526871,8408.021281,76.99215382,2013.102018,2908.480237,6049.709544,2345.303645,1021.97,51782.67,2.17E-10,0.0570688,-1.70E-12
515,2174.475741,22180.08775,1658.937725,939.5266158,8173.11309,73.72224125,2701.208697,3199.10165,6565.465509,2288.470471,1021.99,50976.04,2.67E-10,0.059493098,1.20E-12
516,2167.664533,21852.57388,1655.88487,1015.002956,8167.053955,73.66425302,2618.599085,3147.370539,6652.240928,2299.385224,1022.02,50671.4,2.56E-10,0.060226034,3.82E-12
517,2183.234108,21948.71311,1693.137265,814.3362225,8263.998635,74.73411795,2191.037025,3180.042532,6993.007892,2285.278194,1022.25,50649.71,2.19E-10,0.059103813,1.16E-11
518,2215.430188,22721.9498,2063.20514,897.7483611,8237.796962,76.07358074,1285.121086,3411.219178,6974.521837,2310.531913,1022.23,51215.77,2.02E-10,0.05804467,-4.34E-12
519,2126.788221,24294.04293,2480.271118,940.8903012,8457.988626,78.15536538,402.3196898,3398.311892,6870.048369,2419.931137,1022.33,52491.02,1.76E-10,0.057653132,-2.24E-12
520,2256.935138,27371.47042,3218.382649,1161.837196,8680.21281,80.02682985,21.72701223,3422.95285,6427.380303,2428.390352,1022.23,56091.49,1.73E-10,0.05555923,-1.22E-11
521,2302.471706,28841.22299,3844.029756,2066.147577,8713.698549,78.7174651,5.377030647,3161.191612,5898.036125,2404.788827,1022.15,58337.77,1.84E-10,0.061637027,7.34E-12
522,2288.097884,28180.72925,3977.808896,2193.567229,8690.406076,77.99349683,0.089916023,2948.826,5593.631349,2458.532817,1026.75,57436.37,1.60E-10,0.062915346,-1.04E-11
523,2285.67835,27550.95937,3957.314801,1820.59282,8659.564748,77.62882295,0.021932268,2848.319492,5450.277744,2458.342977,1034.24,56142.88,1.61E-10,0.061053071,-2.06E-13
524,2266.144999,25918.08486,2659.222667,1323.817956,8590.111061,76.98680697,0.020969726,3061.042449,5396.955986,2446.223825,1034.49,52773.04,1.65E-10,0.061582775,-1.39E-12
525,2259.01606,21844.96621,2019.524788,990.3567941,8538.729953,76.47255726,0.020198737,3055.218459,5338.917234,2363.524396,1017.94,47504.62,2.06E-10,0.066648127,-3.25E-12
526,2252.686977,16737.45221,978.2137564,966.7058837,8505.67845,76.23137325,0.019837141,2828.148032,5795.502008,2414.721959,1031.96,41587.25,1.77E-10,0.070490587,8.18E-12
527,1705.987557,13110.09108,143.490583,520.2288092,8526.838478,76.41902709,0.020118482,2854.407455,5923.277115,2463.930587,1005.67,36330.28,1.49E-10,0.08080928,-2.10E-12
528,1611.752399,11257.16281,145.0459374,465.733142,8548.728364,76.70030801,0.020540192,2953.865952,6626.88182,2331.770675,950.37,34967.95,1.55E-10,0.081952788,2.08E-12
529,1570.621196,11124.08651,132.4228414,441.7554189,8311.55568,74.55378638,0.017322019,2701.807787,6581.268072,2279.606507,949.47,34167.08,1.77E-10,0.085120579,2.41E-12
530,1509.657883,10035.28586,109.493361,431.7898917,8185.831934,72.78354827,0.014667989,3031.001792,6473.311014,2209.563785,950.26,33008.91,2.21E-10,0.083734975,1.03E-11
531,1546.044751,9446.939891,95.61342537,404.6173782,7999.076143,70.96652389,0.011943814,3030.072428,6316.64397,2131.010318,972.69,32013.6,3.07E-10,0.086773236,7.27E-12
532,1456.202347,8370.414453,95.33508656,407.3281625,8086.509401,71.77241159,0.013152042,3303.93325,6318.15751,2121.49925,922.53,31153.6,3.21E-10,0.095024813,7.26E-12
533,1509.044935,9817.255794,123.7249747,434.6056506,8348.663241,74.12684768,0.016681931,3405.058338,6535.948291,1776.06484,828.11,32852.54,3.58E-10,0.079593824,1.03E-12
534,1890.297668,13757.79256,295.5368465,545.2439511,9147.215366,81.46402313,1.193775355,3726.11005,7420.702307,2249.987029,552.5,39667.99,1.55E-10,0.053579687,-6.07E-12
535,2204.504446,19744.23684,537.0001209,1268.077475,9241.649949,82.4479553,0.087472063,4042.117741,7819.438218,2553.645338,396.84,47890,1.30E-10,0.045556582,3.22E-12
536,2337.13636,21222.39971,681.0369671,1308.001824,8995.785584,80.28165722,48.74016754,4200.479448,7804.041912,2488.571176,1006.72,50173.15,1.49E-10,0.044809898,-1.91E-12
537,2277.729317,21627.97652,756.4808762,1426.277721,8804.08296,78.64319584,370.789136,4380.536019,7830.967773,2440.021562,1049.98,51043.44,1.66E-10,0.04508461,-1.04E-11
538,1129.562486,16199.49036,1845.738027,761.0707888,5946.496127,54.99197745,1761.345687,6223.467696,11572.61003,3754.906153,1244.150675,50493.83,3.98E-11,1.58E-10,5.76E-12
539,1084.433553,15243.0173,1835.874664,677.5213715,5686.526119,52.43758436,2621.212025,6177.247303,11903.94442,3682.509169,1196.24649,50160.97,4.15E-11,1.93E-10,5.37E-12
540,1069.64133,14932.06604,1781.025198,647.5661845,5520.630999,51.11695369,2796.095039,6133.845863,12102.06896,3644.950347,1171.42308,49850.43,4.25E-11,2.18E-10,-1.32E-11
541,1615.162681,17183.00554,1252.000184,731.9618464,7034.366515,64.00747412,1839.992863,5040.684397,10153.85187,2974.548605,1007.28,48896.85,7.25E-11,0.011973301,7.95E-13
542,2174.921403,18900.5166,1094.930244,1041.004859,8501.794241,74.96790732,932.551411,4349.749735,8312.870779,2336.786693,1010.59,48730.64,2.23E-10,0.043870935,8.12E-12
543,2175.078259,19070.23324,1663.022096,1052.665526,8654.743452,76.33315206,375.4834763,4393.027214,8404.19118,2366.976298,1012.24,49243.95,2.04E-10,0.043889447,-8.89E-12
544,2241.353584,21386.34618,2334.521518,1200.088059,8874.664528,78.01762126,19.76028075,4479.953959,8187.232269,2376.954962,1008.94,52187.79,1.98E-10,0.042959361,4.09E-13
545,2271.35142,23883.89524,2425.560168,2290.837854,8695.346618,76.50415279,0.338132151,4431.262641,8163.320872,2354.961456,1025.31,55618.64,2.12E-10,0.04855749,3.19E-12
546,2233.839155,23477.88865,2313.770262,1483.983616,8558.118086,75.22852339,0.076547877,4339.333075,8182.604563,2386.007832,1022.22,54073.02,1.93E-10,0.05030517,7.96E-14
547,2240.577392,22688.98871,1670.760336,1395.509367,8593.15841,75.46130463,0.019501259,4388.030774,7762.497761,2405.466484,1047.34,52267.76,1.83E-10,0.050042614,6.96E-12
548,2195.310119,21253.12399,669.0365123,1772.978937,8062.410583,75.32308802,0.019284958,4362.689543,7328.983275,2423.428332,1028.51,49171.76,1.75E-10,0.053665957,5.40E-13
549,2111.854717,17184.65581,568.9032737,1312.568236,8095.407796,75.70056962,0.019875696,4304.700889,7223.64605,2393.654151,1044.67,44315.72,1.89E-10,0.061363482,6.19E-12
550,2015.071887,12124.11515,481.9963783,1132.928517,8111.830493,75.58316077,0.019691958,4351.923855,7122.374592,2444.058316,1013.03,38872.87,1.65E-10,0.062037815,8.86E-14
551,1357.922581,8744.117625,401.8006847,748.3121635,8183.089717,76.3046635,0.02082107,4488.003336,7152.291496,2026.565366,727.86,33906.23,1.42E-10,0.058453714,-8.19E-13
552,1334.97164,7888.026372,411.2559655,586.2081384,8276.056777,77.37546735,0.022496819,4451.906787,6947.264324,2023.705081,734.02,32730.76,1.40E-10,0.053048634,-1.03E-12
553,1242.392303,8076.456386,381.8995213,575.9667037,7928.874346,74.38333577,0.017814297,4341.867431,6623.290496,1951.439517,702.68,31899.21,1.67E-10,0.057852873,5.05E-12
554,1195.065181,7195.393644,367.7730489,566.9267734,7709.264576,72.42082428,0.014743074,4206.388207,6479.96316,1870.049989,739.83,30403.03,2.14E-10,0.06014609,9.76E-13
555,1118.151449,6558.43019,340.9404,553.3403043,7388.727944,69.39007113,0.010000112,3921.723269,6914.625261,1768.86518,697.99,29332.13,3.33E-10,0.064068175,-7.40E-12
556,1043.360526,5874.419134,350.9138425,565.3584519,7429.624679,69.63531701,0.010383908,3795.437601,6851.895141,1729.662447,754.81,28465.06,4.21E-10,0.067524492,2.08E-12
557,1171.311321,6984.576341,359.175428,580.2823089,7746.834154,72.36837565,0.014660995,3758.039903,7314.665403,1799.986463,730.19,30517.38,3.60E-10,0.064358965,1.65E-12
558,1462.811123,10421.48036,659.1114777,646.8546009,8526.631599,79.32623453,0.17884764,4555.650751,8102.791394,2312.166732,963.91,37730.87,1.72E-10,0.043122891,-3.68E-12
559,1592.062987,16823.62093,1098.916917,1164.886406,8438.79924,78.67655801,0.073598864,4553.83701,9054.473326,2450.947473,776.66,46032.92,1.63E-10,0.034441829,6.31E-13
560,1539.623336,18866.9137,1521.236037,1178.589972,8208.74123,76.71206317,44.43470064,4488.125006,9062.613489,2400.219473,916.6,48303.77,1.86E-10,0.0390024,1.49E-11
561,1538.307389,19544.22422,1598.797238,1293.084795,8086.010835,75.73110705,305.7496466,4423.136417,9303.503074,2376.234344,1021.71,49566.45,1.99E-10,0.039061728,6.28E-12
562,1516.150261,19902.34016,1579.55539,1444.094836,7972.812365,74.74408233,721.9063659,4448.350259,9153.943389,2366.721132,1002.41,50182.99,2.04E-10,0.038240509,2.12E-12
563,1530.481198,19851.23796,1622.431714,1228.098684,8027.471555,75.20798546,1050.343171,4463.42433,8966.768322,2383.628684,1021.93,50220.99,1.95E-10,0.033601395,-4.53E-12
564,1519.048407,20057.18965,1576.56567,1350.323085,7975.029787,74.74750051,1158.820352,4390.991212,8920.246319,2412.26184,1022.06,50457.25,1.80E-10,0.03381989,2.20E-12
565,1513.763482,19608.80376,1562.563438,1141.171142,7924.701474,74.3068714,1280.008031,4419.1649,9090.683921,2401.11786,1022.25,50038.5,1.84E-10,0.034881476,2.96E-12
566,1532.253422,19158.46306,1826.059833,1012.764986,7965.124801,78.84005041,1011.280857,4427.294268,9255.725764,2398.459257,1022.32,49688.55,1.86E-10,0.036296702,-6.18E-12
567,1560.214568,19617.09433,2464.574921,1251.108157,8107.901459,76.06611311,510.8548365,4208.870344,9057.438787,2418.913115,1022.05,50295.05,1.76E-10,0.03663588,1.09E-12
568,1601.554523,22645.41768,3122.505992,1275.35032,8292.667694,77.52384807,49.57569508,3915.200966,8807.536432,2400.783629,1022,53210.08,1.86E-10,0.036775341,1.17E-12
569,1576.817489,25056.02964,3918.202093,2496.607295,8156.153025,76.37346108,0.314423066,3639.55671,8329.259194,2341.099873,1022.27,56612.64,2.21E-10,0.043205328,-1.58E-11
570,1601.940578,24483.05607,3915.814738,2509.921438,7979.275188,81.32606294,0.076559397,3905.960159,7740.743418,2379.313641,1022.11,55619.49,1.97E-10,0.04785165,1.94E-12
571,1603.673835,23363.81113,3279.159798,1925.207184,7986.089151,93.65413619,0.019289842,4280.949092,7738.765583,2437.848952,1021.9,53731.02,1.69E-10,0.05815637,-3.63E-12
572,1620.615248,20742.96666,2900.327671,1765.374311,7962.527403,88.37005293,0.019001618,4403.015668,7501.396471,2454.030649,1021.88,50460.46,1.62E-10,0.063139655,6.22E-12
573,1619.023293,16760.43219,2204.86122,1685.275877,7987.76675,75.44142824,0.019500671,4398.928239,7504.366371,2378.819787,1022.05,45636.92,1.96E-10,0.064650692,-2.11E-12
574,1556.287235,12455.6015,1577.673986,1378.285602,8005.285151,75.49614372,0.019586432,4381.351376,7420.532967,2414.412581,1010.91,40275.79,1.79E-10,0.066124861,-9.45E-12
575,1442.544311,9967.293128,505.143831,812.7543861,7863.297602,74.29390038,0.017702038,4349.772201,7242.348516,2184.062265,916.06,35357.53,1.79E-10,0.05784223,-8.54E-13
576,1380.665959,9595.522412,126.0775874,693.6582917,7888.206883,74.66583232,0.018285004,4275.688833,7291.407781,1973.540669,828.01,34127.41,1.79E-10,0.052531439,5.48E-12
577,1452.580897,9714.690236,123.5792673,653.0746023,7687.876423,73.32232513,0.016179193,4042.006778,7112.02507,1967.551008,847.68,33674.35,1.82E-10,0.052787116,-2.04E-12
578,1357.235103,9420.532981,114.0892778,733.8015189,7564.727369,72.44147627,0.014798552,3957.60884,6730.066123,1920.976973,826.87,32698.31,2.11E-10,0.054460729,1.36E-12
579,1186.752548,9345.80154,138.5564802,702.7861817,7572.763899,72.45206217,0.014815145,3902.594833,6549.711933,1677.700713,818.52,31967.6,2.49E-10,0.055005625,3.98E-12
580,1177.143587,8959.723922,175.0448951,646.841127,7549.487826,72.20911019,0.014434342,3802.597605,6350.946457,1823.319472,843.2,31400.47,3.21E-10,0.058434765,-4.32E-12
581,1417.991183,10155.6156,238.1628934,704.5191362,7871.722083,75.28873613,0.019261342,3718.995267,6426.295787,1952.945044,892.54,33454.04,2.74E-10,0.054996096,-1.31E-12
582,1744.230436,14194.41027,951.59939,1071.743063,8534.284149,81.45376213,0.14462196,3874.893194,6634.626624,2474.126807,1031.58,40593.05,1.50E-10,0.042319057,4.00E-12
583,1750.333638,21529.50061,1917.051489,1421.972923,8512.207025,81.34664166,0.086269475,3974.611269,6518.784936,2537.099388,1042.98,49285.93,1.35E-10,0.044185859,-2.21E-13
584,1682.942686,23910.22413,2410.67774,1547.336632,8171.908368,78.32819783,349.7099109,4011.61785,5832.823283,2448.047484,1011.6,51455.17,1.64E-10,0.046284042,-2.18E-12
585,1597.816911,23585.40484,2466.67318,1436.280767,7720.859023,74.73540869,1912.362722,3805.057677,5285.617756,2334.760735,624.89,50844.41,2.26E-10,0.049013588,-1.09E-11
586,1505.186201,21863.48389,2277.662963,1292.312753,7309.41042,71.16040274,3458.141413,3579.406379,4809.90485,2244.395133,848.95,49259.96,3.25E-10,0.054403878,1.08E-11
587,1486.215108,21025.73659,2054.197491,1385.8213,7194.921803,70.05600284,4065.846761,3280.664711,4685.239277,2224.705281,857.97,48331.32,3.57E-10,0.05432517,4.94E-12
588,1485.533944,21663.72644,1770.373352,1584.237298,7203.020536,70.28904608,3916.425009,3275.652201,4244.983134,2237.643281,860.45,48312.28,3.36E-10,0.054238643,8.49E-12
589,1554.436641,22911.32228,2012.545475,1483.965214,7426.473134,72.36723381,3041.459257,3261.440973,3819.903175,2307.269029,1035.88,48927.01,2.48E-10,0.05241705,3.85E-12
590,1589.806026,24945.12502,2458.333375,1609.251869,7502.495197,73.91953355,2154.652002,3004.405839,3354.057787,2319.007581,1038.67,50049.67,2.38E-10,0.054229354,4.03E-12
591,1651.087923,27315.58747,3050.70971,1449.071547,7756.718335,76.90972046,911.0712743,2881.188982,3485.374757,2397.052845,717.88,51692.6,1.88E-10,0.052561241,1.01E-12
592,1720.530944,29974.17872,4194.32592,1831.200342,8015.362205,79.40712136,80.67102737,2955.203003,3412.647921,2430.081936,1035.54,55729.1,1.72E-10,0.049142118,3.56E-12
593,1722.554928,31679.49302,5583.29301,2877.950753,7801.194516,78.08888347,3.426373473,2870.2132,3234.636227,2411.66488,1013.13,59275.59,1.80E-10,0.055786815,8.12E-12
594,1703.72199,31195.86527,5462.498217,2777.218049,7662.740064,77.58481643,1.113412259,2977.543558,3168.923351,2464.437279,1030.86,58522.45,1.58E-10,0.056011317,-2.79E-12
595,1698.95207,31591.13696,4815.313205,1621.422425,7647.368487,77.8141731,0.022617058,3093.25334,3116.761138,2465.162594,1038.35,57165.5,1.57E-10,0.057007027,1.30E-11
596,1701.0848,30748.75894,3640.308612,1475.245471,7633.528267,77.73709197,0.022672449,3149.20291,2966.556893,1432.805675,1036.83,53862.03,1.58E-10,0.051334232,-1.13E-11
597,1647.05881,27999.73183,2021.883291,1528.421463,7497.677143,76.19182172,0.020709296,2829.865475,2911.851797,1337.395399,1037.51,48887.55,2.09E-10,0.057743535,-4.94E-12
598,1642.459725,24225.96357,1033.725308,1510.776712,7302.172925,75.84914921,0.020171349,2301.690838,2850.250009,1367.034738,1027.62,43337.49,1.91E-10,0.073149272,-5.90E-12
599,1607.765777,21241.21299,106.4716128,1001.779185,7270.828419,75.45445525,0.019551735,2166.363695,2864.993089,1397.106599,1031.32,38763.23,1.65E-10,0.085369071,-2.52E-12
600,1586.555411,20648.77077,88.56914128,832.5036127,7288.901904,74.76091096,0.018462969,2092.570327,2834.283371,1352.308826,1000.59,37799.74,1.81E-10,0.092732574,-3.43E-12
601,1547.493132,20683.33652,87.88246067,817.6814399,7098.74231,73.13112745,0.015904439,1835.537047,2688.153321,1327.676228,1039.8,37199.35,1.86E-10,0.099495123,-7.96E-12
602,1505.68199,19544.18459,106.70457,706.240719,6928.041527,72.79321307,0.015373961,1537.805393,2427.598601,2338.082162,1030.8,36197.85,2.00E-10,0.098134766,2.55E-12
603,1465.269926,19137.36622,153.4572792,686.831366,6816.059406,71.63027506,0.013548313,1249.374812,2229.539367,2269.738924,1022.49,35101.67,2.58E-10,0.101127533,1.66E-12
604,1502.10299,18461.91589,355.9921405,680.9252168,6949.320286,71.3875347,0.013167245,929.4618864,2257.955211,2215.787649,1024.35,34449.1,3.37E-10,0.111971897,4.63E-13
605,1507.513045,19551.45674,993.4408769,702.8000595,7264.135916,74.16771566,0.017531736,918.6795273,2202.338684,2219.173054,1037.46,36471.08,3.34E-10,0.103147918,4.86E-12
606,1748.145662,23806.46774,2404.732297,766.1544475,8041.975405,81.27010638,2.2007704,1083.612956,2578.570139,2479.848415,517.73,43510.64,1.49E-10,0.067938853,5.50E-12
607,1755.429733,29368.92872,4162.953607,1442.125015,8034.164628,81.24454767,0.085924086,1069.690868,2393.809894,2534.607792,1025.25,51868.23,1.36E-10,0.060730632,2.09E-12
608,1694.959101,31457.68634,5210.194933,1546.125813,7659.462045,78.21939056,221.2975537,988.7534774,1980.727347,2450.525924,1034.84,54322.73,1.63E-10,0.061925497,-1.63E-12
609,1633.552997,31234.19695,5404.82314,1767.633199,7228.785736,75.51468941,1208.931035,886.0521,1705.134538,2366.620171,1037.62,54548.8,2.03E-10,0.06454991,-2.71E-12
610,1560.761126,30072.71391,5535.550235,1346.773659,6925.624882,72.7227287,2482.865498,887.2102434,1446.419933,2311.704333,1013.71,53655.99,2.43E-10,0.066551925,2.67E-12
611,1523.550928,28882.74238,4898.877743,1296.63434,6873.56528,71.08918768,3461.507084,886.4016716,1296.106632,2267.265067,1021.59,52479.26,2.91E-10,0.070317075,1.29E-12
612,1504.038117,28303.04859,4592.313711,1196.679374,6858.660187,80.71212626,3691.989302,853.2721378,1300.116873,2262.431281,1008.58,51651.77,2.99E-10,0.071698713,-7.29E-12
613,1554.729235,28161.82948,4304.899432,1232.233457,7023.167986,75.15016406,3077.435026,958.7912049,1399.88976,2242.324012,1023.3,51053.68,2.57E-10,0.069755878,-1.55E-12
614,1637.357272,28518.6116,4248.297945,1307.745295,7158.194535,73.54380651,2381.404145,1004.330132,1692.079055,2250.835614,1034.87,51307.2,2.48E-10,0.069397788,-2.53E-12
615,1757.406914,29416.88709,4922.873296,1300.162705,7473.41795,76.3529106,897.9611284,1058.761121,2122.697141,2375.756323,1015.72,52417.93,1.99E-10,0.066576597,-1.12E-11
616,1993.511996,31214.2118,5570.67368,1739.675514,7628.468062,78.89284257,61.63357005,1143.305687,2431.125806,2413.934012,1050.54,55325.91,1.78E-10,0.062971977,2.04E-12
617,2334.828523,32651.9772,6212.577802,3062.360881,7491.130351,77.92815277,4.423160236,1246.39258,2599.436117,2411.835396,993.26,59086.08,1.79E-10,0.070163537,5.61E-12
618,2305.235251,32237.3771,6281.127289,2171.952772,7399.945505,76.62790865,2.148822716,1217.51503,2837.700143,2426.402887,968.69,57924.65,1.73E-10,0.072708111,-2.42E-12
619,2282.051798,31169.09346,5065.201086,1777.653541,7425.465646,76.0951126,0.020053771,1181.611811,3089.592473,2408.219294,994.18,55469.11,1.81E-10,0.074274806,-1.29E-12
620,2270.551946,29403.3299,3118.709412,1437.141467,7371.027303,75.50328887,0.019295199,1179.326243,3573.420314,2362.355539,1008.45,51799.76,1.96E-10,0.074710446,8.75E-12
621,2272.594691,25407.81428,1848.458938,1401.288569,7326.769668,74.96279157,0.018839042,1274.747386,4217.469479,2298.830423,1012.76,47135.64,2.42E-10,0.075068685,1.13E-11
622,2281.288182,20692.0474,893.2568565,1353.022019,7306.227757,74.73737285,0.018484052,1388.097571,4814.271254,2345.223514,998.11,42146.21,2.06E-10,0.090408369,-8.17E-12
623,2162.259946,16348.06766,677.4455289,673.9945801,7304.562991,75.12501281,0.019094509,1640.617059,5492.579776,2370.328167,1011.31,37756.22,1.80E-10,0.089816818,-4.17E-13
624,2196.43569,15249.05873,100.5121768,548.732289,7288.812906,76.24721873,0.020861762,1830.052521,5670.908753,2365.173539,1006.77,36332.64,1.79E-10,0.084684449,-1.17E-11
625,2152.660972,14371.03123,87.83506563,528.9376166,6983.604504,73.51219412,0.016554637,1861.127174,5714.931027,2227.501027,943.7,34944.77,2.00E-10,0.087366049,-2.60E-12
626,1981.778497,12677.42147,81.25932065,515.5562277,6882.547146,71.33743915,0.013129826,2100.186717,5658.692611,2199.236373,950.49,33118.43,2.32E-10,0.088929399,1.21E-12
627,1983.587398,11343.9531,78.92595677,503.7169804,6751.032849,69.76752827,0.010657525,2382.120016,5659.306788,2051.831122,911.9,31736.06,2.85E-10,0.092393096,-2.12E-12
628,1961.46878,9729.489686,79.50031031,504.3662648,6741.412355,69.60353966,0.010399275,2621.979443,5730.387736,2025.23309,915.6,30378.96,3.32E-10,0.091605152,-3.47E-13
629,1956.008298,9377.409323,89.90980792,496.1343574,6687.660399,70.63632614,0.012025711,2820.948587,6047.828336,2014.184893,901.62,30462.27,3.51E-10,0.082351604,-5.09E-13
630,2089.937221,10612.99192,159.194843,542.1113303,6953.379918,73.31321954,2.146171616,3107.907004,6503.018195,2057.734279,845.49,32947.16,2.90E-10,0.064105295,2.71E-13
631,2193.027226,12533.86856,298.3789976,801.281304,7188.626432,75.48535273,15.35391551,3250.962838,6951.498295,2339.909582,827.92,36476.26,2.20E-10,0.052500379,2.72E-12
632,2312.260838,15243.69839,593.1051187,1085.416831,7257.715489,76.3270649,222.0225088,3519.997058,7162.074098,2373.199487,867.69,40713.46,1.99E-10,0.046885859,-1.51E-12
633,2297.796405,17413.00635,854.6187246,1063.51447,7020.785723,75.56301458,759.3339798,3761.609358,7344.092522,2372.484242,1018.95,43981.71,2.00E-10,0.044783313,-7.70E-13
634,2249.008147,17695.30236,818.5789837,1097.944883,6842.430355,74.07750995,1174.328224,3994.127202,7628.676996,2357.3693,1037.76,44969.56,2.08E-10,0.043962033,-6.24E-12
635,2242.154338,17771.20085,810.6050489,1099.237125,6921.955036,73.73223875,1157.447839,4093.501475,8122.802183,2345.328578,1024.54,45662.46,2.17E-10,0.044714473,-5.29E-12
636,2234.425618,17721.85625,790.6114292,1176.531216,6769.870635,73.59006348,1030.418286,4308.972418,8495.682575,2364.728707,1054.85,46021.49,2.05E-10,0.047194491,-2.19E-12
637,2239.152863,17948.99812,629.65166,1017.108261,6797.116064,73.47166377,810.2114182,4350.414677,8292.667831,2337.144397,1034.18,45530.07,2.22E-10,0.046952915,4.08E-12
638,2257.733663,17289.87681,634.7909177,1002.72071,6850.334607,73.86705935,629.6411343,4405.784572,8059.148682,2333.740919,1004.86,44542.45,2.24E-10,0.049075246,-1.02E-11
639,2283.145034,17489.55105,749.4927414,977.7908465,7031.462319,75.06074813,286.0016101,4437.130107,7937.13448,2364.191009,991.87,44622.78,2.05E-10,0.049948318,1.19E-12
640,2336.356937,19490.76062,1164.873136,919.5282348,7279.352382,76.67000105,20.57626234,4500.141161,8025.016968,2336.435649,997.89,47147.55,2.24E-10,0.051352464,6.37E-12
641,2297.901387,21733.47534,2120.417119,1466.493996,7360.364905,76.09054843,0.371655949,4456.844874,8190.695023,2336.783209,1018.79,51058.17,2.23E-10,0.05805435,-6.73E-12
642,2249.218848,20750.81056,2118.084477,1371.160464,7255.610532,74.57422497,0.126593086,4352.901146,8308.034196,2345.370426,1047.07,49872.9,2.17E-10,0.061468184,-6.52E-12
643,2179.279659,18490.05267,1761.502993,1295.776298,7210.256441,74.04109015,0.016934188,4151.799545,8049.404644,2342.602202,1032.35,46587.02,2.18E-10,0.06247766,-2.53E-12
644,2167.179893,15961.59695,1239.804548,1213.377176,7216.518697,74.15800451,0.017245757,4290.287212,7691.053207,2354.587552,1038.03,43246.55,2.00E-10,0.060485103,3.16E-12
645,2189.263262,13464.37725,754.2801006,1063.903428,7247.948644,74.17128047,0.017620316,4317.484797,7459.470116,2280.54568,1022.58,39873.98,2.59E-10,0.062178445,-4.50E-12
646,2051.83414,10654.30801,675.444327,1019.262924,7269.693409,74.90746554,0.018781492,4218.299079,7077.770871,2330.176766,919.91,36291.57,2.16E-10,0.055773576,7.67E-12
647,1806.219452,8882.780065,592.6481142,608.8856245,7284.307913,75.97464527,0.02046474,4262.187282,6681.187012,2000.03394,913.02,33107.21,1.63E-10,0.054512076,-3.63E-12
648,1889.686272,8796.756141,463.5467206,591.1112754,7393.325875,77.0992308,0.022238535,4128.984647,6470.260432,1913.257136,726.54,32450.54,1.52E-10,0.049968376,1.44E-12
649,1989.675014,8483.438887,397.4918495,561.3507235,7236.55497,75.41858967,0.019587681,4004.920904,6188.744545,1903.368192,727.11,31568.04,1.55E-10,0.053262822,3.47E-12
650,2125.916921,7409.656314,337.7923296,498.4374318,7202.077588,72.80735392,0.015469013,3834.917415,5965.032813,1864.934594,734.66,30046.19,1.83E-10,0.058229281,1.78E-12
651,1950.249935,6781.15097,439.9406302,480.186052,7126.711409,71.33148912,0.01314115,3521.925115,5931.122016,1905.20173,733.49,28941.26,2.23E-10,0.062487606,4.70E-12
652,1788.440206,6461.197323,452.5892115,484.7469889,7011.328964,70.1489293,0.011275914,3277.864101,6072.383589,1862.240998,721.2,28202.09,2.68E-10,0.061587136,-5.35E-13
653,1811.957388,6526.288139,390.5929058,488.6717411,7090.555375,70.88397646,0.012435294,3472.161999,6038.96427,1868.968292,738.88,28497.88,2.60E-10,0.056521074,4.70E-13
654,1889.233959,7483.615694,450.0202615,514.711698,7341.185346,73.21702495,0.112806269,3531.261547,6354.295307,1937.642297,730.02,30305.27,2.13E-10,0.045941706,-2.39E-12
655,1899.480106,8945.140076,261.5448289,593.7257662,7278.97187,72.66095657,0.274285833,3685.883966,6699.609829,1921.920044,846.12,32205.29,2.30E-10,0.041728728,1.76E-12
656,2000.37626,10533.12693,310.8987953,818.3383933,7554.907907,75.23410116,133.1414626,4018.666374,6970.686518,1974.021155,763,35152.36,1.95E-10,0.037900703,-7.90E-12
657,2088.612004,12471.80461,323.7785267,1107.905889,7453.480728,78.43032887,810.4023434,4182.970997,7172.219981,2152.385595,892.19,38734.14,2.09E-10,0.041004735,-2.74E-12
658,2036.148112,12879.2368,319.649061,1226.186725,7255.709048,72.3994252,1749.788439,4097.893815,7503.817295,2327.074473,986.63,40454.49,2.31E-10,0.043194279,6.43E-12
659,2003.532455,12967.12118,296.8359441,1270.702814,7105.98211,71.63328032,2144.470321,4087.862592,7756.70301,2288.181854,1022.33,41015.31,2.67E-10,0.045565394,-1.82E-12
660,1999.37317,13153.85861,283.3884795,1329.120447,6919.277647,71.51942848,2230.569052,4183.585348,7916.58662,2325.617618,1022.53,41435.38,2.34E-10,0.046420237,5.53E-12
661,1972.048215,13675.98921,285.7482694,1200.158702,6989.048438,72.01133589,1575.670661,4260.139254,7938.246551,2356.141138,1022.75,41347.91,2.10E-10,0.041771257,-7.33E-12
662,1952.360009,13725.43517,305.2527935,1292.363918,7080.440859,72.87437152,1295.894348,4273.211088,7906.243924,2360.965039,1022.44,41287.44,2.08E-10,0.041519456,-1.27E-11
663,1999.083969,15253.44761,407.9970647,1450.022484,7494.323121,75.05354689,522.66968,4236.791963,7968.379557,2414.906557,1022.42,42845.05,1.79E-10,0.045556718,-3.70E-12
664,2187.95072,18401.90657,688.7757702,1533.338793,7763.120862,77.03121935,48.93802789,4376.520789,8043.768629,2380.965675,1022.03,46524.3,1.96E-10,0.047052261,1.47E-11
665,2330.703217,20484.78593,1173.841354,2865.936606,7761.158086,76.85885695,0.284621075,4307.921393,8188.49972,2358.864262,1022.08,50570.88,2.10E-10,0.054045501,-4.00E-12
666,2308.822083,19830.60809,1069.956306,2741.577883,7675.85775,76.09765855,0.061491355,4265.993518,8183.729975,2389.182504,1022.21,49564.04,1.92E-10,0.057254144,-8.44E-12
667,2297.605598,18622.69532,958.2736027,1423.739734,7614.265621,75.63881976,0.01941447,4222.841221,8177.021203,2378.957775,1017.69,46788.69,1.97E-10,0.058306107,-4.43E-13
668,2179.582413,16203.50864,605.0488998,1174.374441,7523.901044,74.83557946,0.018321331,4144.308243,8066.682863,2365.628271,1010.01,43347.84,1.96E-10,0.058711345,6.85E-13
669,2169.030254,12815.56668,523.3642993,1238.949227,7442.378205,74.09695361,0.017530733,4219.505082,7711.399474,2092.900869,923.82,39210.97,2.43E-10,0.058572239,-2.93E-13
670,2122.06729,9854.761529,443.0270478,1092.811947,7249.513471,74.152129,0.017617898,4191.570554,7340.848114,1674.77666,728.81,34772.3,2.18E-10,0.056360004,1.39E-12
671,1514.79331,7544.166395,383.3522371,595.2568142,7084.020118,73.32958906,0.016318466,4171.684751,7105.315169,1837.63982,441.73,30751.25,1.89E-10,0.054523322,1.85E-12
672,1494.321451,6962.678409,461.172018,524.7838147,7071.772655,72.76985318,0.015434207,4142.936451,7034.006451,1825.460518,582.44,30172.3,1.92E-10,0.057055663,3.47E-12
673,1549.526476,6919.442121,461.8282891,507.6780914,7101.475455,70.88862831,0.012462288,4140.113153,6677.13118,1799.017625,723.37,29950.42,2.10E-10,0.063480983,-1.22E-12
674,1403.362809,6065.035785,414.2695865,502.821708,7104.489758,70.1537874,0.011301402,4217.98954,6600.992538,1780.040525,724.04,28883.14,2.41E-10,0.067338796,-2.47E-12
675,1358.061946,5448.834387,324.9026554,494.304234,7045.859537,68.97353538,0.009436865,4148.704878,6608.064391,1715.814776,669.5,27882.96,3.24E-10,0.069776955,-4.81E-12
676,1445.253715,5592.047345,375.9521175,518.711558,7077.013928,69.36778261,0.010059689,4118.706006,6380.871468,1682.309734,177.24,27437.41,3.99E-10,0.073713898,2.92E-13
677,1750.835135,6809.997763,495.1211416,596.0780612,7540.034392,73.87354927,0.017177803,4180.046478,6529.083425,1699.493852,123.26,29797.77,2.95E-10,0.070975664,5.68E-12
678,2010.003217,10821.3055,1099.668121,669.3485794,8179.311628,80.90130605,0.141400522,4251.693264,7086.921355,2233.64816,980.6,37413.49,1.51E-10,0.052534549,7.06E-13
679,2206.015633,18582.34279,1712.397779,1876.700106,8123.351087,81.77488623,2.563543189,4233.691404,7186.7521,881.6658791,1033.64,45920.85,1.32E-10,0.045205657,-2.29E-12
680,2299.884174,20704.55713,1727.007391,1882.235268,7710.088558,77.87504036,152.6676564,4142.983251,6682.505004,2314.058282,1023.21,48717.03,1.71E-10,0.041753366,-1.96E-12
681,2449.325197,23193.41756,1838.371552,1676.850074,8226.22943,83.0867748,747.1826675,2480.071138,5161.338888,2475.969113,1021.48,49353.29,1.23E-10,0.032389689,-3.77E-13
682,2298.327964,21401.4397,1672.641865,1408.384943,7685.301765,75.99430215,1128.75277,3754.679589,6592.297359,2406.500454,1021.57,49445.85,1.82E-10,0.04070711,-2.11E-12
683,2306.165739,20742.47294,1894.372388,1430.9781,7706.11918,75.6022594,1511.357194,3888.739426,7001.512214,2405.941027,1021.73,49984.95,1.83E-10,0.040465494,-5.73E-12
684,2261.682669,19947.78802,2101.059442,1481.368417,7630.081698,74.90026385,1850.318772,3729.533184,7296.710618,2384.252045,1021.86,49779.51,1.94E-10,0.045123849,-8.37E-12
685,2253.764646,19555.26951,2165.996718,1275.886646,7676.04542,74.79422056,1673.646344,3750.342252,7172.850475,2371.642042,1022.04,48992.23,2.01E-10,0.048276077,-2.06E-12
686,2150.572864,19606.96489,2024.41326,1414.076502,7676.337966,74.70492455,1896.394637,3425.526571,6855.515535,2336.942338,1021.86,48483.26,2.25E-10,0.049491323,7.08E-12
687,2247.711723,21177.37779,2475.456816,1371.311259,7944.676997,77.00738227,1170.363018,3459.671003,6623.260232,2394.621584,596.66,49538.07,1.89E-10,0.047808167,1.07E-11
688,2387.450354,24973.50563,3145.637853,1641.060714,8212.034255,79.36761802,162.2915846,3264.126657,6171.897261,2426.971947,392.47,52856.77,1.74E-10,0.043874105,9.13E-13
689,2480.116211,27768.61134,3572.601848,2303.259953,8474.565714,81.8796205,15.83643888,3149.819543,5999.608329,2514.786762,1042.34,57403.38,1.42E-10,0.045759645,4.34E-12
690,2423.448747,28203.05305,3483.054265,2474.630592,8272.510054,80.07366598,7.26761232,2927.697562,5498.392751,2536.688876,1024.73,56931.5,1.36E-10,0.047175204,9.07E-12
691,2360.265316,27973.60985,3231.304722,2136.102171,8046.017995,78.25426054,0.023468093,2945.525063,5128.821788,2481.022996,1031.76,55412.66,1.52E-10,0.047632777,-2.38E-12
692,2344.192786,26385.23853,2321.284687,1689.404434,7769.952365,77.37297995,0.02228369,2938.620746,4899.480955,2422.626747,1034.39,51882.54,1.66E-10,0.046511826,-3.15E-12
693,2309.302671,22927.94449,1840.693025,1956.48561,7292.394999,75.89204313,0.020398803,2426.634506,4637.23512,2318.019732,1036.51,46821.07,2.24E-10,0.062594793,2.54E-12
694,2240.829743,19219.76653,1628.143093,1469.678847,6920.482148,75.35295056,0.019545808,2194.746652,4409.195961,2344.145549,1024.97,41527.26,2.00E-10,0.071021778,-1.37E-12
695,2235.97374,16052.29894,512.0131924,1108.152044,7090.986469,75.1495229,0.019223929,1974.32588,4325.528559,2390.154047,1039.63,36804.16,1.63E-10,0.071619009,-2.91E-12
696,2251.488193,15505.48789,400.6985144,765.2575136,7190.546537,75.76567987,0.020198861,1870.950064,4298.156277,2295.692132,982.74,35636.73,1.54E-10,0.072997999,-6.31E-13
697,2237.509534,15810.89288,141.7657082,738.567313,7082.847367,74.64054081,0.018418577,1709.209739,4154.755023,2293.935961,989.45,35233.51,1.53E-10,0.082483453,-3.79E-12
698,2236.884336,15045.23658,140.0632212,825.2310567,7043.388556,74.14685905,0.017637435,1654.510945,4220.432752,2287.659582,982.01,34509.5,1.66E-10,0.081527799,4.54E-12
699,2222.840786,14756.22462,158.9295038,697.137181,6953.151131,73.20593915,0.016148638,1588.216902,4200.849845,2226.38389,972.86,33849.73,1.97E-10,0.085941331,8.04E-13
700,2230.015099,14456.6651,187.1950866,693.1086466,6991.321312,73.52753707,0.016657496,1570.713259,4089.181459,2193.707873,972.91,33458.27,2.24E-10,0.092031307,5.23E-12
701,2296.936273,15135.83931,366.1252687,723.9605085,7322.829478,76.06485166,0.020672234,1659.36858,4520.576526,2280.203076,1023.05,35404.89,2.40E-10,0.084539945,-3.11E-13
702,2480.463503,18965.22623,1348.812146,904.5176651,8088.974751,82.76714151,0.156385613,1868.432871,5392.165495,2525.911055,1033.67,42691.04,1.30E-10,0.057247873,3.48E-12
703,2467.528681,24893.77017,2875.440398,1642.760258,7970.940459,81.56692535,5.646317022,1897.221869,5494.339553,2509.021836,1045.42,50883.6,1.28E-10,0.056462604,8.60E-12
704,2375.095132,26689.60348,3125.132576,1846.720537,7553.329132,78.53784713,529.908941,1612.80068,5095.758847,2432.132885,1007.74,52346.7,1.66E-10,0.060060095,2.88E-12
705,2268.970423,25947.65372,3227.065289,1680.777407,7195.365938,75.2703262,1997.667831,1493.031053,4946.166839,2332.392992,939.62,52103.92,2.23E-10,0.06182202,-3.52E-12
706,2148.498279,24391.67541,3036.684891,1414.417454,6819.5693,71.76043069,3344.483913,1414.640816,5061.313608,2251.319696,937.09,50891.39,3.11E-10,0.063801452,5.32E-12
707,2132.850146,22702.37753,2927.373767,1280.04496,6728.857709,70.71236987,3981.838516,1417.289018,5234.764114,2223.796589,942.52,49642.36,3.57E-10,0.064723794,1.24E-11
708,2162.789528,21622.22543,2811.834791,1276.841445,6759.275091,70.90991585,4043.242479,1674.902271,5488.820271,2233.41434,982.55,49126.74,3.40E-10,0.065561176,-1.54E-11
709,2188.333924,21886.79102,2835.086915,1236.827121,6922.750056,72.47031631,3295.127886,1737.370244,5678.464332,2283.161163,1001.04,49137.36,2.72E-10,0.06297783,-7.17E-12
710,2246.310579,22959.46512,3076.989341,1333.245609,7230.364843,75.52398162,1991.527642,1840.828443,5923.739189,2346.265717,1050.61,50074.81,2.18E-10,0.060465066,1.29E-11
711,2280.072352,24596.50273,3595.373758,1500.932022,7553.627431,78.47426766,847.053769,1767.112,6142.161362,2427.170024,1012.96,51801.38,1.73E-10,0.059712491,1.69E-12
712,2311.999288,27190.90145,3985.703079,1400.127141,7757.477704,79.39896679,88.7865161,1972.429026,6449.221624,2447.695133,1037.58,54721.26,1.65E-10,0.059930888,-6.60E-12
713,2249.925722,29059.0034,4534.736741,2403.482951,7632.012006,78.02787119,7.809742663,2150.195487,6776.431848,2410.922131,1024.28,58326.76,1.81E-10,0.067899099,6.86E-12
714,2267.85859,28040.17274,4435.130845,2050.950834,7540.255717,77.19432363,0.222830826,2375.637754,6929.711707,2454.744635,1000.38,57172.19,1.62E-10,0.069972958,-1.96E-12
715,2322.188286,26911.89376,4108.098327,1261.968147,7540.129823,77.3717761,0.022144493,2485.607601,7329.197787,2453.042836,1031.34,55520.79,1.63E-10,0.070491979,-2.15E-12
716,2317.425887,24993.96745,2575.762541,1195.415965,7522.781718,77.26125584,0.022144807,2738.242211,7032.491409,2411.59194,996.4,51861.29,1.71E-10,0.07252163,-1.61E-13
717,2296.155592,20873.20498,1213.225941,1172.996129,7438.310377,76.2530589,0.021003263,2973.250212,6749.829133,2334.032335,1024.6,46151.8,2.12E-10,0.078761631,-4.76E-12
718,2147.271215,15222.87306,1002.921553,1172.848331,7304.408215,75.05421467,0.019103351,3235.091061,6721.334852,2333.165162,1008.86,40223.77,2.05E-10,0.076770112,1.04E-12
719,2072.332118,10801.34015,915.7888716,658.7574626,7299.631037,75.09784417,0.019172495,3356.223441,6807.928408,2077.881078,715.62,34780.55,1.64E-10,0.069581443,5.27E-12
720,2074.461623,9518.435282,859.0095234,634.7009797,7356.680851,75.59559149,0.019961318,3630.818404,6759.404535,2058.15974,725.3,33692.52,1.65E-10,0.066489854,1.72E-12
721,2206.045734,9190.263982,677.6495344,607.2865575,7238.61418,74.28805583,0.017889154,3740.24508,6670.062356,1848.112724,708.64,32961.16,1.69E-10,0.066094153,-2.08E-12
722,1965.925893,8545.821662,290.60862,595.0597179,7085.267444,72.59255909,0.015202154,3772.829365,6764.249363,1803.763861,721.08,31617.15,2.08E-10,0.063687164,6.25E-13
723,1789.480068,7594.793434,284.2895867,571.7107066,7065.369344,71.78221086,0.013917926,3777.229357,6840.311054,1757.091867,722.85,30474.86,2.49E-10,0.061545502,-3.23E-12
724,1712.665608,6731.541603,280.0328532,586.064229,7131.447162,71.83169412,0.013996346,3829.195256,6988.012882,1718.109581,722.76,29771.61,3.02E-10,0.064864744,9.69E-12
725,1819.504331,7408.236778,573.9161862,684.7767866,7493.269031,74.83303371,0.018752827,3966.713128,7098.805824,1963.217414,728.95,31812.17,2.48E-10,0.071265616,-1.64E-12
726,2099.755139,11078.59813,1160.471894,743.328715,8293.447615,82.14794569,1.182072384,4246.478852,7782.283274,2515.462086,1022.04,39025.15,1.33E-10,0.045725756,-7.85E-12
727,2399.527529,17312.91612,2333.49381,1459.338365,8385.097267,82.48222114,1.710128504,4287.130215,7951.995682,2506.414783,1022.11,47742.18,1.29E-10,0.036123693,4.13E-12
728,2364.48288,19186.22592,2849.586396,1669.001757,8110.847503,79.28167461,126.0288409,4206.514756,7637.994415,2461.664892,1022.53,49714.12,1.55E-10,0.039037747,-1.66E-12
729,2326.859143,19001.10488,3032.946469,2163.168497,7997.449015,77.74372167,848.1783847,4020.829513,7487.69334,2416.919137,1022.51,50395.36,1.75E-10,0.042095449,5.15E-12
730,2234.227112,18016.56456,3081.382831,1836.755125,7716.81413,74.37214544,1806.241577,3944.485284,7519.865175,2356.537706,1022.52,49609.72,2.10E-10,0.045641086,6.12E-12
731,2186.914608,16999.56029,2947.280301,1573.512124,7638.87153,72.81595968,2597.090097,3894.34444,7687.326464,2316.865849,1022.23,48936.76,2.40E-10,0.051658953,-1.15E-11
732,2149.110961,16701.82668,2834.662974,1422.238175,7545.074588,72.0383381,3001.705474,3690.077987,7999.854941,2289.894171,1021.96,48728.39,2.65E-10,0.054293539,-2.29E-13
733,2175.891607,16929.45956,2687.277464,1059.848005,7641.5283,75.88044602,2848.386212,3733.027724,7999.566298,2315.241062,1022.01,48488.06,2.40E-10,0.056680482,-4.80E-12
734,2193.937283,16874.67709,2539.698186,1254.119097,7666.446567,75.11350124,2665.704134,3880.078403,7780.165827,2310.327181,1022.34,48262.55,2.46E-10,0.057266595,2.19E-12
735,2238.734015,18930.32334,2829.025766,1375.065801,8007.627118,76.36331327,1436.840278,3991.308735,7582.580448,2395.163946,1003.15,49866.13,1.89E-10,0.052759883,-2.11E-12
736,2345.035444,23424.12725,2992.229641,1475.647599,8333.149073,79.41338372,213.8723512,3994.968299,7428.894885,2435.030949,1022.47,53744.79,1.70E-10,0.048873565,8.46E-12
737,2369.839125,26753.66857,3496.030765,3168.698083,8252.212192,78.63850058,6.992920672,3595.466098,7054.736926,2418.401705,1022.72,58217.35,1.77E-10,0.05488414,4.79E-13
738,2346.88694,27010.76546,3450.19426,2385.053315,8139.806737,77.61106413,0.229733713,3865.99876,6718.603456,2462.961547,1022.5,57480.55,1.59E-10,0.061271894,5.00E-12
739,2341.189655,26105.8278,3123.273453,1886.412117,8137.749437,77.63327243,0.022582211,3916.191933,6443.246469,2467.106076,1022.5,55521.08,1.57E-10,0.07279362,1.56E-12
740,2337.195238,24142.51987,2322.943451,1540.286191,8142.607594,77.55157774,0.022630759,3863.63291,6246.083806,2463.779308,1022.32,52158.87,1.50E-10,0.072579978,4.20E-12
741,2337.516311,21125.18757,380.2730703,1793.077485,8146.37921,77.3115712,0.02271678,3459.230234,6435.373107,2413.787722,1022.36,47190.45,1.68E-10,0.068997259,1.14E-11
742,2324.070344,15773.2983,165.0641053,1338.250264,8134.107943,77.33954583,0.022761184,3707.249721,6834.855075,2449.388737,1022.53,41826.1,1.50E-10,0.076798403,5.18E-12
743,2302.517683,11284.41568,91.58115651,762.6001902,8292.954149,78.9425611,0.025305653,3760.639309,7365.934024,2106.337258,849.69,36895.57,1.20E-10,0.067317589,1.51E-12
744,2225.668953,10129.03415,61.11250935,679.4972586,8225.073458,78.27206699,0.024241376,3660.747018,7523.545458,1995.790316,797.3,35376,1.33E-10,0.065430656,-3.99E-12
745,2228.019955,10317.95068,41.82024274,593.8055318,7975.181861,75.69723033,0.020154334,3428.331244,7341.800667,1927.928547,771.51,34702,1.56E-10,0.066117418,-4.84E-13
746,2187.607955,9685.368797,28.00810212,563.393064,7782.968577,73.74610495,0.01705731,3403.596197,7141.562248,1889.296523,771.5,33527,1.87E-10,0.064625774,4.64E-12
747,2036.055447,9188.936018,26.45394576,548.553734,7674.056717,72.60575552,0.015247231,3287.911354,7067.299273,1829.709282,771.47,32503,2.29E-10,0.066773044,-3.11E-12
748,1984.217581,8544.105969,31.11590411,525.1427661,7664.824494,72.47921644,0.015046376,3412.931556,7044.548101,1792.432333,771.26,31843,2.71E-10,0.072966153,2.13E-12
749,1992.832627,9378.309689,136.7537078,556.6351114,7937.723645,75.19082205,0.019350511,3703.758945,7368.644725,1852.517262,797.68,33800,2.56E-10,0.065884053,-5.18E-12
750,2246.158422,13088.20513,660.707515,747.1143791,8647.505805,82.21880729,0.18303626,4072.536002,8024.297267,2493.001519,1044.12,41106,1.39E-10,0.047881342,8.02E-13
751,2420.621232,19590.43923,1361.934316,1198.803411,8658.659957,82.44041192,6.894876104,4024.139665,8394.064827,2513.143702,1037.9,49289,1.27E-10,0.041630958,7.53E-12
752,2328.674474,20975.29264,1357.224314,1529.306722,8269.764502,79.61521221,659.0719554,3924.523447,8151.451973,2443.349755,1012.77,50731,1.61E-10,0.044996343,7.99E-12
753,2246.104519,20190.22521,1285.717271,1281.779632,7960.340026,76.67229149,2219.466698,3851.313128,7967.19963,2360.790765,991.44,50431,2.04E-10,0.04917556,-5.09E-12
754,2115.497464,18226.48118,1217.831754,1037.393199,7569.592496,72.77744812,3669.848682,3715.804866,7929.20954,2224.668473,718.95,48498,2.85E-10,0.055099982,2.98E-12
755,2076.281934,16555.86303,1160.958284,1026.304809,7407.873844,70.11135165,4466.11123,3539.164287,8025.106141,2110.172438,1022.11,47460,3.52E-10,0.057347005,-6.71E-14
756,2071.588329,16435.67299,1133.212452,1119.386069,7348.368368,69.61086856,4380.405112,3520.864981,8158.853958,2213.275716,1021.89,47473,3.82E-10,0.128844222,9.82E-12
757,2110.996287,17731.71814,1182.81703,1003.785631,7573.900588,71.77651607,3524.540215,3606.132715,8169.301333,1852.065346,1022.09,47849,2.82E-10,0.12379713,4.16E-12
758,2183.708494,18652.73121,1312.226887,988.9418959,7801.617201,73.88439028,2599.301019,3723.2523,8212.691863,2309.653631,1022.04,48880,2.46E-10,0.048886073,5.22E-13
759,2269.773133,20114.49056,1772.947862,1039.518662,8121.641684,76.52043275,1386.009938,3844.190625,8466.981868,2355.281724,1033.69,50481,1.93E-10,0.046484561,-8.60E-13
760,2467.645597,22798.70856,2320.75553,1228.314942,8457.307707,79.63159638,251.653826,3865.621324,8452.15591,2443.64701,1001.6,53367,1.66E-10,0.041998266,5.99E-13
761,2496.174351,26178.56808,2610.679485,2401.785804,8469.477113,79.51797201,2.970103118,3843.868952,8364.420072,2443.535365,1037.05,57928,1.67E-10,0.047292888,-5.76E-12
762,2455.93395,26026.3717,2560.097438,2426.384705,8352.228315,78.17224996,1.262413128,4034.956245,8007.111412,2481.750729,1021.78,57446,1.52E-10,0.049156136,-8.50E-12
763,2463.589962,24842.77889,2248.541427,1859.477868,8411.268952,78.72235782,0.024262898,4040.027908,8045.161471,2497.016181,1021.45,55508,1.47E-10,0.059278347,-7.85E-13
764,2449.045368,22992.51169,1210.799811,1387.286753,8390.213342,78.22371635,0.023676075,4108.810569,7982.72298,2450.834938,1022.59,52073,1.55E-10,0.062844571,4.27E-12
765,2426.530581,19240.19926,249.5733676,1312.248373,8339.488713,77.17747362,0.022503927,4056.987884,7778.2989,2367.917455,1022.62,46871,1.90E-10,0.064506203,1.38E-12
766,2284.574625,13931.14902,190.4502478,1198.476642,8345.896735,77.07150739,0.022335726,3998.684978,7617.113191,2396.187804,1022.44,41062,1.71E-10,0.067086709,-6.55E-12
767,1750.49525,10788.07273,119.0977791,706.4063431,8235.947068,75.91687903,0.020502983,3859.704057,7447.282459,2195.557289,897.57,36076,1.54E-10,0.070352947,7.58E-13
768,1715.000196,10158.41973,94.74983525,586.331412,8214.587601,75.70762965,0.020170841,3950.214952,7177.879912,2186.596635,895.56,35055,1.55E-10,0.068078275,-5.60E-12
769,1737.326439,10331.88913,83.24883074,582.3408486,8106.440412,74.63532756,0.018468774,3979.143803,6792.69827,2131.192922,870.14,34689,1.51E-10,0.074452909,-8.17E-14
770,1743.171533,9992.034233,73.99346253,576.3851088,8066.11007,74.1581438,0.01771134,3886.61377,6420.415977,2128.095394,870.08,33831,1.61E-10,0.075402795,-5.50E-12
771,1744.940192,9540.562978,91.78272599,567.5773735,8071.625217,74.10716917,0.017630427,3868.886093,6127.903523,2150.344232,895.33,33133,1.78E-10,0.07713464,-3.45E-12
772,1594.539859,9646.479182,162.6634842,570.3482876,8109.716986,74.37161301,0.01805018,3751.491804,5779.432697,2123.49763,895.52,32708,1.95E-10,0.079592501,2.31E-12
773,1660.071966,11122.59589,272.6491228,589.8512949,8361.057405,76.90977444,0.022079007,3818.579305,5751.502208,2193.029433,945.8,34792,2.23E-10,0.068483528,5.52E-12
774,1921.190417,15654.61371,1021.701925,755.208012,9106.998722,84.3245562,2.236939513,3882.997168,6091.108819,2559.220358,1041.44,42121,1.23E-10,0.040623527,4.89E-12
775,2536.797706,23059.73918,2029.09916,1709.163645,9004.016203,83.28502097,2.998151826,3671.989853,5287.15713,2549.024031,760.77,50694,1.18E-10,0.040075705,-7.88E-13
776,2472.268189,25531.13929,2475.583152,1721.406212,8590.741933,79.43303339,430.9000812,3337.038097,4348.656244,2482.42641,1035.45,52505,1.47E-10,0.042646758,-2.30E-12
777,2063.995983,25584.80386,2577.957824,1799.188318,8221.548342,76.59693676,1777.195488,3072.950035,3754.82026,2397.209742,1038.78,52365,1.83E-10,0.046783497,-4.13E-12
778,1663.715606,24787.09907,2564.882084,1530.666631,7945.175719,73.69149491,3207.847856,3059.718871,3186.734515,2307.776566,1040.74,51368,2.47E-10,0.048409648,3.96E-12
779,1606.815855,24314.91543,2444.600247,1261.884625,7740.683555,71.55065149,4164.045152,2821.253299,2734.151859,2241.468526,1033.68,50435,3.23E-10,0.049199589,-5.86E-12
780,1603.953373,24665.4371,2879.695787,1180.992185,7709.365456,71.42436136,3923.112016,2447.031419,2495.838821,2244.473836,1030.73,50252,3.20E-10,0.054352897,-3.37E-12
781,1626.029273,25203.78044,3140.140705,1162.452445,7658.997025,72.32157874,3407.201879,2309.881143,2427.910179,2273.659376,1032.68,50315,2.74E-10,0.054045012,3.28E-12
782,1659.966051,26416.50772,3438.260619,1147.647199,7699.437746,73.73335192,2536.211485,2397.504837,2313.027899,2318.56966,1022.18,51023,2.37E-10,0.046571139,-1.55E-12
783,1736.209284,27896.71186,4095.23038,1130.584373,7999.832635,76.5155142,1312.073825,2020.311513,2300.803425,2384.695384,1022.08,51975,1.92E-10,0.048189068,-7.22E-12
784,1833.620452,29954.50884,5260.619685,1492.245829,8250.472758,79.0741915,213.1985526,1875.059856,2307.58282,2428.332913,1016.33,54711,1.71E-10,0.045902238,-1.01E-11
785,1844.056523,31645.69206,6489.8838,2927.88435,8238.103866,78.91767314,6.06117821,1688.290601,2268.452174,2441.369571,1033.34,58662,1.66E-10,0.051793509,-1.15E-11
786,1810.136412,31552.66335,6585.017146,3167.391262,8109.351424,77.70825096,2.30064035,1510.457647,2151.563195,2466.906291,1016.56,58450,1.57E-10,0.055614659,1.12E-11
787,1781.426963,31130.65859,6146.976026,2123.555487,8048.558366,77.3731776,0.02218083,1267.267267,2053.934645,2461.624542,1019.66,56111,1.59E-10,0.057249086,8.22E-13
788,1764.901221,30508.15681,4176.905016,1709.590856,8014.828438,76.98421179,0.021748386,1252.743303,2011.270471,2414.385191,1006.27,52936,1.69E-10,0.057269773,7.91E-13
789,1764.36697,28483.97361,2284.164323,1243.114742,7993.275429,76.73538549,0.021802199,1180.44153,2024.431451,2355.270594,1042.26,48448,1.97E-10,0.055832618,-8.33E-12
790,1746.973003,25338.73327,1079.398806,1170.627943,7848.550864,76.56368387,0.021529657,1115.712215,1983.349912,2392.293658,1028.84,43781,1.73E-10,0.064886507,3.05E-12
791,1717.869748,21949.31447,657.778448,622.2317953,7899.747605,76.7797787,0.021872665,1151.503508,2056.553668,2413.218679,1019.05,39564,1.51E-10,0.069571364,-2.33E-12
792,1742.282678,20481.76231,662.7936327,589.402757,8032.57002,77.79828225,0.023489337,1202.152736,2171.693118,2396.447768,1018.14,38375,1.53E-10,0.066787481,1.39E-12
793,1701.017805,20048.10907,699.5655288,522.8883322,7851.30605,75.64831879,0.020076697,1193.896433,2065.776853,2374.79764,1007.05,37540,1.58E-10,0.07611268,7.92E-12
794,1658.03253,18776.48154,680.0538854,506.8056352,7747.656773,74.21012578,0.017793851,1094.878377,2036.342943,2381.459521,1048.14,36004,1.66E-10,0.079119016,-4.06E-12
795,1628.843804,18185.342,646.6665691,474.8549988,7734.106522,73.32616287,0.016390735,913.8996589,1838.792343,2349.543762,1018.69,34864,1.81E-10,0.082211442,1.01E-12
796,1628.858348,17129.30342,639.8319656,468.4540271,7866.747108,73.6122683,0.016844871,925.9396905,1799.735428,2345.907869,994.67,33873,1.86E-10,0.076972122,3.58E-12
797,1665.822155,17304.75884,656.6130515,488.0587836,8019.49298,74.80077052,0.018731382,921.8524439,1789.816823,2359.653464,1012.18,34293,1.83E-10,0.068042128,2.52E-12
798,1723.358101,19413.91528,804.4562418,594.8324511,8246.228056,76.6571503,1.173424131,969.5646395,1897.625935,2402.655391,1024.58,37155,1.76E-10,0.046668482,-7.91E-12
799,1804.497073,22281.21457,1039.685577,981.4910638,8479.540248,78.68522908,13.07057913,964.9103293,2131.452978,2416.49396,986.99,41178,1.59E-10,0.031608169,-4.43E-12
800,1823.634612,25493.38647,1168.711127,1269.783165,8539.629435,79.11918332,149.3183995,1173.677945,2315.233483,2471.42639,1020.11,45504,1.51E-10,0.030209301,-1.30E-11
801,1791.0189,27240.31639,1851.928798,1461.328641,8438.784832,78.30769351,681.6198808,1339.205294,2385.076763,2466.225079,995.22,48729,1.54E-10,0.032271569,-1.37E-12
802,1752.162825,27206.53854,2265.054388,1180.533647,8318.121874,76.89044682,1334.153752,1392.760661,2759.233078,2415.425381,967.16,49668,1.77E-10,0.03459223,2.95E-12
803,1726.81741,27125.95975,2618.045886,1154.814151,8274.641692,76.43542522,1701.576371,1308.966186,2964.847785,2402.730618,962.2,50317,1.82E-10,0.035271815,3.73E-12
804,1736.10984,26925.84948,2894.633998,1096.884545,8261.499704,76.53411643,1688.994902,1267.085712,3179.897887,2402.129537,1021.42,50551,1.70E-10,0.039724171,-5.16E-12
805,1733.461125,26991.12067,2433.037882,1049.358512,8292.731736,76.70784883,1369.46562,1203.809887,3377.701314,2423.055196,1021.59,49972,1.70E-10,0.039794584,4.38E-13
806,1745.48293,26511.69288,2259.691693,1141.838273,8368.788117,104.7781015,1147.39417,1093.550651,3511.923332,2436.185583,1021.71,49343,1.68E-10,0.035727675,-6.68E-12
807,1787.225952,26553.83609,2622.325321,1138.828093,8463.458606,105.5497348,629.362981,1060.131264,3542.457826,2444.930959,1021.93,49370,1.65E-10,0.036826155,-2.36E-12
808,1840.727139,27865.02465,3359.1611,1449.460086,8676.107394,107.1640057,106.7111755,1136.793901,3517.062404,2457.743715,1015.08,51531,1.60E-10,0.035566631,-1.53E-12
809,1799.494343,29298.31225,4709.819452,2449.158781,8675.573463,106.7057096,5.169653944,1336.44348,3569.758157,2454.81532,1043.79,55449,1.62E-10,0.040610421,-6.54E-12
810,1760.6841,28893.93384,4571.335332,2844.656851,8544.503614,105.2084652,3.370373582,1366.851843,3370.795932,2464.31345,1001.39,54927,1.58E-10,0.043802047,-2.71E-13
811,1703.99357,28229.31051,3845.892116,1799.943096,8531.741254,104.8518559,2.045211129,1433.204608,3252.906584,2466.343925,1018.81,52389,1.57E-10,0.042731166,7.20E-12
812,1707.177697,25781.76177,2760.802507,1570.171617,8524.917261,104.9111855,0.022695869,1569.967077,3223.583872,2433.717426,1029.01,48706,1.61E-10,0.04310326,7.94E-12
813,1738.904818,23081.02643,1564.936725,1267.900662,8643.288905,106.0765898,0.024469695,1887.152081,3152.247425,2404.104807,1032.38,44878,1.72E-10,0.042912951,-4.67E-13
814,1759.055824,20216.37579,776.8012194,1012.226692,8648.950884,106.3551666,0.024893709,2159.090207,3083.566081,2446.346582,1006.26,41215,1.50E-10,0.053345385,5.00E-12
815,1757.64239,17012.32785,717.3646076,598.960126,8700.962462,106.7597599,0.025509528,2350.280222,2963.552307,2474.996981,1018.19,37701,1.31E-10,0.062219274,-4.04E-12
816,1727.643279,16299.99406,674.5470544,559.0908385,8595.448225,105.4831727,0.023566473,2634.663658,2823.439245,2427.2396,1021.5,36869,1.44E-10,0.072698614,-4.91E-12
817,1712.835438,15911.99492,691.9640702,541.2975417,8463.997297,103.6749728,0.020814266,2477.819378,2582.523052,2419.466071,1020.49,35926,1.44E-10,0.083550006,-5.15E-12
818,1689.899703,14965.87996,472.3623637,516.4087248,8384.231871,102.2533647,0.018650479,2377.631819,2540.843388,2423.22392,1007.33,34480,1.52E-10,0.083760044,7.26E-12
819,1649.801956,14294.45028,420.7797572,471.5433991,8390.27218,101.464399,0.017449618,2363.896898,2304.292002,2387.107622,1040.46,33424,1.68E-10,0.085944481,1.14E-11
820,1668.467431,13764.41502,399.840099,463.9651494,8438.261112,101.6523836,0.017735744,2309.476051,2153.208059,2381.089962,1022.69,32703,1.71E-10,0.083004441,3.22E-12
821,1676.724804,13759.0223,472.3057786,487.5031454,8546.781016,102.5919259,0.019165793,2178.451356,2107.128973,2395.228538,1003.32,32729,1.67E-10,0.077005779,-2.36E-14
822,1659.035404,14653.83461,682.4822242,588.3542503,8622.78094,103.2691696,0.161572841,2476.480988,2168.077253,2413.542266,1013.04,34381,1.70E-10,0.058678978,-8.47E-13
823,1727.619931,15640.75255,1122.458927,834.5054568,8776.956845,103.9049634,5.067886094,2572.445954,2254.850045,2407.555707,1028.93,36475,1.62E-10,0.048260735,-9.54E-14
824,1768.876764,17534.34307,1420.685644,1110.089962,8896.639084,106.1487823,526.3349828,2649.769027,2330.472289,2467.141847,1022.54,39833,1.52E-10,0.041448567,4.23E-13
825,1690.439267,20069.44719,1442.036619,1301.027383,8628.109023,103.5979536,2003.663023,2468.52119,2084.271877,2383.688456,1022.24,43197,1.90E-10,0.041979442,4.69E-12
826,1600.518493,20552.4022,1403.052735,1103.785962,8318.22144,100.097421,3411.44185,2350.015971,1889.570296,2276.28841,1019.65,44025,2.78E-10,0.044775474,3.84E-12
827,1548.009226,20389.81249,1542.506372,1051.762482,8140.343667,98.11129969,4200.445647,2262.074766,1836.152247,2238.680118,1023.15,44331,3.27E-10,0.048313588,-3.76E-12
828,1556.972953,21328.39495,1842.193486,1095.933231,8183.469769,98.65833625,3805.889586,2365.16868,1923.237864,2314.865297,1023.27,45538,2.39E-10,0.054149994,-1.03E-11
829,1576.973255,22092.59413,2035.618794,1277.081064,8303.840357,99.56029043,3240.899265,2388.178318,1914.963724,2363.909164,1022.44,46316,2.00E-10,0.058358565,-2.31E-13
830,1642.934793,23057.11042,2305.246313,1169.223075,8509.742127,102.0405769,2028.110057,2473.616983,2070.748184,2418.881266,1022.4,46800,1.76E-10,0.053794428,1.32E-12
831,1711.086793,24661.51285,2948.212237,1101.430751,8765.414081,104.6189609,1111.345217,2430.203163,2158.823886,2464.855158,1022.55,48480,1.57E-10,0.053096472,3.81E-12
832,1784.989624,26857.82482,4436.768226,1467.499149,9022.265687,107.2349222,213.4382836,2480.714508,2164.90394,2443.961672,1022.45,52002,1.65E-10,0.050837628,8.49E-12
833,1806.477667,29018.61738,5499.179909,2794.307369,9064.327406,107.5679585,9.309891641,2527.287499,2122.940534,2426.088798,1013.95,56390,1.73E-10,0.054410673,8.64E-12
834,1765.112621,28735.16204,5538.822564,2717.514452,8932.902689,106.1859207,3.425945282,2780.20468,2061.073239,2453.983706,1025.67,56120,1.61E-10,0.057854155,7.89E-13
835,1762.272812,28032.06725,5262.914313,1890.927703,8919.63675,105.8399661,0.046315691,2701.752561,2046.090492,2453.702851,1009.81,54185,1.61E-10,0.061011554,1.16E-11
836,1751.004776,26613.91577,3916.44276,1305.087877,8871.556886,105.4178993,0.022540789,2627.466805,2006.829777,2440.297333,1036.02,50674,1.66E-10,0.06242482,-1.53E-12
837,1742.027221,24421.33778,2202.951025,1541.365808,8814.644419,104.8706248,0.02174068,2482.818009,2029.130922,2362.297794,1024.6,46726,2.03E-10,0.06534621,-6.42E-12
838,1720.554009,21202.58931,1464.958337,1141.568761,8738.2534,104.0968197,0.020609386,2310.98273,1995.055681,2381.354497,1004.64,42064,1.88E-10,0.07415985,7.88E-12
839,1728.060089,17663.14177,1023.261585,530.2776248,8828.15954,104.9453909,0.021849987,2309.573738,2132.760633,2415.353278,1015.52,37751,1.61E-10,0.075495663,-5.56E-12
840,1717.692531,17254.63659,968.0476187,480.1109583,8701.218164,103.6287359,0.019925053,2186.658347,2156.634216,2356.962389,1037.47,36963,1.86E-10,0.079472149,-4.62E-12
841,1697.660566,17533.86608,1039.200303,471.5254372,8596.352879,102.532426,0.01832226,1880.750591,2220.435594,2356.281676,1015.46,36914,1.83E-10,0.083878502,-1.35E-12
842,1675.64183,16963.54229,789.7272973,436.5763961,8547.104644,101.8610363,0.017340697,1984.82984,2200.442153,2358.451097,1003.89,36062,1.82E-10,0.083921452,1.59E-12
843,1646.947139,16398.5498,753.2818201,418.2002743,8450.880337,100.8562294,0.015871681,2020.729618,2141.086812,2306.819213,1043.72,35281,2.15E-10,0.087119156,-3.18E-12
844,1649.906745,16177.18736,755.2667284,433.0717966,8482.886661,100.939179,0.015992952,1828.750878,2127.955829,2237.654992,1046.45,34840,2.88E-10,0.086164682,5.86E-13
845,1741.405116,17524.33802,869.0322362,505.3438818,8868.599999,104.903482,0.021788717,1758.319109,2408.568945,2292.081656,1023.46,37096,2.34E-10,0.074236275,-1.28E-12
846,1974.210312,21430.97122,2465.349827,665.9491279,9799.562247,114.5327046,0.215199163,2286.168106,3083.421482,2613.953488,417.71,44852,1.12E-10,0.043716263,1.10E-11
847,1992.760347,27716.85118,4189.884011,1407.325298,9712.59874,113.5408003,8.861205292,2353.889832,3132.666092,2584.183551,245.48,53458,1.11E-10,0.041057377,-9.91E-12
848,1874.313098,29149.00504,4816.941689,1593.437582,9213.736209,108.5125577,591.7952805,2121.432638,2934.901616,2496.029197,1018.94,55919,1.42E-10,0.044904996,-7.73E-12
849,1786.455938,29084.13341,4922.229994,1476.893377,8896.261982,104.3027015,1906.189796,2082.092511,2680.479622,2409.918003,1021.09,56370,1.77E-10,0.047334906,-6.55E-14
850,1708.32981,28034.40039,4788.443825,1232.70831,8624.254235,101.2974233,3074.057098,1966.864927,2622.932714,2328.562516,952.2,55434,2.27E-10,0.051243239,1.17E-11
851,1666.991392,27231.18682,5106.649098,882.5436874,8473.56246,100.7090916,3637.727168,1732.169396,2608.258444,2288.865526,1046.39,54775,2.63E-10,0.053079392,7.59E-12
852,1649.503236,27724.69911,4860.829987,855.1202211,8457.920475,100.6010327,3537.916622,1623.643115,2712.996174,2300.158887,1038.67,54862,2.53E-10,0.058856653,8.64E-12
853,1635.993782,27850.28139,5123.677016,964.1339985,8496.796624,101.0708225,3389.537534,1432.788921,2766.781131,2217.189284,1008.81,54987,2.31E-10,0.060503738,1.52E-11
854,1692.296703,28281.78316,5417.769515,984.7812556,8728.391061,104.0294378,2258.993556,1618.044387,2910.601172,2273.804894,971.56,55242,1.97E-10,0.055146451,7.89E-12
855,1759.045962,29346.26367,5930.954279,968.4696292,9012.9353,106.8659067,1272.319816,1768.485268,2996.210284,2441.863913,1046.64,56650,1.65E-10,0.05403132,-5.36E-12
856,1781.285711,31146.02141,6727.491092,1171.757207,9169.146766,108.4332,253.5701131,1833.099399,3042.654814,2448.09657,1005.5,58687,1.64E-10,0.05628767,1.22E-11
857,1816.738781,32615.7738,6679.841121,2102.458223,9179.912843,108.5427358,2.251830263,1613.986962,3118.261714,2445.043058,1030.25,60713,1.65E-10,0.061070594,1.96E-12
858,1800.846756,32656.61608,6757.421446,2129.723224,9069.425494,107.322932,0.38982688,1523.737329,3034.286798,2501.134154,1023.16,60604,1.45E-10,0.064037901,-4.79E-12
859,1800.032154,32419.09239,6602.882834,1944.805388,9053.18414,107.1559418,0.048258627,1453.357543,2980.55774,2506.631129,1023.32,59891,1.44E-10,0.067513942,4.51E-12
860,1771.244557,30669.45554,6065.301357,1286.5603,8955.043404,106.1445762,0.022706858,1501.681984,2894.690742,2454.570564,1023.35,56728,1.60E-10,0.065736714,-2.06E-12
861,1748.348338,28309.822,3759.675324,1136.091881,8881.022371,105.3692284,0.021616355,1375.922417,2817.000839,2362.55732,1023.23,51519,2.03E-10,0.06133879,5.72E-14
862,1738.532225,24465.3295,1840.749039,878.0917786,8866.125762,105.3533498,0.021594022,1379.894938,2770.201012,2407.645945,1023.13,45475,1.75E-10,0.075148206,2.17E-12
863,1708.21928,20746.93235,1108.42421,478.4467828,8904.813912,105.6864911,0.022062575,1356.976429,2612.523545,2415.868552,1023.17,40461,1.60E-10,0.083615327,9.85E-12
864,1687.992923,20198.9931,958.8288631,414.5916288,8890.493192,105.6097078,0.021954582,1317.34417,2465.502065,2419.538013,1023.17,39482,1.56E-10,0.085615044,1.31E-12
865,1670.204852,20291.13028,823.6249265,395.71847,8756.636708,104.1365342,0.019882608,1150.862563,2551.397276,2412.082176,1023.28,39179,1.57E-10,0.093663288,2.04E-12
866,1641.034933,19540.57731,812.7947592,344.193437,8668.556441,103.1448251,0.018487799,1098.254695,2653.840945,2393.464941,1023.22,38279,1.65E-10,0.100775122,-3.76E-12
867,1613.217318,18960.62268,802.132392,322.0434404,8619.035961,102.4894632,0.017566053,1177.068106,2636.911621,2355.344154,1023.22,37612,1.86E-10,0.102702609,-4.05E-12
868,1629.604796,18083.23029,766.0104165,338.7179181,8653.014032,102.8338546,0.018050429,1196.582301,2937.046197,2315.978777,1023.05,37046,2.12E-10,0.086628736,1.47E-12
869,1698.6862,19237.10827,933.4669128,385.3047921,8780.420852,105.7437611,0.022143124,1283.77664,3255.693749,2260.22835,941.62,38882,2.21E-10,0.071669437,7.51E-13
870,1903.235242,24796.66827,2384.763284,538.2105818,9575.658557,114.1491372,0.135860125,1507.491329,3930.839273,1618.241368,6.52E-11,46264,1.17E-10,105.3929004,3.07E-12
871,1919.376232,30443.93408,4585.447341,1083.037296,9511.765496,113.3724516,5.415514674,1467.796919,4164.751869,1649.846295,7.13E-11,54840,1.15E-10,104.7434932,2.10E-11
872,1841.342357,31442.62839,5193.62082,1275.170459,9126.538895,109.4054689,488.1547176,1335.726666,4048.24466,1697.69528,120.52,56679,1.41E-10,0.047709212,4.43E-12
873,1775.040877,30986.59238,5181.680212,1495.40372,8866.178626,106.7877004,1673.97233,1196.546708,3835.906483,829.6265032,997.31,56945,1.63E-10,0.045534333,1.97E-11
874,1708.321184,30063.82438,5148.368011,1003.831554,8538.299171,104.3723223,2682.98448,1620.047925,3845.006734,371.3004106,1010.69,55969,128,0.046175299,3.98E-12
875,1677.114484,29582.54703,4897.975513,834.3687441,8303.319184,102.1756678,3259.428929,1909.472436,3947.843476,311.4615002,1009.34,55610,225,0.046968104,-3.04E-12
876,1668.194319,29270.7407,4891.420172,895.3596577,8318.336632,102.6202269,3212.541812,2026.795626,4644.597409,305.0273236,1022.42,55670,688,0.053878928,1.09E-11
877,1663.662655,29137.07747,5063.705127,785.4897292,8515.579051,102.5251568,2966.194132,2138.751348,4695.346902,303.6359429,1023.09,55207,1188,0.057511209,3.18E-12
878,1693.198382,29472.50065,5255.455045,969.5419093,8644.735406,104.4934533,1986.102101,2180.356211,4828.669073,323.2520225,476.75,55326,609,0.054250424,8.30E-12
879,1738.070284,30163.35937,5458.115986,1010.748462,8829.508657,106.3499404,1090.186197,2224.900383,4830.667669,762.9993146,1.15,56216,1.79E-10,0.056262305,2.31E-12
880,1764.128003,31552.40252,5612.988293,1288.115246,8940.166232,107.4246341,222.4547901,2194.480021,4511.88157,1916.535604,5.79E-11,57992,1.79E-10,118.5769115,-4.95E-12
881,1772.291863,31652.66584,5727.467557,1992.464383,8716.864445,107.5024786,5.233236977,2148.614528,4372.094262,2296.545768,933.32,59725,1.82E-10,0.064357388,-7.39E-12
882,1768.285018,32238.52847,5737.399527,1889.852441,8645.628984,107.1236773,0.371245036,2031.22182,4076.517607,2380.207487,1022.93,59898,1.50E-10,0.066279906,5.83E-12
883,1762.446066,32111.54843,5763.254231,1801.411193,8673.238516,94.04281993,0.047014676,2125.222023,4025.509716,2489.288784,1023.06,59869,1.48E-10,0.068789978,1.33E-11
884,1711.339071,31204.95037,4140.711439,1220.733256,8736.04969,78.79448373,0.022214464,2024.480826,4058.281862,2437.640612,1023.06,56636,1.67E-10,0.063822017,5.81E-12
885,1708.056299,27454.87788,3001.804933,942.9912278,8793.11113,78.29182532,0.02150749,1879.462738,3961.71339,2363.87842,1022.85,51207,2.01E-10,0.059355798,5.22E-12
886,1712.225968,22510.95888,1674.127917,850.5572735,8822.654264,78.65755832,0.022021882,2087.243301,3893.57642,2417.088603,1022.96,45070,1.70E-10,0.072209922,-3.15E-12
887,1693.544785,18195.30607,1041.901449,470.8561021,8838.082883,78.80157637,0.02222444,2006.246413,3810.148286,2441.930188,1023.24,39600,1.53E-10,0.079977199,4.59E-12
888,1697.628264,17523.01493,868.5042579,426.1950677,8798.15711,79.4713554,0.023166463,1971.754516,3758.390578,2424.871046,1023.08,38571,1.58E-10,0.090289139,-1.73E-12
889,1658.733116,17865.73035,855.4453962,383.5178873,8463.845319,77.71488418,0.02069604,2063.603652,3541.348097,2426.119244,1023.02,38359,1.55E-10,0.098644191,-2.13E-12
890,1681.483654,17006.11488,848.1085643,380.2307823,8547.286767,78.21991964,0.021406357,2300.230571,3405.258714,2460.155478,1022.99,37730,1.44E-10,0.100739742,-4.62E-13
891,1676.156432,16706.47139,832.7264984,362.9261079,8773.293975,78.15132104,0.021309875,2122.815095,3239.234479,2448.406114,1022.9,37263,1.48E-10,0.102719477,-3.48E-12
892,1656.982558,17123.35589,836.5087139,352.9233114,8821.56784,78.46196471,0.021746786,1838.006943,2886.658722,2365.78426,1022.82,36983,1.84E-10,0.091953686,-9.75E-13
893,1701.191115,18889.39946,972.4034953,376.8714978,9174.140822,82.07297108,0.026825557,1793.700391,2838.903474,2214.477961,1006.89,39050,1.65E-10,0.078009788,1.83E-13
894,1857.683407,24744.47535,2634.340061,594.8881034,9755.132072,89.21053028,2.22118591,1844.834667,3000.283783,1920.639251,127.18,46566,1.05E-10,4.88841205,3.40E-12
895,1817.932857,30648.48913,4935.08057,1419.237478,9222.857438,85.50766995,15.80695378,1708.805487,2694.383043,1699.27543,467.22,54710,1.19E-10,4.596056191,-1.73E-11
896,1714.453388,31428.46922,5383.713089,1596.32034,8837.227241,80.78203325,961.5843742,1492.614528,2286.859402,1580.119619,1020.9,56383,1.48E-10,0.043237861,2.37E-12
897,1607.022987,30374.97653,5200.348503,1524.174071,8642.53451,76.49884938,2884.299653,1277.035537,1997.761588,2189.636602,667.76,56442,1.95E-10,0.04882974,4.13E-12
898,1504.942916,29270.22726,4843.244011,1083.899346,8234.483349,72.32749676,4439.798634,1014.209215,1803.130312,1178.340142,1012.45,54457,2.94E-10,0.052680328,5.16E-12
899,1469.736825,28408.5521,4723.068173,749.4686909,8053.375665,70.41778185,5517.123136,926.6426132,1782.378347,327.732784,999.56,53028,3.44E-10,0.056111729,8.14E-12
900,1448.596052,27796.72906,4568.539257,715.9504502,7907.043242,69.47580759,5605.908724,776.5198523,2024.075134,434.7766283,1023.45,52371,3.92E-10,0.064205529,-1.34E-12
901,1491.117834,27750.6465,4471.007561,873.240716,7879.7623,71.54844172,4614.310435,749.0734048,2555.309293,819.109153,865.94,52141,2.88E-10,0.065634816,-2.07E-11
902,1581.924726,29696.83046,4884.713383,1019.101369,8319.334786,76.28159592,3223.58364,638.5275801,2691.541393,417.5805129,649.64,53199,2.02E-10,0.059445235,-2.40E-13
903,1617.097298,30253.39351,5659.808582,1001.685852,8730.368189,78.09868306,1475.579092,898.5386267,3843.485715,1336.696416,1.31,54896,1.91E-10,0.061960886,8.77E-14
904,1668.418791,31341.11476,6117.242499,1258.203923,8963.466646,80.43460582,235.0901437,1041.012828,4286.768696,2111.743658,460.58,57557,1.79E-10,7.076550006,-6.69E-12
905,1665.259063,32137.68641,6476.389681,1947.663592,8957.569869,80.32310917,4.291017621,1166.806839,4689.897737,1920.890667,812.29,59859,1.88E-10,0.067979998,-2.10E-12
906,1667.008368,30921.11871,6473.853218,2058.043605,8856.253436,79.62785086,0.360495412,1355.751479,4975.974235,2047.107149,1006.97,59442,1.53E-10,0.068547063,-6.68E-12
907,1657.792725,30091.49703,6087.5057,1382.156524,8604.021692,79.10572182,0.044429578,1517.797545,5242.155144,2478.461429,1019.53,58160,1.52E-10,0.067942419,4.02E-15
908,1653.923673,29113.41352,4982.171556,1287.77169,8584.663324,78.64753027,0.022007778,1773.878276,5317.769946,2419.344038,1020.46,56232,1.61E-10,0.065555637,3.39E-13
909,1650.118606,26673.97819,3704.25238,930.3400834,8780.456674,78.56094107,0.021885993,1858.178627,5175.711728,888.2937577,1028.15,50768,1.91E-10,0.062876533,2.02E-12
910,1646.397254,23230.20825,1942.032866,816.4223501,8818.485078,78.63642707,0.021992162,1858.452643,4895.093098,378.1042582,1023.22,44627,60,0.074216991,-9.04E-12
911,1597.20849,17383.30902,1481.493636,466.522726,8682.180112,76.98115379,0.01966407,1834.108523,4567.775431,2296.294688,1023.2,39409,1.71E-10,0.093438892,-5.58E-13
912,1613.947419,16765.16565,1291.370322,363.5149918,8844.208063,78.62079653,0.021970178,1845.895469,4139.868427,2415.412718,1023.07,38381,1.67E-10,0.095823436,-3.12E-12
913,1593.320398,16938.67304,1204.010791,335.5094552,8746.364082,77.58923687,0.020519321,1862.942452,3831.323518,2424.078181,1023.27,38037,1.61E-10,0.101678149,6.42E-12
914,1594.203621,16058.67026,1169.981139,311.4809905,8717.436319,77.22016872,0.020000237,1908.184523,3642.007866,2445.871768,1023.03,36948,1.53E-10,0.106657408,-4.33E-12
915,1580.990316,15460.89554,1165.906802,300.3908987,8663.509985,76.59790182,0.019125038,1930.457715,3495.678476,2419.654374,1023.01,36117,1.65E-10,0.11113542,-7.56E-12
916,1593.109448,15246.85549,1185.595023,311.7638707,8740.067112,77.4122267,0.020270361,2040.501686,3140.516373,2348.410251,1022.85,35707,1.95E-10,0.101745471,2.32E-12
917,1688.973473,17184.49848,1551.672491,357.6227114,9181.705304,81.92708787,0.026620377,2140.079977,3191.118254,1251.761624,1029.69,37659,1.64E-10,0.076026637,4.22E-12
918,1828.343617,22043.01844,3841.759435,708.6937342,9774.314586,87.97050438,2.280962075,2267.325491,3226.469274,532.5391823,921.53,45141,88,5.245221384,6.45E-12
919,1799.746339,28337.2431,5969.951144,1088.253166,9434.72752,84.26675696,36.66583291,2261.366891,3110.599085,964.9689381,198.21,53281,1.21E-10,4.998768324,4.00E-12
920,1691.612989,29322.70912,5758.021014,1056.584831,8984.707628,79.60150761,719.3357021,2197.667572,3004.688259,1052.951226,978.17,54846,1.51E-10,0.049849519,1.51E-12
921,1634.872512,29100.25057,5501.845543,1019.693521,8778.04786,77.40658695,1817.007824,2117.332872,2857.371324,1236.652518,1019.57,55160,1.70E-10,0.051131838,8.66E-12
922,1524.148385,28563.71858,5133.267681,971.9737887,8609.105921,75.6701568,2614.27583,2152.719212,2732.903571,1040.128899,1023.14,54441,1.91E-10,0.052024061,-4.38E-12
923,1513.879635,27917.89193,4800.238432,780.8729188,8556.740731,75.17543623,2978.511748,2144.1775,2981.532425,1165.74185,1023.29,53938,1.93E-10,0.052603957,-9.28E-12
924,1533.426496,27881.21298,4893.51473,858.710045,8647.474463,75.89222703,2690.059681,2204.673589,3312.922414,730.7627912,1023.41,53852,1.80E-10,0.059415852,2.46E-12
925,1553.210543,28235.0919,4928.684558,860.2931743,8780.008864,77.03881472,1975.747105,2098.46854,3738.288681,292.8089794,1023.42,53456,107,0.061165049,-2.02E-12
926,1583.7773,28960.80841,5226.660182,838.31484,8888.188356,78.7321839,1453.291744,1879.131037,3885.858304,297.1265051,748.17,53548,292,0.05886179,8.75E-12
927,1611.415372,29387.9968,5886.598228,928.8280883,9020.043436,79.9913938,744.979749,1897.674409,3802.011752,339.7115464,800.81,53944,556,0.060770375,8.30E-12
928,1608.509832,29389.05737,6017.264048,1242.567566,9127.74236,81.14482581,135.3464216,2152.15174,3855.364705,812.6282185,809.18,55224,1.66E-10,6.957082559,1.77E-12
929,1554.671531,29681.65993,5841.499008,1752.235403,9127.882139,81.16153014,6.107410375,2409.802343,3959.58988,1928.845081,1021.61,57365,1.75E-10,0.064257308,-3.13E-12
930,1548.051187,30156.28855,5497.190857,1595.987854,9070.822954,80.40035399,2.25935487,2683.143629,3998.178515,1722.808324,1002.93,57358,1.46E-10,0.061577527,3.84E-12
931,1535.734238,28149.84698,5421.944156,1383.529975,9069.529381,79.90221594,0.046626803,2793.798437,4222.452647,2503.718051,994.56,56155,1.45E-10,0.062709593,4.63E-12
932,1573.478304,26611.39085,3740.858117,1041.313738,9040.821697,79.27302556,0.022887519,2884.91741,4427.80791,2473.878565,1037.31,52911,1.55E-10,0.072498464,-7.27E-12
933,1604.325935,23482.28287,1816.531634,1004.661022,9014.789293,78.98960319,0.022488894,2804.104528,4587.403624,2316.457032,1043.5,47753,1.84E-10,0.068025952,-1.31E-11
934,1673.805391,19327.1682,1366.712949,959.4572407,9094.466164,79.7812692,0.023602348,2999.432097,4451.85985,1224.152947,1029.21,42206,1.54E-10,0.069705736,-4.56E-12
935,1552.190727,14161.07342,1530.380611,497.6679676,9067.332927,79.50087028,0.023207975,2993.661268,4510.924257,2347.627352,948.69,37689,1.48E-10,0.072604731,1.38E-12
936,1554.72802,13152.75515,1598.482602,403.8574764,9146.987669,80.26039834,0.024276228,3146.03527,4400.657898,2347.54756,947.74,36779,1.54E-10,0.076324216,-7.70E-12
937,1504.707617,13337.1145,1549.008523,404.6053466,8909.053136,77.92703922,0.020994429,3272.278625,4159.206205,2307.825394,946.33,36468,1.71E-10,0.0773841,-1.25E-12
938,1617.016404,13067.74798,1509.94916,345.2933837,8910.595181,77.85286374,0.020890104,3231.338861,4112.548718,1700.797698,674.92,35248,1.69E-10,0.08113695,-6.39E-12
939,1597.830176,11723.39046,1484.665404,251.2848107,8842.206433,77.07471441,0.01979566,3536.293794,4371.664194,1677.136628,672.52,34234,1.81E-10,0.086413061,-3.09E-12
940,1601.196866,11107.33528,1375.773287,249.2639721,8893.729999,77.49747758,0.020390264,3601.733581,4604.955665,1632.735708,673.84,33818,2.07E-10,0.082229383,-3.54E-12
941,1665.363839,12225.80844,1563.694746,309.0163224,9258.854568,81.2388243,0.025652355,3798.562795,5084.924892,839.189942,945.38,35772,1.79E-10,0.06002348,-1.30E-12
942,1768.250309,15804.00045,1940.240722,558.4819921,9721.332474,85.83982042,2.321235168,3897.569633,5678.258332,2413.892154,997.78,42864,1.21E-10,3.967120528,-4.28E-12
943,1765.203339,22360.70722,2974.542771,1240.307347,9571.086931,84.34076462,8.705167346,3689.014223,5696.342513,2046.021395,1022.71,50455,1.26E-10,3.981666972,6.42E-12
944,1673.138667,23565.13644,3975.367389,1243.905011,9131.221833,80.00763647,520.1511457,3313.958653,5424.747534,2402.67666,1022.73,52353,1.56E-10,0.040973423,-7.75E-12
945,1595.269539,22994.12502,4146.092467,1172.111967,8812.462651,76.75263406,1689.366252,3379.731404,5148.914766,2326.566761,1021.65,52363,1.94E-10,0.043461676,-1.28E-11
946,1518.601663,22553.7034,4038.293006,1021.061137,8574.108647,74.28331035,2903.802858,3151.550966,4933.559808,1670.991106,1006.09,51446,2.37E-10,0.045905584,1.29E-11
947,1513.418772,22044.86678,4130.186606,719.5150658,8435.203528,86.01690551,3644.11052,3209.965664,4896.550463,1323.702647,1019.51,51023,2.66E-10,0.046954282,1.11E-11
948,1476.87717,21521.21478,4086.694876,745.4855511,8272.326293,84.40843621,3924.08854,3166.36458,4981.8977,1400.536503,995.16,50655,3.03E-10,0.054427396,-1.02E-11
949,1480.214903,20337.27187,3389.071417,737.4525946,8304.549423,71.68844973,3771.042904,3148.412113,5033.299465,2180.185642,1019.87,49473,2.89E-10,0.058781819,-8.14E-12
950,1500.880365,20533.47706,3563.421733,791.9071508,8382.347491,72.92713362,3365.00462,3061.633294,4798.958188,2190.650141,1000.85,49262,2.73E-10,0.057176776,1.10E-11
951,1557.777549,21376.34234,4612.495518,871.4304899,8706.715687,76.20538856,2188.05276,2962.536089,4691.040814,2260.780464,654.68,49958,2.13E-10,0.057103571,5.66E-12
952,1645.294285,24129.65578,5412.409781,1023.284658,9118.055313,80.41052366,628.5565748,3245.096554,4416.8785,2266.888859,1017.43,52978,1.77E-10,5.96082891,3.15E-12
953,1685.409353,27843.99041,6020.618976,2080.62648,9242.341259,81.77783806,17.37398815,3163.123271,4070.484154,2421.368132,1033.94,57661,1.65E-10,0.053861326,-4.27E-12
954,1658.109024,28183.72087,6194.544686,2572.976362,9138.795142,80.5577132,0.261700332,3140.718564,3864.139618,2457.710944,1021.52,58313,1.49E-10,0.054622099,3.07E-12
955,1643.677877,27297.08498,5881.755512,1635.694675,9051.304216,79.40807724,0.045263662,3034.70637,3755.247047,2477.587912,1030.54,55887,1.53E-10,0.051932397,-1.87E-12
956,1625.744675,25941.07109,4978.032729,1563.358734,8984.341132,78.4037645,0.021664929,2813.793317,3762.420327,2433.012511,1028.85,53209,1.69E-10,0.049948596,-6.90E-12
957,1629.770163,23758.18692,3379.1001,900.7471236,8998.462404,78.50879884,0.021812657,2618.406653,3809.624392,2364.155188,1044.06,48581,1.88E-10,0.043560969,-2.65E-14
958,1625.344611,20990.58543,1615.673351,791.7061501,8987.013469,78.3396718,0.021574785,2458.057915,3866.982079,2360.724127,1033.61,43808,1.67E-10,0.058379151,5.93E-12
959,1630.743993,17444.29374,843.0719117,354.1349167,9071.359034,79.17031601,0.022743061,2407.00235,4266.556062,2475.911603,1031.8,39604,1.46E-10,0.066673612,2.76E-13
960,1657.994953,15735.07879,843.5575001,279.7691815,9226.616974,80.69674209,0.024889933,2353.506078,4850.365076,2397.664268,949.79,38375,1.40E-10,0.064457425,-7.06E-12
961,1592.689266,14165.59578,907.2402664,252.2613253,8895.343091,77.47262036,0.020355303,2529.554606,5568.384502,2351.300043,946.21,37286,1.54E-10,0.071853784,4.84E-12
962,1505.299069,12790.88995,873.5997859,233.9403434,8631.428356,74.83737624,0.016648912,2380.239686,5933.855481,2286.183622,958.79,35669,1.76E-10,0.080319794,4.40E-12
963,1487.899691,11953.42934,846.2231606,199.6995965,8351.731955,71.9437304,0.012579087,2183.235541,5724.002442,2200.027396,948.88,33967,2.32E-10,0.085425397,-1.84E-12
964,1473.966622,10709.30275,841.7018269,206.5202153,8321.797041,71.70838571,0.012248081,2179.693389,5533.641524,2171.884046,948.85,32459,2.59E-10,0.078049599,6.99E-12
965,1502.178754,10685.98885,865.285471,221.8930174,8443.08498,72.91791349,0.013949246,2300.622443,5330.874808,2133.299247,937.9,32494,2.71E-10,0.059433234,-5.60E-13
966,1527.004609,12370.82685,997.104728,338.1505029,8692.329304,75.35876503,0.156440064,2318.559942,5700.015805,1999.955837,937.36,34953,2.25E-10,3.822786182,1.00E-11
967,1600.904454,15145.92226,1285.656091,807.9996314,8959.928177,78.00562141,56.00112428,2419.498776,5716.644404,2000.063811,393.53,38461,1.91E-10,3.154350259,-1.02E-14
968,1588.913475,17276.85754,1246.534667,1005.988373,9014.131098,78.51741913,400.6452831,2702.019545,6306.557645,2365.722263,1047.14,43033,1.70E-10,0.027304819,-6.38E-13
969,1583.626117,19606.77028,1538.304144,1150.685201,8936.567042,77.78151503,967.0147185,2970.437726,6521.921048,2364.959064,1040.96,46759,1.73E-10,0.026857764,-8.61E-12
970,1508.828847,19614.46185,2334.770887,1189.511564,8865.553663,77.01497798,1512.298277,3277.392915,6096.556083,2300.598865,1035.04,47812,1.80E-10,0.027927348,3.44E-12
971,1474.265459,19719.31588,2630.43044,1166.199361,8785.349381,76.49760931,1779.015702,3443.654621,5788.546551,2162.673266,1023.08,48049,1.92E-10,0.028273126,1.01E-11
972,1490.04637,20051.57797,2464.295124,954.0717647,8763.820895,76.26192025,1740.113941,3465.349995,5818.625634,2277.107773,1016.76,48118,1.82E-10,0.031386172,-8.89E-12
973,1504.447769,20424.51516,2514.73432,835.8319729,8824.641556,76.61395727,1350.261819,3355.285927,5502.747901,2306.960046,1019.99,47716,1.65E-10,0.030427479,-6.43E-12
974,1549.00843,20612.92118,2251.057152,1041.500166,8891.584592,77.84023219,1249.27809,3135.801449,4949.696297,2313.921273,1044.42,47117,1.61E-10,0.028863329,-6.22E-12
975,1608.166416,21474.81917,2701.068726,957.4873088,9051.736328,79.47942696,659.6237297,3391.292635,4329.905647,2352.651151,1042.8,47649,1.56E-10,0.030541415,-8.93E-12
976,1658.777105,22875.25,3858.169294,1083.790968,9301.702899,82.01810741,134.2869105,3395.995831,3799.23269,2411.26338,1014.63,49612,1.56E-10,3.11717995,2.08E-11
977,1668.770966,24499.87468,4768.301725,2467.670263,9297.245973,82.09641463,1.242043228,2970.208843,3259.743922,2416.827873,1039.05,52471,1.67E-10,0.032700231,8.00E-12
978,1647.250955,24452.22747,4785.073966,2604.629577,9183.721684,80.76398577,0.264774856,3291.589858,2943.694857,2444.28185,996.53,52430,1.54E-10,0.028977926,8.58E-12
979,1624.059227,22885.4304,4184.787299,1898.017399,9045.664135,79.11534445,0.044456123,3686.488761,3158.99402,2471.44069,1018,50052,1.55E-10,0.041737314,5.20E-12
980,1611.776959,20327.13983,3173.627952,1449.136153,8996.322533,78.27238594,0.021480149,3696.643229,3240.94382,2458.795839,1021.37,46054,1.59E-10,0.050181043,-1.02E-12
981,1633.451222,17763.84846,1607.643858,1034.743581,9099.684681,79.22587645,0.022821205,3751.310344,3568.754376,2377.763984,1023.6,41940,1.81E-10,0.049204738,-4.22E-12
982,1630.505843,14533.19047,1321.327461,865.8906755,9080.345962,79.0702525,0.022602324,3374.533957,3921.379438,2049.614737,999.17,37855,1.68E-10,0.051401802,-4.26E-12
983,1620.586563,10274.13148,1058.513589,419.8980987,9096.386055,79.14079499,0.02270154,3570.967169,4909.487778,2272.826252,875.1,34177,1.50E-10,0.060483309,-2.16E-12
984,1622.361105,9042.138989,879.185856,422.4089038,9114.602904,79.41422067,0.023086105,3852.609193,5279.533262,2077.533925,785.25,33155,1.48E-10,0.061443135,-6.75E-12
985,1551.903041,8142.260314,1046.922006,363.5992184,8713.598564,75.79656795,0.017997986,3729.082263,5589.951113,2026.006707,792.93,32032,1.66E-10,0.067791211,4.60E-13
986,1506.206765,7143.088467,1092.17353,318.2778604,8503.691438,73.64088595,0.014966085,3631.744792,5646.877911,1961.117372,808.24,30685,1.92E-10,0.073987765,3.76E-12
987,1326.434333,6857.047724,1086.905222,293.295903,8343.185884,71.76873498,0.012332961,3595.376584,5560.70616,1790.544473,749.8,29675,2.40E-10,0.077350883,1.85E-12
988,1462.14499,6172.518386,824.6366389,303.8481765,8323.357344,71.5963081,0.012090448,3665.860448,5508.29884,1769.478163,749.32,28851,2.60E-10,0.071384312,4.86E-16
989,1483.993271,6274.257146,781.8158571,321.9333856,8422.620947,72.56824042,0.013457441,3682.754513,5569.904451,1747.627955,748.57,29106,2.52E-10,0.05922341,8.36E-12
990,1517.864057,7407.948622,1067.711379,392.1092922,8639.19537,74.72335531,0.148396903,3737.018533,5504.769017,1878.718668,797.39,31013,2.05E-10,4.5966906,-2.67E-12
991,1543.324325,8888.623285,1737.765472,547.4180626,8703.059743,75.32945121,67.47308485,3725.001109,5413.190704,1751.977972,764.52,33213,2.29E-10,4.683208409,-1.50E-12
992,1529.665519,10354.03432,1651.923976,774.9570494,8703.913823,75.36148298,1170.564549,3651.441117,5597.92391,1869.040547,776.22,36155,2.35E-10,0.046294889,-2.54E-12
993,1475.95242,10770.94849,1800.77498,913.7322398,8340.085646,71.79491388,2934.107466,3695.788105,5513.077933,1979.578333,890.21,38386,3.78E-10,0.05052479,1.10E-11
994,1427.374816,10415.1306,1903.254669,892.6063458,8143.834538,69.92730914,4022.334207,3644.593898,5734.58062,2122.974977,1022.44,39399,4.78E-10,0.051977221,4.27E-12
995,1428.567409,10798.88596,1730.33797,867.2835487,8050.917131,69.07999072,4455.9014,3528.666466,6122.565539,2101.626322,1022.22,40176,5.57E-10,0.051734129,-1.30E-12
996,1426.577812,11278.6831,1925.65862,920.6525769,8017.231239,68.7498372,4320.436908,3617.722773,6284.553391,2122.405975,1022.38,41005,4.45E-10,0.052231002,9.89E-12
997,1421.000236,11285.90678,2064.537138,834.5414777,8010.982945,68.95856306,3770.522548,3470.434085,6725.222092,2160.478326,1022.47,40835,3.44E-10,0.054186009,-1.12E-11
998,1578.712566,13891.00083,2104.031124,930.3072754,8674.981737,77.35239225,3312.773245,2072.345395,5621.022178,2306.272501,1022.25,41591,1.67E-10,0.049242151,-5.48E-12
999,1643.636036,16410.37803,2513.210638,921.1377852,9023.796118,80.72106601,1934.247514,2194.889,5668.329867,2398.678187,1024.03,43813,1.39E-10,0.054236861,1.75E-12
1000,1616.191334,17744.62569,3667.279872,1085.631419,8881.766174,79.19141048,584.2069811,3827.037092,6743.372478,2372.124106,877.09,47472,1.75E-10,6.516560143,4.81E-12
1001,1639.551972,21333.67327,5109.756126,2032.508884,9086.079657,80.98865113,29.80374009,3713.629497,6236.201859,2370.503922,999.36,52632,1.90E-10,0.057576688,3.77E-12
1002,1615.311997,21684.97552,5413.939462,2189.798831,9099.548893,79.43332484,12.48988231,3520.606383,5873.553297,2401.070866,953.33,52844,1.72E-10,0.058458251,8.43E-12
1003,1586.983476,20969.67379,4963.839233,1342.56132,9044.714834,78.33953147,0.042315949,3740.128462,5805.688331,2408.158247,1028.93,50969,1.80E-10,0.059542691,-5.69E-12
1004,1587.413534,20101.08523,2924.145822,1326.66266,9005.543625,77.67368829,0.020638099,3866.583603,5601.696083,2400.924213,1033.31,47925,1.84E-10,0.059100572,-3.25E-12
1005,1595.366183,17787.39211,1734.821261,1166.58557,9045.718662,77.94352663,0.021017618,3951.907743,5482.954568,2240.425115,1027.92,44111,2.16E-10,0.055758231,-6.99E-12
1006,1616.087123,15469.58714,1563.12097,968.5544212,9138.935409,78.89319467,0.022353298,3988.360902,5422.300594,427.8519704,1043.35,39717,1.72E-10,0.064078212,-1.67E-12
1007,1577.616725,11285.96369,965.3048209,506.9042805,8946.687436,76.93431277,0.01959819,3908.226445,5335.681651,2087.964533,862.77,35554,1.81E-10,0.073491943,5.42E-12
1008,1592.596382,10577.2375,996.4967522,443.0197064,9052.059541,77.93493383,0.021005533,3949.561404,5399.239999,2101.340297,870.57,35060,1.72E-10,0.077524801,7.11E-13
1009,1585.928153,10996.48954,989.0711754,315.9914403,8967.612901,77.04138709,0.019748787,3886.433506,5253.411532,2110.999902,877.08,35060,1.68E-10,0.079288589,-6.89E-12
1010,1586.854536,10626.53313,931.1765174,308.0484089,8987.561949,77.09095894,0.019818508,3782.811896,5114.751017,2122.829438,874.4,34412,1.58E-10,0.077670416,3.87E-12
1011,1567.348249,10456.80992,899.1280531,274.6600368,8942.50482,76.38012115,0.018818736,3788.151498,4928.900811,2066.774708,855.4,33856,1.82E-10,0.077037863,1.09E-12
1012,1567.655851,10104.08258,930.9666099,277.2277974,8978.46115,76.68237433,0.019243846,3726.256352,5028.501011,2006.192969,841.03,33537,2.23E-10,0.075943093,-2.50E-12
1013,1589.363106,11503.76722,1075.720281,379.0552559,9476.086379,81.59052831,0.026147016,3649.368537,5214.695627,1664.88562,866.5,35501,1.81E-10,0.058699285,6.81E-13
1014,1690.867614,15850.14387,2204.158051,559.8174331,10016.56589,86.76623695,2.300838443,3660.075542,5486.858755,2209.226371,1015.91,42779,1.17E-10,3.690607614,2.45E-12
1015,1715.005421,22187.15831,3347.222956,1043.503818,9887.235855,85.50611046,86.74885421,3515.455007,5267.93125,1731.803174,876.19,49741,1.20E-10,2.760751624,-1.40E-11
1016,1611.90968,23196.69493,4394.493321,1149.960609,9315.545557,80.01421018,1421.723413,3226.673165,5013.645086,2385.967903,1017.4,52814,1.58E-10,0.027874319,7.28E-12
1017,1509.799795,22240.47804,4530.381802,1158.448963,8776.034688,74.72485757,3323.460817,2972.765681,4853.01479,2273.216475,1020.71,52733,2.36E-10,0.035911878,4.50E-12
1018,1446.91675,20732.60306,3812.055525,923.6732457,8345.488351,70.64266476,4815.690369,2718.756717,4696.964003,2145.540375,1042.71,50751,3.93E-10,0.041057934,-2.06E-12
1019,1425.760418,19948.04739,3693.952896,887.9971638,8219.603947,69.56308513,5559.748788,2347.519546,4657.754656,1570.159165,1041.94,49422,4.64E-10,0.047053045,-3.71E-12
1020,1413.846512,19881.98922,3503.118153,924.5239385,8195.335072,69.23958175,5479.920798,2206.701111,4834.484415,1669.050072,1043.84,49222,4.72E-10,0.048872392,1.61E-11
1021,1455.232434,19745.43035,3493.335135,1030.810915,8367.971005,70.83878086,4610.94965,2497.683434,4924.37469,2150.098678,1044.32,49391,3.31E-10,0.045075965,8.91E-12
1022,1485.938798,21143.78858,4169.096576,786.4093067,8588.975482,73.43497715,3641.650802,2565.947916,4719.819181,2186.845535,991.14,50353,2.80E-10,0.047150479,-1.32E-11
1023,1552.054051,22741.27471,4849.6471,1092.366374,8928.728214,76.96005797,2365.491843,2639.677938,4479.470598,2265.406622,890.97,51882,2.12E-10,0.047504799,-4.17E-12
1024,1634.63826,24972.81347,5592.140232,1086.030121,9362.689959,81.11181099,741.207733,2699.882544,4572.446263,2378.460031,816.31,53933,1.72E-10,4.730427153,-1.14E-12
1025,1689.324462,27505.08199,5912.398722,1849.780955,9644.95518,84.00632892,8.134789525,3018.282172,4937.222291,2445.08578,972.77,58067,1.56E-10,0.042670339,-1.28E-13
1026,1645.070033,26931.94657,6044.271965,2299.036749,9424.492735,81.71361317,2.557858387,3042.281844,5432.318903,2484.783548,992.57,58381,1.41E-10,0.043818776,-4.92E-12
1027,1643.166157,25848.1325,5429.231359,1632.859218,9443.878716,81.59183629,1.076931736,3175.188671,5964.887496,2530.601893,1011.43,56762,1.37E-10,0.044778807,-5.67E-12
1028,1621.359075,23605.55381,4151.485966,1124.385022,9314.7618,79.91453861,0.023789787,3520.763413,6496.563388,2391.666444,999.57,53306,1.54E-10,0.047243484,6.95E-12
1029,1616.895457,19109.02615,3290.40731,906.1124396,9255.181939,79.28544085,0.02290498,3416.838638,6860.583874,2350.127253,1014.57,47899,1.86E-10,0.051408174,2.80E-12
1030,1620.208466,15239.60451,2331.400079,976.4776119,9274.765751,79.46155492,0.023152679,3549.01413,6971.099981,1032.623162,1032.38,42107,1.62E-10,0.058396008,1.16E-11
1031,1553.133146,10101.11427,1502.290853,338.3947961,9060.110419,77.27022456,0.02007064,3828.253006,6992.676783,2380.40858,1044.39,36878,1.77E-10,0.062146238,-5.62E-12
1032,1596.6639,9320.126034,1462.685111,297.9630208,9159.812351,78.33535632,0.021568715,3719.343121,6743.501018,2287.084713,991.53,35657,1.80E-10,0.06619367,-3.80E-12
1033,1560.877457,9566.23488,1496.623734,281.8375858,8950.621284,76.46236809,0.018934414,3425.261197,6442.289235,2295.07741,975.77,35071,1.76E-10,0.074085069,-3.27E-12
1034,1528.691285,8326.399223,1459.203015,246.7151153,8770.889455,74.69269841,0.016445427,3763.334565,6439.596278,2259.394241,963.15,33832,1.89E-10,0.082319784,-3.46E-13
1035,1509.960008,7393.638353,1448.399644,239.7756884,8675.15556,73.73052914,0.015092165,3794.293637,6551.682448,2208.771789,978.66,32874,2.21E-10,0.082749753,6.81E-12
1036,1509.623161,6822.384022,1437.927254,260.6415381,8676.025283,73.76150945,0.015135738,3883.582285,6626.197042,2158.627783,864.29,32313,2.69E-10,0.075014479,-4.11E-12
1037,1538.52,8005.883069,1396.805015,291.0738573,8965.644022,76.50107783,0.018988858,3988.24241,6821.62188,2013.515302,975.22,34073,2.75E-10,0.045620845,2.32E-12
1038,1680.755812,12958.37152,1936.091557,408.8529059,9714.351014,83.66829058,2.290693257,4202.52509,7091.147425,1681.990731,931.16,40680,1.34E-10,11.20504292,6.02E-12
1039,1675.022841,19689.44793,3378.859659,1138.939468,9635.986995,82.95589432,27.98235773,4191.696375,6431.288272,1509.167073,2.21,47761,1.36E-10,2.556869044,1.07E-11
1040,1612.590687,21884.13144,4117.418175,1851.641606,9297.467764,79.7206768,377.7479124,3896.827781,5539.685511,2379.735423,491.06,51528,1.59E-10,0.026976109,1.15E-11
1041,1591.354454,23434.02012,4415.81047,2436.814948,9152.95627,78.24976676,970.6312725,3224.963035,4856.075208,2357.564837,1037.59,53556,1.74E-10,0.030378142,1.12E-11
1042,1561.793951,24051.5019,4372.35217,1561.717038,9015.068877,76.96564208,1565.057955,3755.517996,4933.538696,2286.59166,1031,54211,1.91E-10,0.105885955,3.79E-12
1043,1549.18573,24431.50529,4311.409094,1216.264626,8958.287368,76.72657393,2087.442222,3696.815368,5053.451909,2252.949146,1056,54690,1.95E-10,0.037321705,-3.85E-12
1044,1589.331343,24741.13324,4227.888688,1368.478469,8857.959,75.75558444,2338.20848,3354.138321,4991.695369,2241.873673,1049.58,54836,2.04E-10,0.042163728,-1.85E-12
1045,1602.596254,25364.99,4239.837014,942.3743837,8912.862699,75.99581678,2227.782579,2987.882177,4627.578481,2268.988456,998.16,54249,1.95E-10,0.047864782,-1.21E-11
1046,1619.080334,25228.8204,4235.052692,935.8223781,8992.049609,76.78088993,2238.426698,3123.61885,4371.873977,2266.854431,1005.67,54094,1.91E-10,0.050260809,1.00E-12
1047,1640.74536,25448.88277,4600.144713,1043.974367,9080.506365,77.58415997,1811.607372,3067.382463,4098.153182,2299.361737,1011.71,54180,1.86E-10,0.0524862,5.25E-12
1048,1679.958776,27451.3407,5272.291308,1130.347953,9317.862786,79.90968032,724.5290824,3029.390005,3994.319838,2349.810904,440.84,55465,1.71E-10,5.601029087,-3.39E-12
1049,1699.257177,29492.03317,5775.591926,1695.015035,9409.913376,80.84001312,14.08258944,2760.71166,3853.628096,2400.957377,1027.02,58209,1.74E-10,0.050416989,7.85E-12
1050,1689.537273,29787.47057,5591.380713,2663.038315,9352.900375,80.27989429,1.486072976,2628.306715,3713.033258,2476.810901,1049.8,59034,1.44E-10,0.044083356,-9.73E-12
1051,1688.668938,29687.04111,5628.005581,2325.848936,9365.647593,79.88963129,0.02419718,2505.507329,3747.449713,2513.345779,1020.61,58562,1.42E-10,0.038803039,-3.01E-12
1052,1668.709363,28427.56006,5116.962297,1362.089991,9302.177091,78.54687866,0.022729355,2447.228739,3887.70687,2467.91933,1041.12,55800,1.55E-10,0.043349428,-3.80E-15
1053,1656.655869,25245.40601,3849.445443,1252.145182,9265.014745,77.97052817,0.021886737,2298.829727,3940.405634,2365.848193,1033.37,50985,1.86E-10,0.113212675,-1.09E-11
1054,1661.043537,20403.63817,3385.37368,1052.77778,9284.866238,78.12250123,0.02210892,2060.607086,4186.489047,2297.444556,1021.68,45432,1.63E-10,0.064704715,5.50E-13
1055,1669.654473,15702.57401,3225.206387,561.670921,9349.106411,78.7098298,0.022967588,1979.580388,4267.262598,2472.452383,1031.83,40338,1.48E-10,0.070370985,-2.10E-12
1056,1684.339473,14120.43634,3389.35469,552.9577481,9428.853287,79.48578131,0.02410202,1835.325746,4568.347089,2450.009543,1031.94,39141,1.54E-10,0.073800385,-1.67E-12
1057,1634.572147,13697.65277,3363.570331,450.6255902,9145.284047,77.03437842,0.020518097,1810.626135,4841.13933,2421.46154,1000.09,38442,1.64E-10,0.076786659,-7.42E-12
1058,1597.492303,11975.6963,3327.868736,412.8497591,8933.289484,75.03350927,0.01759285,2073.722394,5296.545886,2392.73573,1005.83,37091,1.72E-10,0.081697206,4.40E-13
1059,1564.310374,10827.92597,3040.408132,395.4350033,8755.497393,73.34985541,0.015131368,2078.876789,5752.526059,2335.209111,1013.53,35837,2.02E-10,0.083816487,5.88E-12
1060,1537.096226,9873.869334,2768.446166,390.220399,8702.494609,72.79626449,0.014322024,2096.374441,6097.205045,2272.391308,1000.17,34811,2.55E-10,0.078114086,9.10E-12
1061,1608.193117,10087.54416,2791.360692,412.8129576,9004.329546,75.57000469,0.0183772,2410.594145,6368.25588,2225.709558,910.66,35895,2.65E-10,0.048432342,-6.05E-12
1062,1715.060883,14861.36267,3927.364422,477.5728857,9635.996303,81.41535061,0.269230272,2890.368115,7219.448031,1344.441075,1.06,42152,1.44E-10,2.35896705,5.95E-14
1063,1692.364554,17873.59124,4695.159456,954.8475515,9492.489403,80.20266731,79.82768454,3117.870076,7742.289994,2331.013145,105.14,48163,1.53E-10,1.795771184,1.89E-12
1064,1678.393928,19680.28925,5153.333327,878.4715153,9381.854266,79.14975792,701.5436217,3157.032408,7608.348494,2383.890744,591.71,51294,1.59E-10,0.017307535,5.95E-12
1065,1643.77152,20104.03445,5201.969075,1113.343152,9182.389676,77.29998857,1433.789912,3545.601527,7279.696568,2351.306207,1022.82,52956,1.78E-10,0.022071973,-9.66E-12
1066,1583.111609,20350.93099,5196.072121,898.5247607,9065.714148,76.20262938,1723.787242,3569.904934,7542.401793,2290.248805,1023.13,53320,1.89E-10,0.029031797,-3.74E-12
1067,1631.514092,20064.25099,5183.253655,911.8093468,9188.989347,77.26803135,1776.333854,3928.682565,7791.117809,2274.644576,1023.16,53851,1.80E-10,0.024263965,9.79E-14
1068,1644.158506,20492.99507,5192.04863,1140.120319,9249.652146,77.72479785,1633.215526,3950.678638,7997.093331,2282.969364,1023.37,54684,1.73E-10,0.026324778,-3.15E-12
1069,1646.170087,20484.37157,5201.367149,1040.017364,9256.930668,77.41863744,1330.360146,4028.082417,8280.610106,2309.362585,1023.34,54678,1.69E-10,0.030729318,4.51E-13
1070,1653.318139,20867.72366,5118.28441,1146.920359,9275.012612,77.59273081,910.3307844,4036.87813,8284.557614,2295.185749,1023.23,54689,1.72E-10,0.034192337,-7.47E-12
1071,1670.006895,21226.03398,5355.164153,929.2401973,9371.000097,78.41807134,469.5109098,4094.46635,8296.871065,2335.121706,1038.2,54864,1.65E-10,0.033428654,3.83E-12
1072,1677.085577,22500.92494,5420.28966,1068.147454,9418.382416,78.83680294,108.9469753,4194.440286,7839.362608,2365.489592,1039.08,55707,1.78E-10,3.986314802,-1.10E-12
1073,1693.160695,24528.26273,6212.567199,1798.043277,9497.30605,79.61678634,8.992070877,4169.794692,7008.192924,2383.140446,1040.96,58420,1.83E-10,0.03687202,-1.35E-11
1074,1669.179834,24409.78573,6796.89476,2469.369034,9397.525589,78.54652526,4.4773056,4083.126249,6276.465667,2434.925795,997.74,58618,1.58E-10,0.036492335,1.32E-12
1075,1661.71782,24155.7346,6595.537721,1479.874267,9374.078505,78.00617539,0.022363898,3641.452728,6047.726208,2464.02086,1001.87,56500,1.57E-10,0.0412458,2.26E-12
1076,1646.463194,22455.41456,5214.120394,1178.353597,9291.671793,76.86657492,0.021105898,3769.167568,6064.733698,2438.663028,1024.58,53160,1.66E-10,0.05551737,-1.02E-11
1077,1620.179951,19152.7044,3978.205231,995.8251565,9277.8586,76.47770784,0.020514015,3537.807017,6048.035977,2327.738077,1023.21,48038,2.10E-10,0.062632317,-3.88E-12
1078,1644.794364,14411.29843,3177.428841,915.1720415,9316.643203,76.82715461,0.021045898,3471.194678,6175.653521,2275.186438,1022.84,42487,1.77E-10,0.059716656,4.29E-12
1079,1652.289945,10304.76097,2247.292646,513.5671412,9386.578907,77.2440359,0.02168042,3726.576515,6586.959408,2274.772715,901,37671,1.46E-10,0.063963135,2.32E-13
1080,1646.308069,9532.40523,1845.259216,470.8728798,9361.668457,77.08324992,0.021435693,3915.664993,6526.708355,2247.004951,899.07,36522,1.55E-10,0.066837396,-1.90E-12
1081,1613.311383,9801.269803,1807.441131,437.0444961,9183.078699,75.4532486,0.018954716,3966.364614,6161.6741,2231.393437,899.02,36176,1.61E-10,0.069865976,-3.35E-12
1082,1601.243548,9097.299998,1820.134001,403.3400329,9118.728847,74.67069479,0.017763615,3824.032057,6041.034235,2198.680851,898.89,35078,1.70E-10,0.072028394,-2.53E-12
1083,1558.620732,8697.939826,1607.476394,376.5543353,8903.360152,72.73103659,0.014811319,3338.560524,6488.01285,2117.936943,898.87,34060,2.17E-10,0.077604518,7.53E-12
1084,1559.349101,8171.410266,1566.338232,375.0034149,8922.914278,72.69734487,0.014760038,3101.495541,6328.589385,2080.434699,898.83,33077,2.49E-10,0.077022144,-4.45E-12
1085,1609.163509,9128.615069,1935.928175,403.8433938,9197.160734,75.05267197,0.018345011,2968.685026,6398.257785,2027.933326,899.4,34644,2.66E-10,0.058036143,-7.67E-12
1086,1717.321989,12477.27526,2892.239963,516.0165197,9895.886649,81.06472467,0.274957758,3385.24464,7052.459649,2239.322959,973.07,41226,1.43E-10,4.177312958,4.47E-13
1087,1703.405689,16812.9953,3081.396599,970.2564119,9762.242111,80.0244088,82.77953434,3795.73707,7426.962751,2340.588321,1022.85,47076,1.52E-10,3.238200175,-2.39E-12
1088,1646.185327,18006.67302,2856.979572,1041.877566,9414.791621,76.95087231,1357.556487,3863.338884,7380.934051,2337.768838,1022.98,49006,1.83E-10,0.036240885,6.94E-13
1089,1548.55388,17243.50142,2711.418833,1011.904803,8924.000984,72.67029046,3067.275351,3558.989445,7318.156152,2239.062167,982.51,48678,2.75E-10,0.043323327,-5.15E-12
1090,1464.281868,15145.19633,2263.160759,784.5379761,8495.841465,68.85957873,4519.609501,3563.742046,7666.916233,1551.806448,732.1,46256,4.88E-10,0.052204631,2.00E-12
1091,1428.559623,13687.47542,2229.351845,805.0504558,8245.056446,66.80795386,5573.424982,3341.117763,7773.540317,670.7567362,708.91,44530,7.86E-10,0.051544965,-5.60E-12
1092,1404.522193,13611.32902,2096.063293,761.1849298,8114.478962,65.5680805,5744.774216,3138.29152,7933.261291,592.6108363,725.97,44188,1.11E-09,0.054342629,-1.92E-12
1093,1423.618958,13422.72976,2141.485836,684.4759413,8253.417984,66.66949817,5241.481477,3074.530781,8093.90032,258.1918629,975.55,43636,8.67E-10,0.05241662,3.53E-12
1094,1434.40103,12834.79061,2154.980609,797.8734396,8412.35682,68.14655126,4375.014076,3302.802771,8112.953085,1941.742781,910.99,44346,5.40E-10,0.051771509,-7.36E-12
1095,1519.521816,15291.21426,2443.067809,940.3321454,8867.49373,72.10884889,2754.104116,3471.726525,8180.257772,2145.101874,646.12,46331,2.87E-10,0.048898588,-6.79E-13
1096,1612.364885,19440.9864,3282.905059,1022.214107,9180.764753,76.53788238,984.8357878,3462.45423,7980.319436,2002.240546,692.43,49733,2.06E-10,5.053090199,1.67E-12
1097,1688.675605,22526.96582,5220.591594,1432.676949,9468.097007,79.14531279,26.58030113,3502.255637,7704.086593,2383.727864,961.24,54994,1.84E-10,0.042683845,1.11E-11
1098,1664.076107,23876.16992,5767.207774,2257.695562,9389.22449,78.25627666,9.696633638,3471.358672,7022.65013,2448.896394,1015.81,57001,1.53E-10,0.041963166,6.36E-12
1099,1670.586727,23169.02115,5502.768124,1512.630677,9376.306165,77.65943599,0.0227631,3640.991161,7224.252583,2476.201078,1021.6,55672,1.54E-10,0.039868218,-5.39E-12
1100,1658.852717,21797.5636,4314.317231,1357.847709,9343.758868,77.87945733,0.021995971,3669.111924,6995.317935,2445.824841,1027.55,52688,1.64E-10,0.046279487,1.84E-12
1101,1653.157236,18583.91092,2846.559591,1127.523346,9300.887573,77.28317743,0.021050995,3725.853217,6823.856408,2345.831254,1030.17,47515,1.99E-10,0.053772165,-6.00E-12
1102,1655.110675,14373.40688,2117.180568,991.9160047,9313.573799,77.39854767,0.021233832,3766.482802,6653.531948,2281.291687,1023.14,42253,1.74E-10,0.054144085,8.64E-12
1103,1643.557322,10926.22187,1602.329318,522.0890818,9243.098056,76.77940128,0.020252617,3789.656889,6668.04154,2238.489967,924.77,37635,1.57E-10,0.053697705,6.44E-12
1104,1660.856362,10566.75244,978.2449312,461.0953464,9339.24593,77.62318967,0.021589841,3844.887371,6610.25037,2255.716483,923.36,36718,1.50E-10,0.054015901,-7.73E-12
1105,1641.885607,10970.49669,754.2152823,450.3505629,9233.589851,75.71600489,0.020184135,3761.604075,6347.049166,2268.819267,923.31,36427,1.46E-10,0.056688063,3.46E-12
1106,1634.910626,10495.26809,596.2259198,443.1421964,9198.211613,75.43808942,0.019742999,3660.374055,6342.187064,2241.090828,923.19,35610,1.50E-10,0.058222912,-1.43E-12
1107,1651.4655,10238.34793,616.7875911,431.5678734,9265.254258,75.9799078,0.020603028,3599.612407,5966.801109,2224.138624,923.08,34993,1.56E-10,0.055806818,8.75E-13
1108,1679.025802,10232.41123,600.7193844,440.8943988,9399.207794,77.11314995,0.022401825,3393.795961,5746.28929,2216.487653,923.09,34709,1.59E-10,0.05706606,2.86E-12
1109,1720.720412,11729.39789,819.988171,690.8129486,9658.323385,79.3061273,0.025882742,3218.02637,5654.5422,2137.750461,955.15,36664,1.66E-10,0.043843728,6.53E-12
1110,1801.405667,15962.86636,1814.772838,1048.865399,10137.62803,83.19976947,1.352694388,2655.057253,5846.553456,2436.26109,1032.07,42820,1.19E-10,0.032558629,-1.05E-12
1111,1751.767535,21317.96158,3125.309104,1437.822038,9836.704581,80.7629186,169.9584316,2567.422693,5413.298528,2407.640521,1044.38,49153,1.33E-10,0.027927361,1.78E-12
1112,1649.943069,22085.96514,4221.954259,1403.296959,9336.459942,76.52356675,1820.892232,2314.320156,4887.124552,2374.997312,1032.55,51204,1.71E-10,0.027191175,-1.65E-12
1113,1558.314272,21390.54621,3951.147883,1575.633869,8815.437705,72.13021676,3682.442411,1887.368182,4326.69475,2271.667395,1023.65,50555,2.60E-10,0.032898805,-7.06E-12
1114,1479.164608,20604.86118,3867.275434,1201.703141,8491.99314,69.25470432,5016.449365,1408.128604,3924.350352,1926.582644,1013.28,49003,4.28E-10,0.043168435,8.77E-13
1115,1457.411339,19792.92645,3588.477521,876.886029,8309.122067,67.78681626,5800.743763,1328.20695,3802.886423,1796.977909,972.62,47794,5.72E-10,0.045264523,-5.45E-12
1116,1462.078726,18722.6905,3070.472955,805.0541317,8326.991569,67.88800768,5733.369106,1417.948837,4079.320719,2129.397014,1016.84,46832,4.68E-10,0.051569083,1.28E-11
1117,1445.571364,18355.15213,2860.872701,1061.13091,8325.218315,67.77106473,5274.101288,1346.050198,4199.939968,2144.836215,1027.41,46108,3.90E-10,0.054151143,-1.25E-11
1118,1511.035665,19191.52732,2911.478557,1200.05075,8615.084113,70.31505834,3978.278537,1281.179424,4547.894758,2203.504331,1058.7,46569,2.92E-10,0.048515427,1.02E-12
1119,1583.712215,21173.84062,3572.074844,1098.404332,9037.291824,73.81052795,2226.634473,1289.981478,4738.202472,2271.474389,1019.62,48085,2.28E-10,0.047179133,-1.44E-11
1120,1650.44811,22785.6361,4543.838247,1101.182165,9395.209674,76.86229617,640.2416103,1589.713411,5025.167362,2344.016307,1034.73,50187,1.93E-10,0.045286423,-4.77E-12
1121,1687.117649,25623.85946,5847.278233,1630.847711,9594.974889,78.52521176,16.83396723,1637.815422,5292.132099,2394.592454,1027.07,54831,1.79E-10,0.047095679,-3.33E-12
1122,1661.061739,25904.47778,6250.951128,1783.900671,9381.191088,76.68615831,3.716894007,1752.678823,5493.132993,2414.751941,997.5,55720,1.68E-10,0.049216934,1.03E-13
1123,1647.57748,24065.22399,5904.328694,1196.974736,9307.480142,76.09987219,2.062380344,1924.756853,5636.766686,2432.390946,1021.39,53215,1.70E-10,0.051778073,2.61E-12
1124,1636.59156,22280.23874,4019.493368,1052.531908,9271.318436,75.74726515,0.020201688,2013.496492,6008.096459,2425.850748,1018.67,49802,1.72E-10,0.05517511,1.19E-11
1125,1638.943289,19229.59676,3001.535396,1045.163926,9275.173366,75.68478164,0.020102665,2000.848924,5837.246951,2331.721405,1042.12,45478,2.07E-10,0.054897583,-7.64E-12
1126,1635.150293,15512.15278,2131.106579,974.0758995,9352.552973,75.43897184,0.019713109,2026.684367,5836.446591,2261.991525,1023.44,40829,1.87E-10,0.059696968,-3.08E-12
1127,1647.955124,13160.17981,794.3166585,592.9599543,9517.183622,76.21326806,0.020940203,2208.953814,5467.254886,2427.764079,1023.26,36916,1.62E-10,0.062158374,-4.75E-12
1128,1668.387346,12896.10366,736.595308,443.9261002,9607.997349,76.95374491,0.0221137,2079.012507,5171.119371,2462.870501,1023.07,36166,1.46E-10,0.058001299,8.21E-12
1129,1606.963507,13263.23086,688.1628641,649.011582,9267.188935,74.11197831,0.017638061,1792.061969,4769.863831,2418.293068,1023.16,35552,1.63E-10,0.066235197,-2.24E-12
1130,1606.374918,12856.79918,271.9256957,430.501836,9249.992439,74.02049071,0.017492843,1815.178344,4561.752443,2393.321875,1023.19,34283,1.68E-10,0.074711331,4.18E-12
1131,1582.360681,12777.50823,230.9985155,410.1354916,9100.175085,72.85351139,0.015640495,1757.183636,4048.647673,2343.009351,1023.19,33346,1.94E-10,0.077813085,-1.24E-13
1132,1575.12675,12537.66352,211.1808133,420.1160279,9055.841501,72.43302898,0.014973062,1695.721047,3709.252765,2312.573853,1023.15,32613,2.15E-10,0.074281321,3.11E-12
1133,1625.850002,13279.67595,264.8192422,462.697406,9350.251644,74.79346684,0.018719789,1497.431306,3394.015477,2324.465247,1023.04,33297,1.77E-10,0.058464732,8.77E-13
1134,1688.511464,15556.99132,484.3710397,562.666145,9725.736389,77.89388173,1.236410821,1595.424116,3356.052506,2360.909317,1024.25,36434,1.52E-10,0.042589348,5.38E-12
1135,1654.760198,18213.26549,1076.209242,1088.68619,9562.454595,76.54823337,138.5374695,1241.563793,3218.978003,2298.386038,1020.64,39590,1.97E-10,0.029251999,3.49E-12
1136,1624.425971,19382.18205,2490.240267,1402.1799,9387.84603,75.09814794,1055.024856,967.6136867,3061.340476,2328.315014,1013.76,42788,2.08E-10,0.026401941,-1.62E-11
1137,1572.144088,19776.86877,3720.689614,1620.749528,9078.544318,72.49979474,2371.085774,822.7277472,2798.843998,2276.435904,1008.44,45119,2.60E-10,0.029539065,-8.40E-13
1138,1504.350169,18706.99464,3913.078283,1630.850271,8739.328,69.66416444,3662.542488,735.4989463,2606.83383,2176.237165,1019.66,44765,4.09E-10,0.03795428,-1.46E-12
1139,1467.383769,17749.43136,3706.867134,1079.567407,8498.141749,67.85997136,4497.548249,755.9039878,2591.415112,2115.231241,1022.69,43552,6.20E-10,0.039975116,-3.41E-12
1140,1455.374499,17571.32553,2942.546537,917.1825761,8416.527502,67.14902899,4717.473129,782.6763164,2700.145066,2121.292579,1023.35,42715,5.85E-10,0.042767175,9.35E-12
1141,1463.048606,17435.41982,2629.741188,898.7241793,8475.91431,67.53160448,4167.049469,725.1216773,2672.113031,2138.889302,1023.49,41697,4.50E-10,0.04318569,3.32E-12
1142,1491.998326,17498.13726,2691.787,994.9406772,8673.28428,69.08871531,3590.378615,725.3904313,2585.655302,2201.971872,1023.41,41546,3.27E-10,0.042479365,9.82E-13
1143,1558.618488,18351.5891,3614.803001,1061.099769,9057.849442,72.08828182,2380.181659,726.7003658,2546.678864,2266.241696,1022.19,42658,2.46E-10,0.040667946,-4.26E-13
1144,1644.152858,21433.7626,4579.353131,1204.713505,9537.885526,76.00966409,791.7288953,852.803528,2496.954611,2331.973222,1052.7,46002,2.03E-10,0.037540763,-2.97E-12
1145,1688.405198,25641.39245,5674.790594,1685.619611,9760.660762,77.97063776,24.16046797,974.9888007,2331.591887,2383.837359,1034.62,51278,1.90E-10,0.037762967,-5.69E-12
1146,1652.340565,26342.06204,5718.133009,3061.213649,9576.042738,76.34974434,6.826412745,993.0310809,2156.852813,2414.396302,1009.79,53007,1.72E-10,0.038352891,1.75E-12
1147,1641.80595,25695.15758,5239.542757,2057.964536,9486.573484,75.70943491,0.060521119,1093.016521,1959.907625,2421.570918,1017.73,50689,1.75E-10,0.039330392,4.79E-12
1148,1656.113414,24405.14102,4161.063836,1207.22566,9547.282065,76.27162969,0.021032694,1120.817341,1959.54688,2425.119603,1023.44,47582,1.72E-10,0.042481351,-4.43E-13
1149,1672.27889,21558.54855,3802.301532,991.0877483,9648.850958,77.00074738,0.022188189,1117.187528,1955.267399,2391.180734,1023.32,44237,1.88E-10,0.046271299,9.72E-13
1150,1680.405396,19250.59919,2477.118884,993.069011,9691.59559,77.3097523,0.022677896,1177.149594,1939.722304,2339.794455,1023.26,40650,1.68E-10,0.046851739,-1.38E-11
1151,1688.078359,17314.49667,1304.200201,574.4867432,9756.855458,77.80167204,0.023457484,1159.769046,1959.748273,2490.435371,1023.16,37349,1.40E-10,0.055254393,-2.14E-12
1152,1701.646129,16576.96267,1261.763683,541.8948837,9853.852184,78.52836918,0.024609143,1148.15909,1975.678669,2492.494075,1023.05,36654,1.37E-10,0.054361783,5.08E-12
1153,1645.86093,16414.42627,1316.294755,540.7047506,9493.19647,75.87375118,0.020434526,980.6944988,1882.968338,2461.848868,1023.17,35835,1.47E-10,0.059060526,7.24E-12
1154,1608.265141,15679.30625,1248.832423,474.9708754,9281.810647,74.03949724,0.017523012,982.7224503,1772.353459,2393.493342,1023.26,34539,1.68E-10,0.071602664,-5.87E-12
1155,1577.76119,15130.91386,1161.369142,456.4448873,9119.231927,72.71894445,0.015426896,889.2376976,1749.580564,2344.501399,1023.3,33525,1.93E-10,0.075035619,5.06E-13
1156,1572.275963,14379.69565,1140.082213,400.5628646,9097.577128,72.33656152,0.014819939,891.926176,1722.76318,2327.447265,1023.39,32628,2.03E-10,0.071817652,5.36E-12
1157,1577.231519,14288.49665,1150.414596,417.99813,9120.910227,72.51913626,0.01510974,861.8123221,1763.147193,2297.186738,1023.33,32573,2.10E-10,0.061625905,-2.34E-12
1158,1603.275585,15353.04378,1384.122578,466.7028755,9277.216142,73.77459693,0.136820279,878.7224368,1882.521498,2333.386248,1023.15,34276,1.91E-10,0.052563515,-1.59E-12
1159,1601.170289,16136.80377,1939.243853,585.6769404,9285.048405,73.82613093,87.32116806,868.8873709,2042.233587,2298.744396,1023.08,35942,2.16E-10,0.035908509,-6.57E-12
1160,1629.124007,17246.72202,2417.722079,813.0013066,9428.360985,75.08209612,851.2918895,936.1882322,2258.141111,2343.263357,1023.13,39022,2.13E-10,0.027088817,4.51E-13
1161,1617.587872,18615.73532,3021.673938,1255.197963,9343.880719,74.32165912,1734.84336,875.1877834,2254.662182,2328.678421,1023.26,42145,2.25E-10,0.029219754,1.67E-13
1162,1588.014283,19465.26044,3504.056265,1141.313951,9173.758216,72.92419524,2636.094055,801.4245255,2191.107971,2268.742635,1023.34,43866,2.66E-10,0.036538207,9.90E-12
1163,1569.313463,19933.8937,3584.861911,1078.044576,9059.443242,72.26802959,3124.174797,862.3459979,2129.1236,2234.084705,1023.48,44671,2.79E-10,0.034023449,-6.94E-12
1164,1567.397995,20316.79542,3901.361858,1057.808651,9054.176283,72.21933557,3111.514649,849.2368351,2187.811067,2296.975559,1023.74,45439,2.21E-10,0.037652389,6.03E-12
1165,1570.032885,20496.63262,4381.34435,999.4083381,9119.014433,72.55130704,2758.273005,830.6208675,2130.408058,2348.023937,1023.73,45730,1.95E-10,0.039803138,-1.04E-11
1166,1617.796203,21060.19718,4638.8564,1058.94417,9384.144422,74.74006498,1757.888177,845.5903373,2257.506866,2431.855748,1023.52,46151,1.69E-10,0.039566543,1.53E-11
1167,1666.617385,22579.37364,4507.496723,991.3773064,9669.562442,77.00500096,1016.589,921.0330796,2495.513977,2468.311763,1023.16,47416,1.56E-10,0.040321137,-2.65E-12
1168,1701.202621,24265.78792,5002.329797,1154.386683,9871.866425,78.70430753,307.4466449,1155.613049,2790.610117,2458.785451,1023.31,49810,1.57E-10,0.043019742,-1.37E-12
1169,1711.160672,26381.92529,6071.230682,1859.286776,9887.070035,78.87217525,7.325598623,1246.42728,2825.299621,2408.044096,1024.41,53501,1.82E-10,0.052222566,-8.53E-12
1170,1678.50434,26470.04534,6240.44327,2451.710214,9725.442199,77.44287244,1.871157386,1180.907681,2789.620505,2450.896258,1003.17,54070,1.63E-10,0.053837663,-8.02E-12
1171,1655.504276,25402.14756,5526.565907,1611.483642,9613.479158,76.5513555,0.064530264,1217.354504,2754.362714,2431.583687,1029.96,51319,1.71E-10,0.057329958,-5.25E-12
1172,1652.602433,23470.65696,4470.634084,1295.338761,9553.750799,76.10279505,0.020765127,1271.554235,2759.964538,2414.385499,1023.05,47988,1.77E-10,0.060873875,4.92E-12
1173,1684.115744,20426.2903,3587.709192,1243.240685,9580.012275,76.28863942,0.021059651,1524.141637,2641.10624,2360.868937,1023.27,44147,2.06E-10,0.064706216,-3.11E-12
1174,1674.270038,18000.97588,2033.61277,1031.362383,9533.39333,75.86251436,0.020384334,1487.032468,2506.056527,2328.256813,1023.22,39694,1.88E-10,0.063113015,4.51E-12
1175,1678.539237,15029.25052,1387.755682,676.2293697,9557.354636,76.03071314,0.020650893,1320.200823,2590.777951,2423.561655,1023.34,35763,1.65E-10,0.061233865,8.37E-12
1176,1678.512168,14468.59968,1478.824818,528.3692611,9566.333657,76.10552182,0.020769448,1435.670406,2488.766641,2411.605366,1023.25,35156,1.67E-10,0.058287464,1.36E-12
1177,1653.782616,14803.22641,1110.229851,505.8229214,9406.860283,74.79040852,0.018714934,1521.210798,2393.219995,2422.558208,1023.34,34915,1.63E-10,0.060205897,-3.09E-12
1178,1632.630003,14070.7768,1137.885201,479.901662,9325.204193,74.08131285,0.017589386,1435.16688,2357.415953,2411.524108,1023.46,33948,1.67E-10,0.063702921,-1.17E-12
1179,1625.292416,13645.97112,971.8060018,471.1764344,9231.871634,73.33701624,0.016407963,1389.085132,2304.934398,2357.983779,1023.59,33095,1.93E-10,0.064337538,1.23E-12
1180,1642.460575,13382.71748,752.6118551,473.4083113,9352.645029,74.01099778,0.017477774,1361.711877,2318.490806,2315.398178,1023.59,32697,2.21E-10,0.062589306,-1.86E-12
1181,1711.254864,14506.09898,995.9755899,539.3712381,9762.81459,77.42833662,0.022902122,1347.853835,2596.591025,2230.702154,872.94,34641,2.03E-10,0.053515159,-5.05E-12
1182,1856.81653,18584.40115,2667.382499,625.6339734,10671.00903,84.80647774,2.276907654,1676.162788,3148.826328,2254.165517,201.56,41773,1.11E-10,0.041199405,2.42E-12
1183,1836.400779,25661.30208,3981.858378,1291.490252,10517.03304,83.57146513,29.4122865,1705.776766,3028.304483,580.7450641,479.14,49195,1.16E-10,0.034599569,-3.78E-12
1184,1770.03763,27287.0786,4592.467374,1448.305543,10122.06309,80.40378552,343.3595767,1514.529834,2709.268862,2099.651839,481.87,52449,1.34E-10,0.036139226,2.96E-12
1185,1731.173643,28453.44579,4941.880734,1432.547629,9955.338091,79.75730656,848.0651428,1403.484947,2534.864103,2469.402109,469.08,54319,1.48E-10,0.039492063,2.38E-12
1186,1693.155874,28497.86929,5182.637073,1312.560924,9842.744799,78.27825955,1309.289905,1157.26591,2585.001069,2269.216098,619.03,54547,1.68E-10,0.049206951,-4.19E-12
1187,1678.011746,28196.24369,5412.323263,1179.206441,9728.242841,76.25328641,1738.275235,1049.13915,2546.345232,2169.384134,712.62,54486,1.75E-10,0.045023043,-4.96E-12
1188,1667.313869,27737.35966,5617.353559,1138.633614,9669.918456,75.72067707,1919.920458,1084.041724,2629.656815,2172.427488,478.7,54191,1.80E-10,0.046324917,-3.78E-12
1189,1661.11494,27631.95666,5853.287902,1058.745235,9608.513373,77.34309234,2032.293992,1083.580166,2689.258478,1667.374634,1.58,53365,1.79E-10,0.048477346,-2.62E-12
1190,1684.340608,28012.83586,5614.315101,1107.972953,9737.272597,86.58360524,1457.799999,1005.437984,2563.117998,1712.722257,1.65,52984,1.72E-10,0.048962799,3.74E-12
1191,1718.565548,28569.54277,6213.626888,1247.895395,9911.285742,77.82961199,901.2644644,933.9581564,2355.524485,895.8253755,346.73,53172,1.61E-10,0.048439997,-4.54E-12
1192,1736.511024,28604.30245,6681.583902,1362.078033,10019.60954,78.6968714,322.2201727,896.0258124,2261.746122,1993.245746,578.03,54534,1.60E-10,0.049678114,2.00E-12
1193,1749.87831,30299.83452,7212.173905,1782.287609,10085.10284,79.17441588,11.18353582,905.8202179,2189.761783,2433.475359,644.36,57393,1.67E-10,0.052500866,3.89E-12
1194,1709.141986,30003.54197,7146.799578,3021.584029,9883.045857,77.18636639,0.855685592,805.4201806,1996.421217,2475.077009,910.98,58030,1.54E-10,0.053875974,-3.16E-12
1195,1701.511334,29627.8564,7225.595139,1704.653653,9847.043739,76.88117366,0.066100827,719.8381609,2007.230157,2481.389427,922.99,56315,1.52E-10,0.055286646,-6.01E-12
1196,1704.051759,27607.37328,6126.614157,1196.566345,9850.374187,76.86849495,0.021978598,683.9792063,2182.99949,2404.139903,923.07,52756,1.58E-10,0.058805013,-6.76E-12
1197,1693.687239,23268.26299,4929.239023,1122.655662,9811.861294,76.45646699,0.021325621,617.6530276,2635.345368,2381.343136,1023.54,47560,1.94E-10,0.065534539,3.82E-12
1198,1619.491388,18588.62335,3439.222376,1145.044474,9857.241729,76.12697256,0.020803443,631.0251018,3100.363691,2347.316565,1023.58,41828,1.78E-10,0.056448276,4.69E-13
1199,1637.53006,13854.24694,2159.015727,591.4626052,10026.99607,77.3677971,0.022769885,1251.273382,3758.874938,2505.647435,1023.61,36886,1.38E-10,0.04772272,-2.54E-12
1200,1640.303881,11800.89326,2046.129668,543.2782529,10010.70391,77.28723752,0.022642215,1634.917647,4327.326689,2491.535291,1023.65,35596,1.39E-10,0.048477961,6.12E-13
1201,1598.955433,11839.84162,1986.782254,532.6321071,9617.786513,75.04977639,0.019126629,1497.40331,4310.226823,2462.626273,1023.73,34945,1.49E-10,0.053238323,-5.35E-12
1202,1622.859523,10931.4868,1734.899566,523.0513629,9578.793062,74.659277,0.018506789,1441.516324,4289.169521,2436.754818,1023.85,33657,1.58E-10,0.058756703,5.45E-12
1203,1610.206456,10520.75115,1392.282458,533.7768548,9402.342704,73.2238634,0.016228355,1344.589548,4369.906478,2362.32572,1023.64,32633,1.92E-10,0.061455545,1.03E-12
1204,1624.075491,10046.65491,1350.232691,536.5836583,9472.720183,73.7822684,0.017114712,1150.738969,4461.175047,2329.610761,1023.47,32069,2.13E-10,0.061092701,-1.32E-12
1205,1678.786732,11293.2277,1615.859001,569.5333867,9806.941152,76.29004751,0.021095314,1388.888408,4637.511919,2181.794146,449.2,33698,2.19E-10,0.053593703,-3.61E-12
1206,1821.355614,16675.57499,3384.373164,629.5310948,10621.83628,82.87790497,0.252417841,1719.066002,5148.423107,634.5234095,1.23,40719,1.23E-10,0.043985579,-4.10E-13
1207,1771.977623,21030.26922,4754.663857,1201.312759,10371.64356,80.8418918,103.1270655,1683.630074,5118.51594,1418.003633,1.05,47535,1.35E-10,0.035628443,-1.88E-11
1208,1669.645057,21220.31979,5181.903252,1216.307458,9777.629915,76.03561866,1178.243292,1819.106008,4809.624277,2016.873077,1.35,48967,1.84E-10,0.037744055,-5.21E-12
1209,1620.902186,20384.90701,4678.540796,1331.056434,9442.22021,73.29767136,2511.773671,1931.59977,4380.756689,2231.506603,148.48,48735,2.35E-10,0.041037644,-1.60E-11
1210,1558.331958,20132.23965,4534.442537,1399.725406,9046.587301,70.98450825,3526.68,1915.694425,4150.261248,1179.663607,1.44,47516,3.30E-10,0.050640116,3.24E-12
1211,1511.567756,18912.52432,4729.096796,1339.98951,8772.838714,69.69486945,4164.195483,1692.963858,4262.582922,1198.375557,1.22,46655,3.87E-10,0.04978784,1.67E-12
1212,1471.511298,17892.86749,4865.902604,1096.021462,8623.641378,68.36786293,4675.61033,1587.406862,4191.071211,1326.674386,0.98,45800,4.67E-10,0.054879956,4.03E-12
1213,1433.700515,16353.00785,4256.192781,893.3148974,8766.738549,68.5753071,4772.542654,2127.321334,4287.489118,2056.627288,106.55,45122,5.46E-10,0.060297594,-4.97E-12
1214,1480.165863,16790.44588,4278.146264,922.3820145,9035.991826,69.78159663,3751.126114,2668.217307,4119.834142,2141.037614,105.93,45363,3.96E-10,0.058619829,2.92E-12
1215,1565.850128,18248.25864,5012.046787,1351.535019,9502.561773,72.9457833,2489.276061,2808.580164,3951.148213,2146.084496,6.15E-11,47023,2.60E-10,125.2870652,-4.83E-12
1216,1528.262456,22881.42339,5715.650842,1402.364198,9876.638387,75.9783303,1029.0274,2749.966856,3656.569898,1229.972449,1.2,50147,2.10E-10,0.054210576,5.51E-12
1217,1542.732296,26526.65882,6380.081078,1671.891538,10032.8621,77.24088321,64.15924208,1931.897215,3437.644975,2347.707021,852.18,54865,2.10E-10,0.055167621,1.21E-13
1218,1658.622533,28466.14824,6923.338458,1964.246198,9662.012769,76.78489895,5.940874056,1501.757885,3114.544645,2449.608191,1034.05,56857,1.64E-10,0.054691324,-7.47E-12
1219,1647.932277,28062.28429,6889.955073,1833.222745,9245.549776,76.48593441,2.107031226,1232.291005,2813.569824,2455.186247,1038.47,55297,1.61E-10,0.054198555,1.43E-12
1220,1668.600349,26868.20503,6147.265064,1425.538659,9068.065314,75.74767777,0.020202342,1216.00602,2471.294555,2451.468256,1031.84,52424,1.61E-10,0.051124385,7.88E-12
1221,1663.701615,24041.80197,4949.457886,1126.875112,9195.276622,74.98418305,0.018992366,1273.783995,2237.58222,2358.821041,1030.75,47953,2.06E-10,0.053640654,1.49E-11
1222,1666.078757,20263.43776,3336.238365,1063.617277,9212.2999,74.95300173,0.018942951,1439.00282,2046.327892,2318.778794,1037.3,42458,1.98E-10,0.05350953,-1.86E-12
1223,1670.419447,16854.96931,2732.204165,636.7996247,9220.090522,74.98813932,0.018998636,1327.178136,1909.737188,2419.747862,1056.9,37903,1.69E-10,0.053388076,-2.25E-12
1224,1676.771802,16500.23544,2659.127826,497.8327155,9179.579164,75.21398744,0.019356557,1163.750016,1815.889444,2410.236621,1065.4,37044,1.72E-10,0.056376939,-8.65E-13
1225,1668.626231,16814.10933,2687.608631,450.9554592,8953.807288,75.04125296,0.0191131,927.3407865,1724.20766,2432.144173,1043.2,36777,1.63E-10,0.059919493,-2.96E-12
1226,1676.691674,16219.10814,2697.285232,418.3915442,9067.824077,75.34595569,0.019596755,668.1395511,1523.066561,2444.229662,1022.96,35813,1.58E-10,0.06198847,-7.32E-12
1227,1647.338228,15598.08632,2656.295969,401.0025968,9103.22485,73.91807841,0.017330283,770.2702243,1421.175505,2369.950631,1022.79,35064,1.92E-10,0.06973339,8.14E-13
1228,1665.669903,15059.17245,2678.582427,402.8090235,9202.415809,74.68900224,0.018553972,808.3892523,1449.060643,2339.538286,1022.72,34703,2.10E-10,0.065353758,-4.32E-12
1229,1720.925364,16251.96451,2858.010222,454.2428534,9538.701535,77.39680872,0.022852077,904.1792003,1569.582489,2330.552383,1022.48,36728,2.09E-10,0.05821813,-1.52E-12
1230,1841.46315,20333.19363,4632.46246,759.0289375,10207.79367,82.94790619,0.253306745,1063.063615,1855.118439,2098.86744,852.86,43727,1.25E-10,0.05255269,-1.54E-12
1231,1797.423731,25640.43282,6480.347062,1429.754957,9691.886814,80.80835722,136.500718,981.9871561,1669.379209,2090.448027,378.07,50377,1.39E-10,0.03885027,3.49E-12
1232,1710.979335,25957.39987,7436.357724,1357.944072,9183.854531,76.80815052,1095.111398,854.6145109,1372.382406,2399.026727,1021.56,52466,1.77E-10,0.038722217,1.63E-11
1233,1651.224546,25469.22008,7230.647441,1490.070563,9095.66019,74.11221235,2288.401592,829.9316653,1199.083627,2330.969209,1022.72,52682,2.25E-10,0.041128403,2.20E-12
1234,1609.835556,24872.45084,6763.561508,1144.464755,8878.425213,72.19589213,3228.393796,790.9123214,1122.327442,2232.253561,1023.23,51738,3.01E-10,0.050886524,6.12E-13
1235,1589.335269,24296.76321,6849.365829,950.9474554,8774.564165,71.30561048,3736.090384,732.8935815,1103.079416,2198.616111,1023.09,51326,3.32E-10,0.051030068,-5.64E-12
1236,1591.286084,24176.79047,6932.256877,1152.549815,8769.62727,71.27595491,3750.799915,612.7807347,1124.391414,2202.285057,1023.01,51407,3.32E-10,0.053589786,-1.01E-11
1237,1573.811765,24152.99246,7055.807931,942.9425814,8499.052325,70.99153848,3858.835666,501.7268653,1116.906848,2212.8905,1023.1,51009,3.21E-10,0.058483457,-6.99E-12
1238,1612.795158,25052.49743,7213.077399,1156.82484,8727.190372,73.3076114,2691.626415,528.6480767,1242.785739,2283.156097,1023.15,51605,2.56E-10,0.059134142,3.43E-12
1239,1666.906935,25876.7004,7607.264252,972.6861166,9255.790466,77.19323277,1785.77927,628.9920981,1360.785539,2308.022717,1022.76,52556,2.24E-10,6.881028464,-1.66E-11
1240,1730.723709,27545.13334,8381.625025,1104.823079,9609.86988,77.77457461,712.4985007,716.0854314,1469.988704,2349.856479,916.68,54615,1.93E-10,0.058727095,7.87E-12
1241,1752.330635,29199.70523,8960.526852,2469.28007,9728.153826,78.696907,38.73398782,740.9028156,1510.157089,2372.72176,1022.85,57874,2.00E-10,0.059172838,1.27E-11
1242,1732.110154,29791.74146,8983.363715,3516.252408,9590.394104,77.63162712,4.812868174,672.1537174,1535.191868,2457.496545,1022.91,59384,1.60E-10,0.058467445,8.99E-12
1243,1714.041102,29362.92937,8747.501842,2324.244495,9498.045822,76.9875781,1.13321503,717.014484,1649.398446,2453.995956,1022.76,57568,1.61E-10,0.052309992,9.24E-12
1244,1704.020194,28174.8572,7994.876908,1259.70668,9196.646391,76.50463988,0.021401965,841.016742,1838.019194,2461.56448,1022.82,54570,1.57E-10,0.053830298,-5.53E-12
1245,1671.761859,24703.28781,6755.416602,866.6993861,9075.553738,75.65128203,0.020049575,972.5652235,1953.132267,2364.985069,1022.99,49462,2.05E-10,0.063283627,9.31E-12
1246,1666.976987,20143.96508,5124.244502,849.7883522,9160.058075,75.66592298,0.020072778,1190.199078,2131.976393,2357.082045,1023.08,43723,1.95E-10,0.056507887,6.04E-12
1247,1660.553794,15323.72223,4959.889178,438.4688442,9325.863638,75.43700233,0.019709988,1429.03671,2209.573206,2405.427019,1023.07,38851,1.78E-10,0.061335306,-2.59E-12
1248,1665.167783,14451.58705,4795.890118,363.8467371,9327.992753,75.48317436,0.019783161,1434.793666,2330.807411,2399.522147,1022.95,37868,1.80E-10,0.060622208,2.98E-12
1249,1634.755968,14379.29823,4742.243889,353.0635495,9186.852706,74.34717225,0.018011385,1316.555973,2264.003142,2414.952889,1022.97,37389,1.72E-10,0.06153202,-4.85E-14
1250,1635.050493,13746.66759,4467.878546,319.256891,9006.042254,74.43265888,0.018147078,1264.106815,2356.048396,2434.511497,1023.05,36327,1.64E-10,0.063292078,-4.81E-12
1251,1620.082819,13161.17085,4412.037722,304.9641284,8841.668049,73.66856845,0.016934236,1265.668901,2391.318441,2381.360828,1023.11,35475,1.89E-10,0.067245457,7.06E-13
1252,1632.103858,12413.50995,4380.421615,314.7511513,9022.843807,74.23102992,0.017827032,1354.44643,2481.240492,2327.707626,1022.79,35024,2.22E-10,0.063786212,-6.92E-12
1253,1698.815728,12822.00677,4513.426005,368.756062,9564.487934,77.23894043,0.022601493,1654.854969,2771.34835,2339.879792,1009.22,36820,2.10E-10,0.057156868,-1.38E-12
1254,1826.553072,17443.5433,5732.434561,606.9083133,10283.82999,83.06831942,2.254835802,1927.403105,3232.091998,2410.76262,197.2,43746,1.22E-10,0.050115993,-6.33E-12
1255,1793.349742,22008.88758,7100.238637,1176.000375,10073.26593,81.50497651,121.9683505,1963.571303,3301.920573,2438.729047,799.6,50859,1.31E-10,0.036517399,-4.33E-12
1256,1725.436631,22664.21544,8135.834097,1065.221699,9617.501666,78.19577013,1084.50784,1935.730202,3211.639983,2440.34184,1022.41,52981,1.58E-10,0.035165883,-6.09E-12
1257,1677.479566,21918.33089,8435.211168,1067.940517,9060.043757,75.54566384,2355.732199,1975.037772,3319.510016,2380.135517,1023.07,53288,1.93E-10,0.037064128,-6.30E-12
1258,1641.248721,21250.94582,8309.423494,951.3217875,8757.327106,73.85419295,3145.560818,1978.226218,3415.608064,1676.296733,1023.23,52223,2.38E-10,0.04295389,3.98E-12
1259,1590.621345,20698.91634,8123.455354,811.8654867,8931.552348,72.46801983,3728.240202,1779.560455,3540.044992,1302.750101,1023.57,51603,2.77E-10,0.044642755,-6.91E-13
1260,1555.595476,18878.2873,8141.142601,807.5177444,8772.731538,71.15132958,4124.258849,1776.517014,3819.538735,2118.910561,1023.4,51089,3.19E-10,0.051145922,-6.14E-13
1261,1515.564273,17898.73198,8155.851947,742.4280031,8706.388276,70.39686452,4482.782564,1541.374193,3942.53904,2185.607194,1023.39,50265,3.75E-10,0.054332836,-1.83E-12
1262,1578.355046,18128.024,8247.944324,738.643554,8891.107694,71.90940687,3636.241825,1487.472982,3777.924477,2246.265018,1023.17,49827,2.97E-10,0.058323401,1.49E-12
1263,1598.235132,19113.0911,8583.271787,820.9853082,9156.508359,73.95438032,2679.639488,1514.374187,3681.297773,2296.805573,1022.9,50534,2.31E-10,7.06308321,1.53E-13
1264,1696.701952,21584.8393,9448.59536,982.7170994,9593.914876,77.36745667,1135.607023,1742.221703,3601.35044,2348.644203,974.1,53186,1.92E-10,0.059409589,-1.28E-12
1265,1749.051648,24641.16114,10305.56368,1802.833542,9797.106153,79.1396764,59.07159255,2141.611928,3453.235439,2389.374406,1022.91,57441,1.89E-10,0.05920151,-1.15E-11
1266,1733.502854,25641.30111,10543.35302,3156.777762,9691.494081,78.23948632,2.846638129,2202.289996,3407.32939,2473.870881,1023.05,59954,1.54E-10,0.055224638,-5.61E-12
1267,1724.338867,24799.44222,10390.63777,2326.517658,9631.262638,77.81966102,0.117616357,2336.829202,3394.926573,2472.995131,1023.16,58178,1.54E-10,0.047336297,-1.10E-11
1268,1701.987701,23447.05039,10041.62409,1283.985535,9594.095093,77.57186994,0.023093296,2375.203452,3442.907969,2453.334013,1023.27,55441,1.60E-10,0.053201094,-1.47E-11
1269,1711.688172,19416.8366,9211.007398,1146.125636,9563.448551,77.30389047,0.022668606,2434.210441,3564.756311,2362.353189,1023.31,50511,1.92E-10,0.062853085,-7.21E-12
1270,1729.744907,15546.41285,8213.239663,811.7335058,9703.127704,78.27918713,0.024214243,2626.996194,3815.071765,1090.129356,1023.3,44638,1.62E-10,0.059347238,-1.11E-11
1271,1699.187809,10846.87793,7525.094693,388.7637662,9533.691748,76.92603263,0.022069782,2413.505423,3791.345179,2418.54756,1023.09,39717,1.60E-10,0.052208564,4.19E-12
1272,1735.954465,9248.565137,7832.540351,335.1967555,9740.78979,78.55443894,0.024650458,2507.006293,3755.526596,2456.67103,1023.22,38714,1.56E-10,0.049507644,-1.51E-12
1273,1704.871284,9352.611213,7526.454385,315.054327,9542.152435,77.02255086,0.022258017,2529.945379,3702.610484,2452.19124,1023.12,38226,1.57E-10,0.055556021,1.05E-11
1274,1670.929836,8575.713082,7419.395681,267.101652,9436.748927,76.19409949,0.020943015,2624.119482,3675.882585,2452.873482,1023.08,37222,1.58E-10,0.059769081,4.80E-13
1275,1666.854594,8597.029878,7229.68448,268.1951442,9363.568637,75.32135129,0.019557701,2576.05424,3632.625409,1939.659801,1023.05,36372,1.73E-10,0.063093161,-1.59E-12
1276,1663.922806,9000.792744,7566.312908,276.1303672,9361.465319,75.0593474,0.019141821,2206.68051,3560.071049,1294.86334,1022.74,36028,2.30E-10,0.05753262,-2.90E-13
1277,1724.018961,9776.788915,7698.822549,332.6958731,9729.592546,77.86342581,0.02359274,2350.866238,3514.299161,2048.936899,526.13,37780,2.00E-10,0.038158863,8.75E-13
1278,1871.695088,13345.6518,8337.700457,551.5045084,10573.34481,84.56894371,1.23965493,2485.717731,4103.388822,2516.224357,676.99,44548,1.13E-10,0.026172401,-1.82E-12
1279,1829.350062,17532.69096,9706.133283,1165.926572,10337.32211,82.74759777,237.4080841,2506.946219,4439.891166,2489.197397,1022.41,51350,1.23E-10,0.023452289,6.59E-12
1280,1726.614897,17821.26851,9765.854321,1862.398254,9772.234901,78.33497616,1662.566178,2458.794006,4463.075974,2450.363946,1022.52,53084,1.54E-10,0.025963243,1.66E-11
1281,1652.603888,16783.86611,9700.301715,1612.834155,9288.074216,74.41740457,3295.935959,2317.011693,4436.239412,2340.865384,1022.88,52525,2.15E-10,0.029938248,9.98E-12
1282,1575.097879,14849.04138,9363.052259,1008.616052,8893.469592,71.20821918,4516.103324,2530.574535,4723.712134,2173.083672,1023.07,50727,3.39E-10,0.029044395,1.50E-12
1283,1567.538902,13433.60962,9294.602651,931.6825422,8847.092782,70.79733712,4850.425386,2595.626328,5160.866313,1762.768662,1023.02,49538,3.51E-10,0.030524741,-5.82E-12
1284,1559.057881,12211.88459,9215.952607,777.7386806,8803.551942,70.37026696,4960.053825,2489.138183,5615.126523,2197.098243,1023.06,48923,3.45E-10,0.032738338,-1.23E-12
1285,1531.771393,11825.39972,9056.451355,789.0988477,8741.958321,69.83916735,5114.831306,2515.922738,5528.805016,2146.929971,1023.03,48344,3.42E-10,0.037840432,4.22E-12
1286,1558.896005,11835.27781,9195.677269,696.6505127,8952.710035,71.59955015,4059.394012,2724.476073,5919.503661,2151.835762,1023.02,48189,2.89E-10,0.04069115,1.14E-11
1287,1617.143869,12708.32702,9714.096463,779.0301778,9326.02943,74.50510925,2775.103847,2771.804831,6064.32533,2312.888176,1022.99,49162,2.18E-10,4.244256678,-2.79E-12
1288,1696.088555,15282.06818,10150.13082,793.652785,9713.78821,77.60153905,1153.264096,3099.823109,6123.260435,2281.756978,881.6,51253,1.86E-10,0.034710084,4.07E-12
1289,1769.08655,18437.29319,10735.60809,1628.506899,10008.40354,79.97755011,65.6264233,3311.989346,6228.500506,2434.242383,1022.8,55722,1.68E-10,0.034468074,8.05E-12
1290,1747.612886,19226.39182,10937.13844,2752.068237,9824.743645,78.66057428,6.994322177,3423.045585,6096.770925,2482.857806,1022.75,57599,1.50E-10,0.034238223,6.58E-12
1291,1744.724482,18761.18668,10939.61272,1459.866018,9802.021314,78.43554603,3.196006934,3504.086481,6054.512327,2492.465951,1022.93,55863,1.47E-10,0.037527604,-6.41E-12
1292,1735.674022,16149.81645,10737.20303,1103.108789,9739.466612,78.01872123,0.02380146,3543.894764,5929.863641,2460.96599,1023.01,52501,1.56E-10,0.04582338,2.28E-12
1293,1706.265192,12740.82794,9482.302873,821.4375376,9727.04273,77.76911623,0.02340589,3627.628981,6206.894838,2136.022596,1022.84,47549,1.85E-10,0.055208135,6.05E-12
1294,1742.990976,10204.07865,8170.480181,758.0869323,9841.492789,78.6170434,0.024749673,3581.24944,6445.270084,884.9036152,1022.86,42730,1.52E-10,0.054462625,8.31E-12
1295,1723.449435,6553.231799,6912.583358,371.7680242,9716.654567,77.58451584,0.023113337,3439.04425,6464.635425,2196.443993,924.64,38380,1.48E-10,0.058479442,-4.77E-12
1296,1743.136996,5591.543226,7217.818815,342.1787803,9827.258775,78.47439762,0.02452361,3283.528369,6413.374393,2272.409369,923.31,37693,1.51E-10,0.05764564,-6.20E-12
1297,1688.497393,5233.553088,7786.557917,326.1446733,9559.070752,76.42790456,0.021314134,3152.116412,6183.865761,2238.247968,923.56,37168,1.63E-10,0.063181514,3.06E-12
1298,1678.054588,4931.384578,7159.452513,336.0765106,9465.449932,75.66442962,0.020102269,3083.295976,6025.271913,2213.023895,923.37,35891,1.74E-10,0.064435971,2.11E-12
1299,1666.356784,4761.987625,6652.801512,290.8614516,9354.762782,74.808839,0.018744189,2882.374697,6023.05395,2176.659845,923.38,34807,1.86E-10,0.066229454,-2.48E-12
1300,1668.974871,4659.843572,5939.490849,309.7898548,9392.520071,75.012245,0.019067056,2789.465484,5898.350093,2162.517864,923.08,33819,1.89E-10,0.063970571,-1.37E-12
1301,1698.947832,4879.372545,6107.440241,324.8724503,9571.575387,76.36910094,0.021220795,3079.269486,5686.552084,2072.717567,922.92,34420,1.84E-10,0.05791361,8.80E-12
1302,1772.610369,6031.307831,7161.784456,415.9184588,10020.33812,79.96393029,1.215414988,3326.341343,5529.12834,2179.929764,922.51,37441,1.44E-10,0.04802998,2.64E-12
1303,1766.298252,8972.416626,7456.313987,686.0075521,10001.50001,79.82931026,384.2195975,3494.528318,5539.809238,1345.941705,797.18,40524,1.51E-10,0.044599148,-2.50E-12
1304,1696.866769,9138.103509,7937.904445,956.180164,9551.522041,81.41100444,2105.452713,3561.59291,5308.895163,2321.797874,741.32,43401,1.88E-10,0.04659429,1.62E-12
1305,1605.50455,8687.100806,7905.410459,907.3686617,8978.980088,82.93997706,4053.524977,3505.692619,5088.608895,2260.860769,1022.06,44098,2.88E-10,0.051801998,5.31E-12
1306,1519.379134,7678.615102,6853.773391,694.6033662,8486.607409,67.80033448,5699.904608,3405.585759,5262.034259,1602.486435,1022.27,42293,6.96E-10,0.059797549,8.92E-12
1307,1457.415522,6937.963865,6077.487273,678.4945094,8139.252827,64.9775706,6796.460932,3215.480528,5259.611687,879.4632589,1022.46,40529,3.57E-09,0.067974308,4.31E-12
1308,1424.438411,6785.959625,6060.808177,649.8597347,7947.248207,63.52162135,7105.110084,3044.25479,4908.949985,383.450609,1022.47,39396,1.02E-08,0.071242781,-7.49E-12
1309,1429.612701,6707.867719,5793.634453,675.3481757,8000.746942,63.90493767,6512.762335,3031.183833,4666.144698,451.3470154,1022.52,38355,3.96E-09,0.072810793,-5.31E-12
1310,1471.931743,6978.09348,5761.623629,671.6859024,8263.820414,66.07530906,5511.963514,2980.683008,4642.884093,1030.068948,1022.24,38401,8.59E-10,0.070039903,-2.04E-12
1311,1546.005381,8395.964149,6092.69645,708.6908908,8400.033489,69.44875742,3876.380645,2996.168261,4620.743432,2215.507856,1022.35,39936,3.20E-10,7.989310442,4.17E-13
1312,1667.017301,11326.02513,8319.401384,1021.760278,8773.011143,74.93278976,1745.106512,3155.758034,4673.817695,2321.912588,1022.32,44101,2.08E-10,0.062850704,-9.53E-12
1313,1753.261561,15239.75487,10181.71336,1870.883052,9251.244956,78.74594316,162.6972439,3321.453782,4627.002902,2389.94495,1022.36,49899,1.89E-10,0.062623499,-1.18E-13
1314,1735.935041,16058.01183,10807.96461,3085.615662,9118.995292,77.76338353,9.031093453,3551.164827,4723.814107,2446.68516,1022.08,52637,1.64E-10,0.061009172,8.94E-12
1315,1714.585814,15380.15175,10631.25378,2224.894352,9005.185636,76.83582544,2.219616277,3656.610135,5099.968665,2431.894963,1022.46,51246,1.70E-10,0.060536698,-9.83E-12
1316,1713.092566,14392.4512,9494.07253,904.5208474,9002.825887,76.85786132,0.021961746,3623.519696,5224.869751,2423.289565,1022.54,47878,1.73E-10,0.061862285,-7.00E-12
1317,1728.537403,11749.02079,8180.005877,769.4420418,9085.844165,77.53637351,0.023037042,3721.833787,5517.427046,2377.041407,1022.35,44229,1.93E-10,0.061930641,-5.80E-12
1318,1737.028403,10078.75515,6811.989234,867.0168432,9126.271363,77.79106607,0.023440675,3781.953563,5569.015794,1415.016762,1022.2,40487,1.64E-10,0.061614712,1.84E-12
1319,1761.56508,7713.647519,5394.220951,332.7479839,9213.146712,78.44033766,0.024469632,3807.448548,5551.307148,2275.105572,925.41,37053,1.42E-10,0.064321178,-1.71E-12
1320,1782.93119,7181.988283,5317.779417,325.5027936,9338.613191,79.44667872,0.026064467,3789.473976,5450.807474,2319.817951,921.68,36508,1.36E-10,0.06701855,2.54E-12
1321,1724.501034,7133.485648,5999.462332,288.9192225,8967.335419,76.50328903,0.021433792,3542.895534,5221.856259,2185.061808,874.03,36014,1.43E-10,0.071980118,1.34E-13
1322,1713.748631,6931.448541,5231.159283,261.0535563,8908.645036,76.09564735,0.020786742,3416.08741,5119.89906,2183.517161,872.4,34714,1.43E-10,0.07511184,-2.13E-12
1323,1835.29059,7799.274624,5107.539179,284.8253996,9563.928493,81.34203308,0.029114338,2020.659291,4040.336033,2316.483057,872.36,33922,1.09E-10,0.067813941,9.12E-12
1324,1690.437132,6868.015151,4485.022622,248.6768618,8807.554645,75.16464046,0.019308953,3348.937146,4579.407811,2100.580029,872.26,33076,1.65E-10,0.075346846,-5.59E-13
1325,1677.537955,6712.856961,4955.951615,274.7926289,8817.824687,75.18228795,0.019336965,3332.664947,4447.498553,1992.480224,824.26,33111,1.76E-10,0.069194322,-4.22E-12
1326,1718.76633,7455.825433,5680.109735,318.0436543,8947.789754,76.22644587,2.209943585,3364.247945,4416.383506,1974.759516,822.7,34777,1.65E-10,0.062262147,-3.53E-12
1327,1714.610537,9026.512265,5182.299088,385.1690271,8983.998915,76.61010694,361.2043403,3321.241214,4368.125033,2129.708507,918.58,36468,1.73E-10,0.059032555,-5.98E-12
1328,1674.154724,9296.584916,4979.668986,499.3906665,8694.34709,74.36099738,2220.39252,3229.667767,4346.034674,2330.92056,1019.54,38365,2.13E-10,0.062899767,-6.66E-12
1329,1594.180859,8622.971511,5459.88162,702.6615622,8233.406485,70.72996215,4218.958507,3073.435452,4233.866129,2241.108026,1021.87,39473,3.15E-10,0.070113281,8.21E-12
1330,1514.285778,8006.498882,5151.862101,722.6936767,7784.451059,66.99916195,5820.727121,2892.358781,4267.779028,2118.434096,1021.99,39368,6.27E-10,0.07968334,5.00E-12
1331,1453.145215,7485.440275,4927.63317,709.7182457,7429.478678,64.13926539,6930.502553,2736.474358,4211.773348,2047.721192,1022.06,39018,1.94E-09,0.086300932,6.38E-12
1332,1428,8103,4473,790.0000002,7283,63.00000023,7280,2496,4032,2066.228312,1022.15,39036.29169,1.29E-09,0.086624497,7.47E-13
1333,1428.425342,8516.210395,5079.62431,686.5599801,7317.128808,63.20309155,6735.71301,2170.506835,3830.970094,2082.563181,1022.18,38933,1.01E-09,0.085047677,-3.37E-12
1334,1472.403649,8834.034437,5814.002485,624.4451152,7568.366766,65.24253187,5921.436459,2170.482867,3850.916211,2117.633378,1022.12,39461,6.73E-10,0.083899916,3.87E-12
1335,1572.2576,10394.49326,6871.44372,722.0955984,8103.598507,69.55413373,4295.308717,2428.626502,3919.398317,2225.965439,1021.82,41616,3.17E-10,8.561792549,-2.56E-12
1336,1700.504583,13617.29532,8860.76639,942.1089484,8833.364014,75.47387105,2112.19882,2657.107042,4047.988263,2348.198252,1022.06,46217,1.95E-10,0.065503295,8.07E-12
1337,1794.238484,17983.35757,10792.12476,1374.98088,9352.956363,79.62827863,197.4669385,3085.811385,4095.558741,2404.301554,964.64,52125,1.81E-10,0.064951906,3.50E-12
1338,1787.624917,18869.20378,11542.05859,3056.533948,9284.30082,79.16354813,14.23150843,3398.542711,4262.017123,2480.857492,985.53,55760,1.51E-10,0.064440254,2.68E-12
1339,1781.32786,18550.23696,11394.15517,1721.628087,9258.652075,78.9830941,10.50739981,3633.332111,4576.173695,2033.896336,858.17,53897,1.46E-10,0.062782197,2.71E-12
1340,1756.933047,16397.729,10763.83659,1032.968055,9133.495279,77.99159937,0.02379619,3618.046702,4771.423202,1995.150427,988.47,50536,1.57E-10,0.067689175,1.68E-12
1341,1754.141607,12921.51391,10134.24656,963.5725038,9116.159316,77.84849353,0.023569038,3534.542317,4914.828694,1937.843796,992.35,46347,1.81E-10,0.070767556,1.10E-11
1342,1772.425478,9948.129766,9157.853204,694.2291371,9251.403425,78.77152256,0.025034163,3578.39006,5100.746338,780.3351138,1021.76,41384,1.51E-10,0.069078822,1.24E-12
1343,1778.168934,7533.99863,6964.344388,298.0462751,9298.630217,79.11624134,0.025581336,3623.568717,5060.8377,1315.069076,1022.26,36974,1.36E-10,0.06575968,1.07E-12
1344,1731.295303,6932.403208,6333.563378,280.0744075,9277.303961,78.9799871,0.025365059,3647.964626,4908.242301,2334.013872,1022.2,36546,1.47E-10,0.06640927,-2.50E-12
1345,1700.253456,7039.351152,7351.990686,271.8388115,8999.773986,76.88254982,0.022035794,3376.085892,4644.57011,2114.987227,1022.32,36598,1.54E-10,0.075906186,-2.78E-12
1346,1714.601777,6606.728586,7792.274615,239.3475992,8895.901298,76.03923689,0.020697202,2905.023411,4421.426907,2153.306063,1022.41,35827,1.57E-10,0.080189048,5.08E-12
1347,1702.641184,6622.295443,7985.648292,233.8785641,8814.891994,75.35620551,0.019613025,2478.38595,4079.455978,2402.345192,935.16,35330,1.72E-10,0.078414952,4.18E-12
1348,1681.540558,6654.863351,7624.425951,237.4742745,8739.236128,74.68433266,0.01854656,2583.751765,3976.724188,2301.611839,1020.74,34895,2.14E-10,0.070932579,-6.87E-12
1349,1785.514589,8213.302769,8374.728781,275.6294178,9279.285924,79.05691956,0.025487174,2718.112684,4179.55549,1064.894295,985.95,36956,1.78E-10,0.056356075,1.35E-12
1350,1933.828355,12328.08297,9883.358759,538.8663342,10133.61786,85.91364285,4.472821202,3054.314687,4487.17594,1685.895221,670.51,44806,1.07E-10,0.036586513,3.35E-12
1351,1881.496289,17917.87673,11454.77,1118.84336,9839.952308,83.50652884,263.917323,2992.941724,4614.683265,1605.185086,2.86,51776,1.18E-10,0.032619821,8.02E-12
1352,1792.945737,18232.19938,11687.80667,1191.202502,9313.909073,79.4751264,1665.844357,3154.138325,4633.535644,1813.208837,279.77,53844,1.49E-10,0.03564603,1.72E-11
1353,1720.703403,17648.49652,11518.3357,1018.577571,8907.383431,76.30137442,3182.82746,3262.167233,4498.850306,1840.318326,662.08,54336,1.92E-10,0.041324611,-7.23E-12
1354,1662.488683,18125.27234,11341.04349,782.8311504,8633.421943,73.92931134,4127.786907,3136.860579,4338.044899,768.0926275,641.27,53631,2.50E-10,0.041934924,2.47E-12
1355,1655.57777,17945.32423,11377.14868,790.1216654,8592.319024,73.58169807,4380.54373,3142.905797,4524.932129,416.7257235,1020.87,53920,2.49E-10,0.050448657,6.93E-13
1356,1641.233958,18322.84441,11424.4594,688.2807058,8514.737362,72.90159822,4263.249912,3138.101797,4473.205645,637.9924296,921.05,54098,2.65E-10,0.057223577,6.12E-12
1357,1624.522338,17855.60435,11405.71298,847.7284018,8436.257164,72.33602364,4750.973999,2806.032009,3872.244065,1673.983127,1021.67,54367,2.82E-10,0.064455807,4.38E-13
1358,1672.852321,18774.48664,12133.01604,833.7428375,8697.542088,74.52139821,3387.190653,2645.367782,3531.046446,1715.370919,1023.93,54489,2.44E-10,0.067120567,1.05E-11
1359,1746.457606,19901.50809,12537.44676,783.9369319,9132.073443,77.96109598,2371.470632,2810.452161,3493.603063,2183.964233,1023.61,56056,1.79E-10,6.484021332,1.13E-11
1360,1803.134469,23331.15488,12912.62862,868.1887962,9461.925707,80.55551085,1084.375024,2847.141736,3128.907123,2146.254513,847.79,58512,1.54E-10,0.056381591,4.03E-12
1361,1828.796416,25904.40242,13105.65108,1367.733252,9566.822952,81.44396089,101.146588,2870.584488,2740.630502,2064.436484,694.41,60326,1.61E-10,0.058144303,7.48E-12
1362,1811.310942,26166.11643,13062.90111,2021.03443,9442.570767,80.58157396,3.311641232,2677.716237,2676.560616,2473.583982,1021.37,61437,1.30E-10,0.057736779,-1.66E-11
1363,1814.515029,25522.94854,13058.2829,1922.3879,9452.146679,80.69350801,0.5055288,2680.074557,2688.148773,2152.249202,1024.11,60396,1.26E-10,0.062619133,-9.24E-12
1364,1799.9875,24479.96557,12898.06996,1535.492392,9348.561094,79.91460474,0.026848579,2752.922322,2612.022122,2110.716529,1024.39,58642,1.36E-10,0.068945227,1.72E-12
1365,1757.952986,20891.79811,12479.12792,1027.134044,9156.556005,78.28587404,0.024263292,2387.800037,2509.751905,1997.726902,1023.91,53310,1.76E-10,0.068045967,-5.38E-13
1366,1738.747212,15873.77753,11933.80946,802.3757304,9168.332583,78.25638085,0.024216478,2391.631652,2514.437462,1451.905822,1023.77,46977,1.57E-10,0.068050719,1.09E-11
1367,1770.369607,10949.7209,11644.8561,308.7756048,9287.99307,79.16820772,0.025663822,2305.634603,2653.306486,1796.837561,1024.38,41821,1.36E-10,0.067802469,-6.72E-12
1368,1750.104043,10320.85962,11346.27821,253.8444242,9153.791493,78.11131791,0.023986219,1967.694293,2744.308007,2136.320352,1023.73,40775,1.57E-10,0.06574611,9.44E-12
1369,1709.460952,10811.91767,11404.01432,233.7480319,8921.813041,76.30873087,0.02112497,1795.047365,2785.020147,1823.832436,1023.88,40585,1.69E-10,0.063820305,9.96E-12
1370,1704.67934,9607.805901,11281.7785,215.7907879,8914.185853,76.27954106,0.021078637,1422.480169,3146.421915,2219.910284,1023.71,39613,1.77E-10,0.063370285,7.56E-13
1371,1716.564283,9573.49484,11114.02034,205.9667675,8895.701481,76.11760719,0.020821599,1379.901935,3259.830888,1979.967764,1023.48,39225,1.80E-10,0.066731643,-8.02E-12
1372,1746.084955,9848.363446,11173.86875,227.2786504,9068.412867,77.54227361,0.023082974,1547.020426,3504.405812,939.7978549,924.27,39057,1.83E-10,0.068114354,-1.07E-11
1373,1807.325318,12807.09031,11554.30913,290.0631214,9424.899607,80.39236994,0.027606937,1833.882913,3606.491422,363.2067436,1023.37,41087,1704,0.058547953,4.77E-12
1374,1908.456298,17119.13791,12395.49297,459.8299296,9944.980301,84.64868004,0.41235581,2254.673025,3881.287859,390.5080058,954.62,48120,1274,0.047334703,-4.32E-12
1375,1895.299569,22780.55031,13028.11567,1057.711451,9826.954251,83.62428569,268.129043,2254.635691,4208.961527,393.5203675,602.54,55126,1274,0.042159009,5.46E-12
1376,1751.651487,23598.14605,12842.48083,1076.87488,9255.318159,79.16053191,1473.518352,2526.192557,4051.242293,404.2085796,989.25,56774,1274,0.043718654,-9.32E-12
1377,1704.11623,23079.77938,12761.5391,1373.076163,8977.770423,76.9806943,2710.099351,2552.823457,3950.787018,357.0234911,1023.05,57294,1273,0.045300067,2.50E-12
1378,1639.545281,21731.557,12392.15706,935.8339519,8596.770955,73.77049113,3471.55173,2856.878705,4275.304402,213.7101116,922.97,56632,478,0.049681989,-3.92E-12
1379,1605.305471,21543.55355,12314.64688,698.7235013,8412.283362,72.33141232,4105.724893,2354.982486,4512.278288,168.7752878,922.45,56233,478,0.05513666,3.30E-12
1380,1563.386904,21594.3951,12077.7039,696.3704631,8195.918152,74.41020797,4687.763319,1668.926366,4323.371049,146.2957449,922.52,55484,467,0.061200446,-9.27E-12
1381,1558.143476,21656.77355,12101.46016,567.7802585,8205.200325,74.43327774,4883.280246,1730.934933,4077.951049,163.0769946,923.03,54666,1276,0.064264579,-6.59E-12
1382,1671.921659,22284.42786,12634.62444,687.5431494,8738.554474,74.99122948,3971.212859,1101.246553,3511.76598,258.310362,1023.46,54677,1281,0.058568389,-3.18E-12
1383,1733.009245,22709.4451,12855.59856,645.83851,9011.036175,77.01764589,2935.649327,1112.150901,3539.344027,319.38696,755.46,55403,284,6.936455661,0
1384,1804.995969,23753.83035,13445.99782,842.1841408,9389.079826,80.20598548,1434.581382,1316.252669,3656.260829,783.9770068,742.69,57250,1.49E-10,0.055973368,-9.16E-12
1385,1805.643221,26467.28748,13580.76223,1382.061863,9365.157487,80.00353708,142.3772548,1846.851214,4221.149335,367.2975815,1023.47,59813,469,0.06119499,-4.38E-12
1386,1795.039681,26162.18373,13565.80882,2457.371694,9284.257637,79.42017936,4.146806178,2344.077787,4181.915575,462.016352,1023.82,60892,468,0.058263241,-2.84E-12
1387,1780.961456,25561.14468,13511.32548,2172.49714,9243.60626,79.12562161,0.460732046,2425.370204,4160.163762,453.3319502,1024.07,59434,978,0.057278536,7.73E-12
1388,1769.421504,25472.81258,13130.34582,1380.271073,9184.900636,78.67024112,0.024873399,2100.770922,4454.877115,423.2121888,1023.75,58047,972,0.056959718,1.17E-11
1389,1746.557347,21659.48935,12545.82908,1239.554587,9076.107395,77.72931962,0.023379873,2239.581776,4521.314113,342.2320787,1023.64,52898,1574,0.058426438,-9.09E-13
1390,1746.272325,16255.20725,12363.68229,652.248073,9134.662317,78.15281915,0.024052094,2455.601274,4681.891353,270.7835486,1023.53,46686,1976,0.055307543,-4.55E-12
1391,1753.383699,11234.42291,11813.98546,306.8885455,9142.383125,78.17792989,0.024091952,2299.241161,5102.908724,386.5615459,1023.09,41523,1618,0.067198171,-8.41E-12
1392,1782.323797,10424.0396,11317.33264,286.360469,9348.098069,79.93553876,0.026881808,2287.947873,5117.018874,441.0720429,1022.92,40509,1598,0.075781404,-7.73E-12
1393,1710.375604,9898.017998,11097.01346,217.1638855,8993.297415,77.00190694,0.022225249,2305.232967,5068.00631,373.2688923,1022.68,40258,504,0.080663207,2.44E-12
1394,1710.298978,9858.835119,10982.78374,211.2151624,8960.24631,76.77361571,0.021862882,2021.050235,5153.281561,381.0433658,1022.53,39762,616,0.079944263,5.80E-12
1395,1678.105266,9679.72129,10851.59665,203.8285871,8794.742644,75.44539832,0.019754601,2433.423179,5043.181573,317.300443,1022.72,39288,812,0.084783653,-3.98E-12
1396,1702.203055,9274.684995,10870.04947,357.7031946,8882.712327,76.12383125,0.020831478,2839.552204,5288.712884,261.568878,1022.75,38612,1964,0.081671576,6.82E-13
1397,1719.167861,9403.476353,10990.8974,494.544082,9010.626623,77.12403987,0.022419111,3258.566415,5915.820869,245.2208629,1022.6,40160,1978,0.066919801,-1.36E-12
1398,1850.068408,12844.33526,12119.61511,740.8271421,9602.08949,82.19155817,2.426479071,3600.626064,6673.556227,335.2721762,950.04,46823,1978,0.047915435,-6.37E-12
1399,1834.783428,17793.93673,12660.04362,1494.20628,9480.066912,81.37761396,176.6113654,3698.510029,6882.146608,291.2911556,973.07,53388,1978,0.043748247,4.55E-13
1400,1754.235,17829.54431,12693.81782,2200.212564,9082.260268,78.37279245,1114.673134,3843.07298,7242.372883,336.7718391,1022.71,55220,1978,0.043583728,-4.55E-12
1401,1702.413287,17618.50111,12434.94412,2101.098655,8805.099121,76.27802201,2333.768688,3911.93165,7373.957323,303.0625526,1023,55707,1977,0.054526137,-9.55E-12
1402,1640.403205,16086.64321,12154.72014,1396.23002,8513.459687,73.33734516,3445.316939,3867.399525,7539.385812,183.9720564,1023.19,54890,1034,0.057935545,-6.59E-12
1403,1626.702904,15591.00388,12229.42787,1058.252631,8421.512316,72.54980254,4087.200699,3820.401632,7391.671192,150.416308,1022.92,54517,955,0.059233723,1.48E-12
1404,1620.775682,15424.98833,12256.26868,931.7447919,8376.998105,72.26084475,4236.684578,3735.714289,7663.487927,161.1751467,1022.96,54558,945,0.058364282,-5.57E-12
1405,1562.734732,15582.94418,12049.90932,754.4881638,8196.743061,70.44324148,4967.180699,3724.386937,7285.936024,141.4465851,1022.85,53387,1972,0.062943776,-4.77E-12
1406,1606.895298,16083.4335,12348.46866,914.607647,8477.19487,72.95289243,3550.069279,3744.728608,7132.359138,181.4996693,1022.86,53515,1620,0.069563053,6.14E-12
1407,1664.152698,16800.25689,12650.5372,899.626559,8747.388389,75.04845676,2549.706251,3837.451981,7000.193814,236.8060005,1022.81,54609,868,6.978238782,1.44E-11
1408,1727.971994,18908.22379,13142.81604,1014.662253,9113.238562,78.03972073,1188.120927,3905.350746,6831.96742,288.7939833,1022.87,56701,521,0.055438313,-8.30E-12
1409,1764.629473,21487.3964,13644.70068,1678.857678,9349.433213,79.98217206,121.9124544,3992.806275,6648.946256,328.5019221,1022.89,58781,1339,0.05652429,-1.09E-11
1410,1768.699193,21587.43758,13665.42663,2996.658469,9250.282424,79.32053498,3.165752499,3971.018484,6431.478115,398.8937991,1022.68,60572,603,0.060984201,1.39E-11
1411,1757.59611,20061.65857,13574.98939,1940.906448,9191.182117,78.84166899,0.452619114,3848.631888,6352.876465,1676.948601,1022.98,59507,1.42E-10,0.06388633,-1.16E-11
1412,1745.285786,18277.15483,13415.14247,1345.360447,9140.499414,78.45506537,0.02453185,3837.080449,6314.994661,2143.919799,1023.15,57321,1.52E-10,0.067450937,-2.58E-12
1413,1724.88605,14696.31221,13130.21503,955.9715494,9060.666728,77.74825337,0.023409926,3951.99669,6543.506813,1106.684048,1023.06,52271,1.84E-10,0.070774651,2.30E-12
1414,1731.312774,10834.71988,12865.39715,683.5571825,9111.664865,78.11282353,0.023988609,3954.275317,6727.637089,213.3488059,1023.02,46513,710,0.069876572,-4.21E-12
1415,1649.530199,6415.308144,10616.70818,484.9189896,8570.092565,74.86733563,0.018837041,3873.93659,6676.821419,1973.202283,998.67,41334,1.84E-10,0.074540291,-3.58E-12
1416,1396,3723,9410,381,6755,63,2.13E-09,3453,6005,1915,998.49,34093.80607,5.589958155,0.093974801,-6.16E-12
1417,1347,3658,9902,364,6656,63,1.25E-09,3475,6246,1548,998.33,34255.34008,1.897734551,0.09219034,-4.40E-12
1418,1364,3255,9413,345,6656,63,6.11E-10,3490,6445,1133,998.16,33159.24169,2.821948299,0.096360931,2.25E-12
1419,1364,3490,9069,344,6652,63,3.18E-10,3464,6594,844,998.09,32874.32267,7.66214051,0.105191332,2.93E-12
1420,1368,3955,8883,352,6653,63,2.51E-10,3443,6558,90,997.97,32335.08038,27.78154441,0.108072581,1.89E-12
1421,1357,4334,8886,434,6719,63,2.62E-10,3475,6728,1.92E-10,997.65,32364.49117,629.0674996,0.091329172,-1.21E-11
1422,1352,5868,8893,600,6794,63,12,3467,7016,871,1022.61,35895.50618,63.01795463,0.085869934,-8.10E-13
1423,1364,9260,10940,1410,6799,63,33,3482,7083,1.41E-10,915.47,40293.74794,1055.637692,0.084363359,2.05E-12
1424,1366,10787,11220,2062,6795,63,215,3498,7273,1.29E-10,1022.49,44173.18961,128.214667,0.085727613,-1.62E-12
1425,1380,11806,11275,2356,6804,64,464,3508,7676,1075,1022.87,47345.39332,85.39124139,0.085440492,-2.16E-12
1426,1406,12235,11300,2098,6812,64,788,3512,7967,1514,1022.88,48682.81272,35.98617249,0.081108661,1.75E-11
1427,1408,12876,11298,1420,6816,64,804,3507,8219,1906,1022.98,49311.99025,28.90959823,0.080148446,5.50E-12
1428,1408,13742,11313,1412,6610,63,820,3484,8305,1532,1022.99,49686.38269,25.52620985,0.081104902,-1.43E-11
1429,1400,13552,11314,1069,6417,63,1383,3502,8311,2012,1022.91,49991.07618,54.75069903,0.083122774,2.32E-12
1430,1404,12956,11326,935,6367,66,730,3490,8267,2013,1023.13,48535.31559,41.729774,0.084639391,-7.86E-12
1431,1402,12515,11328,1069,6372,64,446,3479,8128,2013,1023.18,47817.02026,12.65639871,9.503338925,-6.00E-12
1432,1371,13541,11276,1282,6362,65,168,3387,8113,2014,731.7,48308.10557,2.519017099,0.075414193,7.87E-12
1433,1388.486367,14850.09207,11325.26286,1580.473475,6362.604249,64.02204582,8.029697142,3391.796298,8020.323926,2014,549.16,49544.57,9.603120656,0.077864976,-1.40E-11
1434,1453,15843,11446,2340,6358,65,2.000000001,3347,7825,2004,245.19,50921.17431,6.934332841,0.081355152,9.23E-12
1435,1452,14697,11395,1646,6360,64,4.71E-10,3317,7764,2002,490.86,49180.56876,7.209696215,0.081544585,6.66E-12
1436,1436,11212,11364,1832,6356,65,5.67E-10,3299,7817,2002,516.01,45891.93866,6.979707175,0.091636631,4.86E-12
1437,1438,8251,11320,1159,6356,65,7.03E-10,3303,7751,1700,516.33,41844.85094,14.37655223,0.102509934,-2.65E-12
1438,1442,6536,10518,543,6364,64,1.28E-09,3210,7675,6.000000001,515.97,36860.82335,13.04486047,0.101790251,-1.42E-12
1439,1444,3477,9568,477,6362,64,5.58E-10,3229,7575,1785,516.03,34488.61803,8.309943456,0.102029772,-4.40E-12
1440,1441,2870,9830,456,6360,64,5.02E-10,3266,7608,1823,516.15,34224.30878,9.743292406,0.097927917,-5.20E-12
1441,1438,2769,10065,420,6370,64,5.10E-10,3369,7481,1909,515.93,34398.98025,1.85251483,0.097236912,-9.32E-13
1442,1441,2582,10021,313,6374,64,4.59E-10,3315,7357,1910,516.02,33890.01904,2.901189135,0.099768706,-3.84E-12
1443,1442,2654,9827,306,6363,64,4.50E-10,3216,7414,1910,201.93,33392.79505,5.032052108,0.102894851,4.27E-12
1444,1440,2554,9043,281,6367,64,4.94E-10,3163,7296,1910,735.22,32838.22671,14.88923874,0.10405161,4.61E-12
1445,1432,2866,9775,575,6372,64,1.05E-09,3176,7186,1783,131.49,33329.51338,30.88223173,0.094388008,-2.44E-12
1446,1494.131962,5458.53943,10124.58056,638.3439405,6734.908137,67.14499809,0.11961958,3000.77363,7460.602492,1899.37752,365.58,37244.03,1.62E-09,0.072285804,-4.76E-12
1447,1559.821257,9352.41686,10508.7321,1101.266115,6986.573649,69.36259401,84.87248734,3217.0222,7737.435443,2078.026105,146.63,42842.1,5.91E-10,0.058809806,7.52E-12
1448,1546.12415,11632.06672,11008.32045,1440.53476,6888.341323,68.5694465,413.4911259,3361.349444,7910.545935,2083.704536,754.47,47107.46,6.25E-10,0.05788541,8.53E-13
1449,1556.8302,13355.01361,11388.08855,1887.162398,7009.220367,69.18472895,820.5704821,3435.994054,8093.269832,2100.744923,921.4,50637.42,5.25E-10,0.059149822,1.16E-11
1450,1558.240605,14360.71982,11389.56328,1834.245778,7024.403896,69.10825403,1307.619273,3419.259271,8156.411354,2083.983367,922.59,52126.08,5.45E-10,0.06489553,-5.23E-12
1451,1547.499253,15159.10853,11265.05628,1478.610885,7010.065678,68.85840497,1390.269858,3375.850607,8228.551381,2076.337877,1023.12,52623.26,5.56E-10,0.068748958,-3.54E-12
1452,1555.948003,15319.52853,11334.55059,1636.942055,7074.188263,69.12552112,1431.474696,3411.271136,8242.417572,2095.396679,1022.96,53193.73,4.68E-10,0.073041618,-2.63E-12
1453,1565.864505,15064.4151,11412.73034,1345.623738,7170.599744,69.69583526,1713.179823,3546.947861,8253.93676,2087.691653,797.77,53028.38,5.71E-10,0.075361149,6.98E-12
1454,1598.190908,14870.93085,11608.11285,1048.078839,7357.599393,71.04453551,1116.960028,3584.092122,8194.595502,2144.24822,1022.87,52616.65,3.43E-10,0.073247367,2.82E-13
1455,1652.093089,14810.79317,12057.13519,1060.138072,7662.507343,73.52480383,787.9053179,3719.060089,8262.992546,2125.951452,1022.92,53234.95,2.54E-10,0.071077439,-5.18E-12
1456,1761.223502,16164.49967,12892.49842,1008.832031,8230.506579,77.43290581,395.6942965,3931.952551,8503.874047,2327.148236,923.97,56217.57,1.74E-10,0.062245983,-5.84E-12
1457,1734.938559,17537.38595,12690.65705,2244.252896,8123.90633,76.22314335,31.86946181,3949.882,8191.446919,2254.734754,1023.27,57858.5,2.18E-10,0.067058299,5.67E-12
1458,1630.056664,17644.37911,12023.25888,2727.141135,7576.675762,71.5454669,4.621980186,3799.227776,7743.938977,2214.548171,1023.39,56458.71,2.71E-10,0.073916315,1.35E-11
1459,1597.616178,15754.24754,11818.30343,2124.418545,7439.843665,70.0968016,0.179950596,3745.962495,7627.831891,2201.761891,1023.46,53403.65,3.01E-10,0.072382953,2.67E-12
1460,1592.929202,12582.61496,11797.78533,1476.775448,7417.722951,69.91980606,0.010949061,3678.668295,7651.543304,2196.556218,1023.51,49487.95,3.19E-10,0.086463424,1.23E-12
1461,1562.665717,9247.795276,11391.37041,1224.204114,7353.051199,68.49080905,0.008687989,3564.989326,7349.291411,2098.553643,587.44,44447.76,6.15E-10,0.100593459,-1.21E-11
1462,1510.783211,6850.01267,10865.14385,609.9910978,7144.118796,66.25440803,0.005157541,3318.144158,7093.967228,1346.018386,105.8,38910.14,7.22E-10,0.098960625,-9.01E-13
1463,1420,4341,9475,326,6790,63,2.50E-09,2965,6810,2012.263231,630.49,34832.65487,4.36E-07,0.098361732,3.96E-13
1464,1436,3294,9997,242,6804,63,1.22E-09,2742,6536,2013,1022.78,34145.11152,4.574134757,0.094343837,1.48E-12
1465,1436,3636,10397,221,6866,63,8.20E-10,2505,6050,2012,1022.79,34207.05384,1.641250752,0.094912295,-7.32E-12
1466,1416,3324,10212,214,6964,63,6.32E-10,2381,5865,2012,1022.97,33472.175,1.698508221,0.096493825,1.60E-12
1467,1414,3243,10016,212,6998,63,5.23E-10,2318,5763,2012,1023.03,33059.35826,2.57238689,0.099353869,-2.50E-12
1468,1415,3156,9559,210,7018,63,5.84E-10,2253,5683,2013,1022.98,32385.90447,6.977353591,0.098175094,-1.27E-12
1469,1408,3102,9960,206,7046,63,1.64E-09,2254,5525,2014,897.81,32471.40336,4.318008767,0.088632221,6.10E-13
1470,1582.301131,4271.057829,11444.71762,357.0060458,7980.683559,70.99971655,0.304268141,2615.671716,6009.919301,2179.426132,609.88,37121.9,2.76E-10,0.067322113,1.10E-11
1471,1781.424283,7766.332379,12421.44512,716.2177649,8954.491097,79.44172206,116.504693,2978.123943,6773.005851,2299.204512,7.09E-11,43632.1,1.46E-10,254.0913654,5.83E-12
1472,1761.760335,10463.78154,12540.48367,1062.409937,8842.724625,78.61926082,573.1775146,2907.183914,6778.431398,2320.125571,225.74,47554.39,1.51E-10,0.04777096,6.46E-12
1473,1664.062231,12538.41564,12179.31007,1317.209873,8348.143878,74.48009736,1109.986223,2683.091605,6509.948218,2255.410931,805.47,49485.47,2.06E-10,0.058766258,-1.38E-11
1474,1607.723177,13355.90105,11669.3236,1156.683672,8035.571337,71.57045184,1767.358069,2526.940653,6344.519843,2169.652756,769.34,49474.52,2.83E-10,0.064603625,5.64E-13
1475,1573.121018,13830.88094,11510.96066,888.9072891,7937.850709,70.39487554,2034.662966,2407.59896,6156.001956,2137.319895,833.7,49381.33,3.24E-10,0.069264091,8.05E-13
1476,1572.989726,13990.97886,11553.39971,871.5213139,7960.391882,70.33251691,2184.962594,2315.466919,5976.067634,2163.720304,972.77,49632.53,2.81E-10,0.071456447,-2.69E-12
1477,1575.040369,13953.57246,11558.93646,737.2700192,7957.35274,70.14427526,2625.772995,2271.904697,5700.317004,2201.601921,973.74,49625.58,2.54E-10,0.072937461,5.38E-12
1478,1672.093885,14385.60472,12103.28548,896.257556,8397.583313,73.8452904,1627.516949,2446.439626,5613.838522,2298.86375,1022.85,50538.11,1.72E-10,0.069088998,-3.36E-12
1479,1745.93741,14953.80686,12586.8463,731.1087134,8761.343529,76.86313852,1176.29392,2765.114019,5656.721006,2385.686306,1023.04,51862.7,1.46E-10,0.061200776,-2.34E-12
1480,1844.90931,16465.42452,13342.15829,1216.826499,9273.028613,81.06588748,550.4980042,3180.121933,5865.911039,2454.541861,1023.16,55297.59,1.26E-10,0.055956578,-1.79E-11
1481,1827.946745,19132.34882,13441.48376,1432.045425,9198.53729,80.30240287,56.07358845,3271.53206,5737.670918,2361.893479,1004.17,57543.94,1.55E-10,0.064490776,-7.99E-12
1482,1719.15062,18608.10935,12710.80918,2378.900354,8675.950154,75.71512284,3.905348936,3242.621778,5424.183848,2317.487148,1023.59,56180.35,1.81E-10,0.072905324,1.39E-13
1483,1704.308203,17219.19725,12582.34444,1788.421046,8610.077796,75.13378429,0.288441782,3264.846886,5369.74627,2332.908759,1023.31,53970.51,1.78E-10,0.072881813,-1.96E-12
1484,1678.279447,15572.69169,11741.58294,1160.922409,8497.268722,74.20975581,2.035473911,3052.714251,5226.084603,2303.442124,974.76,50283.91,2.01E-10,0.081418944,-6.19E-12
1485,1625.680125,12480.47823,11198.7065,774.440683,8212.374059,71.64753368,4.054731226,2982.182374,4841.724599,2176.27861,1023.43,45390.91,3.28E-10,0.087449735,8.56E-12
1486,1569.470559,9011.244353,10618.73606,740.3258498,7949.252341,69.21949986,2.019713154,2611.585397,4672.013512,2077.446454,1023.25,40344.47,3.76E-10,0.093734832,2.76E-12
1487,1507.00961,6956.33999,10035.49475,228.5858612,7632.152499,66.4338961,0.005441991,2326.918748,4283.148784,2013.450082,924.03,35973.47,5.12E-10,0.099666143,4.74E-12
1488,1504.979172,6279.747745,10067.34419,225.7686515,7614.401207,66.34927491,0.005307885,2350.632391,4270.093723,2027.148745,972.6,35378.98,4.96E-10,0.090404059,1.43E-12
1489,1483.094517,6350.452278,9977.221619,218.7922674,7523.064313,65.55961918,0.00405645,2276.504176,4129.999834,2028.375827,972.9,35025.88,4.66E-10,0.088506051,4.93E-12
1490,1512.407152,5521.321493,9897.578474,219.5612758,7679.035056,66.86851944,0.006130776,2287.804136,4070.305173,2068.870055,972.65,34296.32,3.48E-10,0.08746572,-3.11E-12
1491,1595.007803,6047.777986,10101.9206,216.3271334,8094.625005,70.45749938,0.011818541,1380.94881,3285.215206,2059.904746,923.56,33775.67,2.17E-10,0.086607047,1.22E-12
1492,1535.422336,5404.394713,9600.238167,207.4445559,7781.831771,67.75281295,0.007532192,2207.544447,3934.373179,1951.992586,923.32,33614.23,3.33E-10,0.0920994,1.36E-12
1493,1616.07876,5805.742444,9845.451551,248.8758548,8242.189418,71.7879606,0.013927038,2318.894454,4345.869106,1999.945336,923.49,35418.26,2.15E-10,0.078811285,3.88E-12
1494,1840.670498,7522.575902,10743.79189,351.4087235,9372.257173,81.69414699,2.711029362,2827.986007,5040.039609,2325.10839,968.08,41076.27,1.10E-10,0.053368338,-1.22E-12
1495,2053.467582,10646.77454,11747.01987,590.1841426,10464.02296,91.10003848,282.692979,3229.938846,5827.715318,2550.148379,505.21,47979.64,7.68E-11,8.634649679,-9.96E-12
1496,2035.578319,12362.36341,12183.07618,960.6200895,10408.03562,90.94495503,1279.22516,3067.789231,5810.82296,2596.882689,414.31,51209.61,7.89E-11,0.038605054,3.87E-12
1497,1883.374286,13828.47276,12067.7865,1334.341955,9825.548109,86.05958458,2256.851581,2772.178613,5559.883831,2538.852562,450.85,52604.15,9.58E-11,0.049778623,8.10E-12
1498,1791.467584,15205.97312,11569.36257,1122.081429,9290.003003,80.69079224,2708.36015,2396.974982,5348.258186,2392.243522,314.68,52220.04,1.23E-10,0.055332897,6.33E-12
1499,1748.155678,15648.30637,11233.82109,981.4766884,9069.842608,78.25473246,3035.176057,2130.753617,5368.468929,2325.931749,652.56,52272.69,1.39E-10,0.05752034,-3.01E-12
1500,1734.602256,15853.99938,11358.18762,771.7058263,8907.288201,76.83622343,3105.800089,1990.990354,5134.716802,2310.857347,1022.24,52267.17,1.43E-10,0.05409276,4.42E-13
1501,1700.851173,15874.10563,11334.06763,738.4407485,8768.214982,75.27144237,3570.103696,1784.15218,4720.239543,2319.142227,1022.38,51906.91,1.56E-10,0.05924909,3.67E-13
1502,1749.704094,15847.46481,11684.02217,711.1686755,9027.510983,77.33873768,2525.718138,2041.303031,4731.173543,2371.117745,1022.19,51788.65,1.38E-10,0.061924873,-8.14E-13
1503,1794.648562,16939.64453,11973.96834,775.0827053,9230.939662,79.10015477,1823.926473,1898.007936,4884.143246,2449.067596,1022.01,52870.48,1.25E-10,0.059207172,-7.83E-12
1504,1889.114446,19437.70737,12968.75096,1018.235386,9668.996056,83.06080499,916.7245706,2108.575172,4874.828706,2520.742119,1022.31,56508.99,1.10E-10,0.055598148,-8.12E-12
1505,1893.970313,21572.68398,12948.62638,1776.611341,9699.713326,83.09677033,112.6895302,2313.344809,4724.753764,2439.741731,1022.46,58587.63,1.27E-10,0.061954361,5.92E-13
1506,1794.828967,21307.57798,12626.36871,2716.255774,9236.972752,90.83611516,1.05738036,2124.346396,4049.708486,2382.08844,1022.48,57352.45,1.49E-10,0.071007134,5.29E-12
1507,1753.503917,20525.86191,11911.28465,2402.835336,9103.028117,87.09920794,0.329934663,1955.61409,3833.900445,2368.285294,1022.47,54964.14,1.60E-10,0.072910887,-9.62E-12
1508,1733.189072,19219.82127,11675.90515,1372.586995,8982.807283,77.88627154,0.040650699,1742.548718,3685.466236,2384.004754,744.12,51618.3,1.58E-10,0.07639236,-3.55E-12
1509,1706.224753,16984.56532,10954.85206,672.5814985,8865.175057,74.76069044,0.07443475,1402.314037,3514.889174,2261.844885,790.24,47227.44,2.14E-10,0.081905217,7.60E-12
1510,1672.27948,13594.35406,9670.771588,598.3929121,8719.064165,73.32607807,0.032729249,1523.044753,3367.212687,2148.761245,1022.01,42389.17,2.17E-10,0.07970266,-1.38E-12
1511,1652.831602,9821.472905,9370.797859,247.7237495,8603.699076,72.4601818,0.014992364,1560.074293,3354.563008,2289.431762,1021.84,37994.83,1.88E-10,0.079427805,1.83E-12
1512,1630.14625,8841.504731,9773.269294,242.1261358,8513.586622,71.64790936,0.013705086,1596.275063,3180.730724,2293.479652,1021.8,37164.5,2.07E-10,0.080087226,-8.28E-12
1513,1554.202947,8883.102922,9959.628927,210.7781453,8064.047157,68.78124092,0.00916203,1632.185503,2840.095851,2238.02288,1021.91,36472.68,2.45E-10,0.084736491,-3.14E-12
1514,1549.649987,8225.442491,9756.090001,202.7126251,7808.620051,68.06878297,0.008032937,1765.095729,2598.607763,2215.341222,1022.06,35211.61,2.73E-10,0.086685839,-8.86E-12
1515,1528.556934,8014.213414,9301.513491,199.9119518,7757.644054,67.12133407,0.006531433,1779.504872,2433.311195,2162.840786,1021.95,34266.49,3.57E-10,0.084562045,2.93E-12
1516,1503.817675,8096.914628,8816.675361,195.4554327,7695.403537,66.15511917,0.00500019,1809.634556,2396.938609,2079.0735,1021.89,33681.88,7.17E-10,0.083418975,1.01E-12
1517,1552.247913,9366.681696,8593.512925,230.7158279,7931.42068,68.37596947,0.008519762,1911.576568,2491.787606,2065.582447,1008.72,35220.56,7.50E-10,0.070151796,4.37E-12
1518,1649.470824,13020.65474,10373.14847,280.482128,8538.869734,73.20926916,4.436846699,1942.813872,2879.234369,2189.234238,192.55,41144.05,2.58E-10,0.054486562,-3.97E-12
1519,1680.158461,19429.2871,10232.61659,794.0025959,8647.330409,74.14051725,329.5804498,1765.37633,3024.161678,2185.785187,147.01,48297.17,2.22E-10,12.27931908,3.21E-12
1520,1692.098285,21343.73516,11133.88695,916.4370166,8754.192338,74.69642294,1330.02094,1481.47287,3102.252266,2238.434586,0.05,52067.23,2.03E-10,0.046837854,-4.59E-12
1521,1670.29692,21995.05934,11238.17918,1027.646868,8783.822881,74.59172831,2325.61187,1200.637319,3012.8494,2256.205993,106.22,53691.07,2.07E-10,0.051505872,3.85E-12
1522,1633.760764,21773.37063,11109.13314,992.0713548,8788.672476,79.50742002,3133.248762,1003.827904,2993.017176,2211.159664,6.11E-11,53612.45,2.38E-10,105.319295,-4.26E-14
1523,1647.27823,21421.70559,10919.86321,758.3492165,8752.530187,72.51180873,3409.990312,904.1094474,3005.234238,2192.428949,253.59,53337.53,2.51E-10,0.061185019,1.94E-12
1524,1631.042114,21220.68563,10854.8201,778.3774042,8698.660257,71.85735611,3469.615942,795.9711455,2997.47269,2174.452865,460.18,53153.07,2.66E-10,0.065505236,-1.36E-11
1525,1620.774929,21510.10875,10195.86349,733.8707633,8685.429482,71.41594299,3354.984896,772.7729691,2843.708622,2193.076671,807.99,52789.93,2.70E-10,0.066516389,4.29E-12
1526,1658.732164,22059.3016,10363.58675,732.2351517,8883.071987,73.17349152,2115.890597,865.0626699,2911.331397,2223.549789,883.01,52768.88,2.38E-10,0.065601752,-9.38E-12
1527,1708.569336,22720.53242,11022.97652,677.3576643,9161.838375,75.42705163,1290.937831,1050.668805,3110.66353,1839.138413,1021.81,53679.86,1.92E-10,0.059940413,-5.55E-12
1528,1759.505167,24214.68941,12313.31328,754.4173914,9481.146688,77.80299139,583.1506531,1337.000842,3406.044903,1826.017867,1021.95,56774.98,1.71E-10,0.059188067,2.05E-12
1529,1769.953065,25546.74213,12935.60682,1106.873079,9602.732093,78.40223613,64.11322119,1560.224992,3658.399842,1797.07788,728.47,58848.53,1.82E-10,0.065356017,-6.65E-13
1530,1662.106986,24304.36319,12640.88874,1528.391859,9152.517318,74.00797556,1.649538931,2074.48094,3658.191773,1773.935513,797.86,57668.32,2.02E-10,0.073836629,4.96E-12
1531,1643.869979,22992.94777,11060.8454,1041.869174,9150.951181,73.14950276,0.190006292,2747.395919,3906.981744,1779.104346,1022.28,55419.51,2.05E-10,0.075025206,4.25E-12
1532,1642.492337,21424.33136,8558.446886,1082.875665,9197.755712,72.90451776,0.031244536,2812.802279,4233.094559,1786.249764,1022.37,51833.28,2.05E-10,0.074326371,3.35E-12
1533,1646.544405,18198.75849,7492.666522,930.0368954,9264.921337,73.01152295,0.06336407,2834.238571,4318.081093,1705.431182,1022.45,47486.14,2.67E-10,0.063386384,5.32E-12
1534,1699.482941,14144.70528,6607.445706,676.4226261,9571.226865,75.31739262,0.039040864,2938.595941,4625.792626,1687.847516,973.77,43000.59,1.83E-10,0.055933775,-1.79E-12
1535,1746.648503,11035.54627,5322.763861,200.6490305,9887.705745,77.91193446,0.023632226,2956.008612,4913.430715,1896.980847,1022.33,39059.95,1.32E-10,0.049152104,1.49E-12
1536,1742.068725,10588.87469,4366.351708,193.0063666,9890.613941,56.20501782,0.023286915,3004.806957,4875.162742,1946.744034,1022.3,37686.11,1.30E-10,0.047472227,5.01E-12
1537,1652.530908,11390.14265,3952.877682,172.6551111,9443.835857,52.12769743,0.016602783,2580.777112,4571.955359,1842.05675,1022.44,36681.36,1.63E-10,0.055728217,-1.64E-12
1538,1615.688874,10841.89208,3564.565937,161.9151028,9277.599679,50.51265093,0.013955166,2170.922529,4446.414695,1794.144746,1022.43,34946.04,1.90E-10,0.060245421,-3.70E-12
1539,1563.423715,10605.85116,3290.692119,134.3937705,9015.008062,48.16767475,0.010110943,1748.484679,4392.927374,1704.145285,1022.52,33525.56,2.71E-10,0.063954755,-8.49E-14
1540,1521.642053,10251.48007,2950.348411,125.6084261,8835.970094,46.41611314,0.00723953,1443.80695,4325.559137,1603.880377,1022.67,32127.32,4.96E-10,0.068871578,-2.84E-13
1541,1480.697848,10668.39181,3127.036328,152.4126473,8640.359021,44.70708432,0.004437844,1326.903222,4292.770995,1513.112241,1023.15,32269.48,7.86E-09,0.065629418,-8.64E-12
1542,1411.463584,12793.07299,4204.742454,291.6635342,8338.605407,42.10634681,4.005230207,1171.120328,4133.94672,1508,985.92,34876.43,8.149644498,0.066952961,5.50E-12
1543,1419,16854,5917,714,8312,42,227,1285,3984,1508,124.82,40343.83965,26.84272042,16.13762722,-1.68E-11
1544,1414,18922,6892,726,8312,42,950,985,3757,1508,552.21,44044.17891,15.96716032,0.063925991,1.03E-11
1545,1425.115255,19142.46096,7544.114692,862.1406383,8344.511563,42.30806553,1808.970203,697.878926,3454.24037,1507,865.02,45692.56,1.138705996,0.061967216,9.02E-12
1546,1454.854472,19752.16057,7596.06814,707.3964526,8498.251639,43.60848903,2826.328665,625.7836796,3242.009136,1524.081547,659.46,46923.71,2.94E-09,6.29278618,-2.86E-12
1547,1433.568535,19565.76376,7739.12429,875.4049307,8505.381879,43.70845699,3257.190483,549.7515415,2980.047708,1531.084468,366.86,46847.82,2.14E-09,0.066048218,-3.01E-12
1548,1443.082128,19786.21051,7413.163616,1308.752149,8483.487817,43.47431496,3108.734957,650.6490468,2675.44704,1531.665054,421.48,46866.08,2.06E-09,0.06663335,8.84E-13
1549,1435.504872,19926.66164,7152.70514,1010.02696,8448.81868,43.10530714,3378.500264,713.8738711,2265.815221,1535.225374,693.18,46603.35,1.97E-09,0.067325107,5.36E-12
1550,1449.27348,20594.94065,7196.185169,716.4397631,8555.463303,44.17255152,2649.158904,736.7969798,2123.365892,1550.779935,1019.73,46636.24,1.27E-09,0.066628731,-7.09E-13
1551,1429.845404,21520.21769,7789.366668,769.9611273,8807.021118,46.22677756,2002.559571,657.3860552,2108.858328,1592.201896,1019.36,47742.94,6.23E-10,0.064637181,-1.90E-12
1552,1539.117812,23371.18061,10244.83181,853.980492,9371.742191,50.96239256,1049.013002,739.1735185,2304.881497,1690.084665,899.91,52114.82,2.91E-10,0.057985363,-4.16E-12
1553,1566.761992,24842.32201,11441.31396,1582.496223,9514.694963,52.13050476,161.6180556,709.4751616,2287.334596,1897.44299,1024.1,55079.63,3.25E-10,0.0604544,9.91E-12
1554,1424.899615,24612.13472,11101.68417,2214.665482,8998.976402,48.06847922,2.311703588,519.8553226,1977.299035,2160.392412,1024.11,54084.33,3.67E-10,0.067336821,2.15E-12
1555,1373.380474,23569.0838,10713.48534,1897.724503,8649.615113,45.83112183,0.061792288,387.9812052,1818.199073,2125.947894,1024.14,51605.38,4.88E-10,0.070315559,-1.69E-11
1556,1386.5079,22564.08936,9656.902858,1174.198027,8482.76436,45.2287108,0.010534131,341.0973166,1725.38149,2094.390711,1024.17,48494.67,6.98E-10,0.071269311,-2.32E-12
1557,1405.586055,20834.92698,8399.092663,574.0442671,8567.648683,45.86943869,0.025331841,357.608029,1736.637232,2066.769051,1023.86,45012,9.95E-10,0.06773521,1.94E-12
1558,1246.016006,19090.77489,6166.388761,708.3840566,8883.095617,48.49519918,0.021295735,471.9967834,1810.799666,2117.26944,1023.99,41567.17,3.45E-10,0.06171554,4.41E-12
1559,1488.46825,17413.0264,3815.3521,332.4187314,9190.052478,51.08788284,0.014898169,565.5532737,2022.701208,2208.044023,1024.17,38110.83,2.07E-10,0.059248745,-5.28E-12
1560,1544.302595,16316.39366,3677.171543,246.9351773,9244.715789,51.21774729,0.015649826,614.4245399,2049.161361,2282.660814,1024.06,37051,2.01E-10,0.058871875,8.75E-13
1561,1471.688075,16386.27273,3461.460343,352.571529,8775.703826,47.56726574,0.009452064,455.0247218,1760.70121,2208.047754,1023.93,35942.91,2.60E-10,0.066903969,9.09E-13
1562,1434.998972,15802.67536,3148.615772,222.5733675,8648.724769,46.39516697,0.007462084,401.5996812,1685.243488,2183.333619,1023.85,34597.95,3.27E-10,0.067663383,-5.37E-12
1563,1422.108442,15456.57005,2780.483405,201.7489165,8514.044433,45.43089331,0.005824947,371.639028,1656.319958,2134.887692,1023.8,33606.97,4.45E-10,0.068644694,6.13E-12
1564,1391.077311,14840.67292,2553.721578,199.0572072,8385.605267,44.46976623,2.008386304,429.6890806,1587.745395,2056.84438,1023.67,32514.49,1.07E-09,0.071292656,1.10E-11
1565,1339.741625,14902.35133,2774.008229,204.5352631,8150.188962,42.53426475,2.001814148,449.8770519,1455.370912,2013,1023.46,32339.56,17.43869309,0.070755315,5.25E-12
1566,1332,16656,4468,433,8090,42,4.000000001,476,1484,1757,800.61,35516.59299,25.94663666,0.070369164,-9.34E-13
1567,1328,19587,6404,841,8088,42,260,379,1611,1739,998.54,41198.4529,61.6946825,17.39241961,-1.18E-11
1568,1333,20330,7162,839,8086,42,1410,327,1590,2013,1023.63,44113.47053,42.09132738,0.068146124,-1.41E-11
1569,1338,20106,7293,861,8072,42,2755,309,1771,2014,1023.66,45558.80741,25.7891539,0.063433127,-1.58E-11
1570,1339,19785,6846,589,8074,42,3945,500,1922,2014,1023.91,46064.58798,9.130527419,6.191492586,-1.59E-11
1571,1272,19490,5918,610,8044,42,4640,670,2192,2014,882.29,45768.29172,5.934597934,0.063685115,3.97E-12
1572,1282.466126,19579.25461,5987.609508,578.9619262,7889.373677,42.39984419,4413.760311,585.2063207,2473.188468,1085,1023.89,44939.97,1.077074621,0.063715633,-1.36E-11
1573,1276.936273,19243.72805,6116.147132,471.6685317,7873.789349,42.20884774,4909.193957,618.8623913,2559.143261,1007,1023.99,45139.82,2.781528475,0.066258824,2.37E-12
1574,1363.587034,20173.89652,5908.674728,506.9664705,8327.749767,45.86371583,4223.721092,821.9340393,2935.49871,1068.148639,1023.66,46399.64,7.77E-10,0.060720488,-7.41E-12
1575,1550.488685,21703.17399,6560.887418,630.0946339,9111.563329,51.17692919,3307.526925,897.79524,3402.031838,1181.684558,1023.54,49419.91,2.72E-10,0.053549795,-2.95E-12
1576,1731.624754,24413.45451,9097.630218,752.4741551,9921.144065,57.00061175,1879.456675,1168.72328,3820.297437,1309.600944,762.52,54913.88,1.61E-10,0.046651992,4.68E-12
1577,1773.886087,26906.77792,10522.31886,1166.236054,10123.0047,79.20725941,329.5879,1257.822383,3665.480859,1311.196269,1023.77,58159.24,1.58E-10,0.048299172,-3.72E-12
1578,1643.371499,26348.76628,10310.7257,2095.375099,9413.350115,94.12496472,4.434383471,1104.329643,3328.251473,1260.007464,1023.9,56626.58,1.97E-10,0.056620177,-2.03E-12
1579,1564.448599,25020.25429,9852.265621,1590.378039,9007.763009,90.6389334,2.027038915,1517.766493,2924.928777,1219.819328,1024.07,53814.3,2.49E-10,0.060133499,-1.88E-12
1580,1555.853062,23418.82782,8149.265448,967.4039734,8932.857206,90.06321451,0.025516502,1945.579452,3056.353161,1205.389018,1023.89,50345.45,2.75E-10,0.057869222,7.18E-12
1581,1541.334913,21033.50685,6459.940619,731.1240543,8858.525227,89.88662469,0.050073808,2005.163662,3165.563584,1139.9783,1023.94,46048.96,3.78E-10,0.053908917,-4.24E-12
1582,1543.856289,18172.10133,4481.688305,560.6046296,8929.119363,90.08145674,0.025696206,2049.968707,3155.290384,1137.932188,1023.92,41144.54,2.90E-10,0.048346332,5.17E-12
1583,1533.565204,16316.22145,2348.25872,213.0385565,8881.68046,89.70817954,0.012254658,1901.440962,3035.163981,1216.134817,1023.7,36558.88,2.50E-10,0.044587969,-3.81E-12
1584,1506.414491,16402.82067,2337.128185,189.3106698,8694.897882,88.94474582,0.01142228,1453.21604,2831.767385,1350.116466,1023.67,35878.25,2.62E-10,0.047957489,6.31E-12
1585,1502.866236,15830.53265,2401.926432,187.0450054,8506.394512,88.46597166,0.010634822,1599.430239,2690.892382,1733.16616,1023.66,35564.34,2.40E-10,0.050220652,2.76E-12
1586,1497.161263,15408.07659,2246.369927,181.1893804,8166.084883,88.21773324,0.010226535,1668.472189,2522.11253,1725.666141,1023.54,34526.85,2.48E-10,0.050858819,4.61E-12
1587,1501.319651,15144.08419,2004.992782,164.160344,8114.439212,88.16884206,0.010146122,1704.755198,2407.839582,1697.568934,1023.71,33851,2.72E-10,0.048877285,6.00E-12
1588,1510.608902,14426.03688,1928.593922,160.02463,8135.533645,88.6157727,0.021762411,2011.218285,2430.489732,1639.055342,1023.49,33353.64,3.49E-10,0.048867763,-6.04E-12
1589,1564.11745,15500.38119,2347.640321,184.0991929,8223.636203,90.87848117,2.058411061,2231.115449,2507.697608,1628.207745,1023.43,35303.22,3.57E-10,0.042052894,5.36E-14
1590,1733.729279,19048.30033,4785.381788,532.8956603,8673.619183,98.17370845,8.95765379,2372.149308,2976.409345,1817.636463,1024.04,43071.26,1.49E-10,0.03271848,8.81E-12
1591,1818.667879,23075.91551,7542.620005,1087.764617,9129.387303,101.9086815,564.4235947,2509.688788,3283.723601,1889.286947,1024.12,52021.46,1.15E-10,6.046924106,-1.30E-12
1592,1791.256311,24030.04116,8138.965664,1043.910522,8986.361883,100.7408932,2134.263968,2689.292928,3195.021314,1882.652047,1023.86,55016.34,1.20E-10,0.026687965,9.03E-12
1593,1766.320759,24460.59016,7878.240762,1312.580088,8882.278873,100.0477767,3357.158461,2630.635903,3183.692193,1896.10514,1023.95,56491.57,1.25E-10,0.030118423,2.97E-12
1594,1744.076706,24383.97946,7892.635249,886.2309047,8731.651724,99.20032713,4292.540501,2628.932715,3301.867595,1876.429475,1023.91,56858.33,1.36E-10,3.124651957,-3.11E-13
1595,1757.800148,24295.68475,7463.09793,871.8817834,8773.557827,99.6561093,5269.716711,2663.054373,3488.108287,1903.207575,1024.08,57609.82,1.30E-10,0.025498014,-2.43E-12
1596,1765.952793,24238.3729,7371.441278,764.5942788,8733.822336,99.86526719,5966.277586,2583.904871,3682.645787,1882.177455,1024.63,58113.66,1.25E-10,0.024546308,-6.92E-12
1597,1791.956571,23181.37903,6959.799228,662.3702079,8820.807742,101.0326373,6302.030527,2978.776869,4022.671493,1935.667313,1024.53,57781,1.13E-10,0.021622954,1.47E-13
1598,1847.299823,23374.23367,6756.651872,775.0466043,9115.796511,103.5845167,5462.043439,3056.223243,4230.356627,1985.621689,1024.32,57731.16,1.01E-10,0.017993198,4.92E-12
1599,1940.534053,24621.72942,7414.821163,806.8815424,9401.610228,106.7747313,3959.006634,3167.629752,4413.336208,2029.141439,1023.91,58885.36,8.90E-11,0.015169057,-2.43E-12
1600,1966.317012,26750.99866,9223.790751,881.4255985,9646.164552,107.9064817,1982.909932,3180.288789,4286.252706,2050.680899,1023.89,61100.61,8.84E-11,0.015383109,5.97E-12
1601,1883.292913,28251.42569,10504.78879,1032.840452,9331.169553,106.3858671,276.7114856,2835.740071,3900.630054,1936.431818,1023.98,61083.37,1.11E-10,0.026695937,-6.66E-12
1602,1791.433848,27797.56349,10640.13785,2487.965717,8554.774745,110.8961854,3.712699179,2514.633269,3460.380733,1909.707156,1023.97,60295.14,1.20E-10,0.035698532,-1.60E-12
1603,1764.502871,27658.75733,10110.99692,2156.924638,8392.358062,101.1375341,2.110091254,2347.593685,3591.040884,1939.017574,1023.73,59088.13,1.22E-10,0.039588386,-8.40E-12
1604,1727.50832,25698.72776,9318.572011,1212.577762,8204.393874,98.28812845,0.050040333,2557.137776,3715.289293,1903.867062,1023.68,55460.05,1.37E-10,0.042023244,-5.73E-12
1605,1687.790505,23028.4845,7447.072852,833.5431161,8002.450183,96.40843333,0.088803904,2308.496676,3786.891698,1783.904737,1023.65,49998.73,1.81E-10,0.051501262,6.10E-12
1606,1655.481816,20891.3461,4277.034631,710.4996963,7798.027459,95.20210021,0.040747223,2132.363703,3785.922562,1730.367482,1023.75,44099.98,1.75E-10,0.056294909,9.62E-12
1607,1638.183483,17720.33403,2742.054727,215.8923353,7631.292656,94.21391511,0.018848635,2112.976202,3674.812284,1820.610789,1023.66,38673.99,1.69E-10,0.059267906,-3.12E-12
1608,1635.636329,17618.73964,2458.907088,200.5954663,7550.078114,93.53348411,0.018394712,1912.653437,3479.855428,1792.558926,1023.54,37766.06,1.90E-10,0.056303897,1.87E-12
1609,1585.214802,18263.08417,2347.165945,178.5841831,7257.8637,91.57976933,0.015278739,1544.588543,3241.873719,1774.26127,1023.87,37308.04,2.04E-10,0.061381553,4.97E-12
1610,1590.40013,17760.81292,2254.546687,150.8503448,7271.83297,91.80852956,0.015643588,1282.839458,3266.104505,1774.243924,1023.7,36467.09,1.99E-10,0.065113628,-2.21E-12
1611,1584.047584,17712.46772,2148.014875,145.8211732,7239.610724,91.55924111,0.015245999,1082.74814,3094.746405,1766.58885,1023.65,35889.2,2.00E-10,0.069960638,9.88E-12
1612,1580.731954,17628.10237,2087.837771,145.0380479,7229.491536,91.41047197,0.030017455,890.4565677,2987.311741,1716.440536,1023.6,35380.39,2.35E-10,0.061015129,-2.75E-12
1613,1620.649819,18290.11445,2951.875338,160.985976,7421.364914,93.10030406,2.106223006,774.215649,3066.189843,1698.908141,1023.54,37103.01,2.53E-10,0.040658066,4.07E-12
1614,1748.447899,21351.59355,5471.353787,334.8547214,8081.812276,98.91012375,15.34849472,838.9652765,3432.33415,1862.832969,1023.55,44259.97,1.45E-10,0.033250026,1.81E-12
1615,1797.443613,24876.06168,8433.888627,1133.86637,8323.27089,100.9967906,611.4729424,864.5386223,3603.574911,1905.913764,1023.54,52668.13,1.23E-10,6.438209336,-2.13E-12
1616,1788.365971,26534.53934,9312.914929,1103.04517,8284.602756,100.6437443,1560.579272,839.6581615,3410.885221,1918.621753,1023.98,55877.81,1.22E-10,0.02632051,-7.60E-12
1617,1762.743462,26977.23315,9185.023466,1282.139192,8141.292364,99.44164412,2794.396859,743.0577998,3296.670586,1911.150326,1004.89,57198.01,1.33E-10,0.028851767,5.09E-12
1618,1762.161672,27034.22559,9078.231386,1149.796623,8114.276367,99.3989758,3811.737387,665.5193902,3218.021944,1910.335906,994.56,57835.42,1.37E-10,2.845237625,6.88E-12
1619,1788.211508,27589.3205,8838.585933,750.2944071,8293.580435,100.7086326,3914.217655,642.95686,3453.570474,1964.900781,1024.41,58360.73,1.24E-10,0.027185263,4.81E-12
1620,1793.020522,27572.79187,9117.938632,814.100036,8298.181054,100.8810487,3605.161498,689.7847462,3415.30341,1944.756597,1024.51,58376.4,1.20E-10,0.029418619,4.71E-12
1621,1789.975476,27694.21134,9115.21538,733.4207877,8235.50975,100.9061332,3233.988773,854.4785449,3272.699172,1968.036255,1024.59,58023,1.16E-10,0.031608508,3.22E-13
1622,1827.70507,27977.84811,9222.921902,777.7166778,8300.474848,102.7573764,2120.610443,1035.883041,3363.269678,1999.594629,1024.39,57753.14,1.09E-10,0.031777845,-2.92E-12
1623,1867.855753,28529.43893,9653.249183,768.2525479,8550.802395,104.745492,1320.935985,1152.05828,3267.325259,2015.717177,1024.13,58254.48,1.02E-10,0.03099881,1.46E-12
1624,1887.550432,29159.40797,10746.53709,964.4201958,8630.932726,106.1292583,588.0487981,1332.275066,3038.67077,2010.530826,1024.17,59488.64,1.03E-10,0.033128693,1.49E-11
1625,1864.219263,29531.53156,10985.22146,1534.021082,8589.489093,126.6825934,75.86019002,1604.07821,2950.609212,1969.877994,1024.37,60255.92,1.14E-10,0.040659701,6.36E-13
1626,1810.150694,29029.25801,10476.42983,2464.247355,8187.14171,121.450192,3.728153618,1618.639349,2839.612494,1956.845467,1024.43,59531.89,1.19E-10,0.043258998,-4.60E-12
1627,1798.731077,28344.90232,9685.612353,2267.270929,8307.801093,102.4267517,0.12051181,1777.474864,3054.889443,2010.532855,1024.55,58374.27,1.17E-10,0.042194425,-9.08E-12
1628,1783.325052,26457.81747,8833.396395,1069.634356,8260.333281,101.6834358,0.058756525,2152.806634,3223.809614,1997.690697,1024.11,54904.63,1.24E-10,0.035696157,2.73E-12
1629,1766.778431,23274.15209,6323.988572,684.0847158,8209.168477,100.9374101,0.113397665,2909.728317,3320.649268,1896.091942,1023.28,49508.93,1.46E-10,0.042621945,-5.95E-12
1630,1745.541244,19368.91251,4281.837758,681.0828453,8167.655386,100.0336026,0.054073771,3179.67593,3505.099819,1847.166967,1023.24,43900.26,1.31E-10,0.040130807,2.91E-12
1631,1709.020231,15786.85258,3256.624905,194.0278539,7969.507285,98.19913022,0.024286552,3193.123828,3675.180954,1945.912894,1022.87,38851.29,1.36E-10,0.053944867,3.72E-12
1632,1688.819802,14782.85586,3321.748422,180.2655414,7848.147267,96.74390381,0.022823381,3245.25803,3792.899711,1912.790706,1022.5,37891.99,1.51E-10,0.062062862,-2.02E-12
1633,1681.522232,14665.22754,3063.541392,147.4498791,7764.636509,96.35710216,0.022224617,3071.471503,3966.3163,1957.948232,1022.61,37437.04,1.36E-10,0.062911573,-2.32E-13
1634,1693.092979,14134.41511,2882.722366,135.7484997,7735.903248,96.98657749,0.023199037,2611.817108,4157.908937,1961.511214,1022.63,36432.7,1.32E-10,0.059239352,1.25E-11
1635,1691.425353,13261.8424,2688.67083,134.191549,7780.576738,97.0806871,0.023344717,2654.029614,4365.056374,1936.560078,1022.48,35631.88,1.37E-10,0.056966253,1.06E-12
1636,1662.369427,12153.13422,2443.235397,135.1349662,7930.922275,98.40581259,0.05079199,2951.123847,4837.970827,1926.83385,1022.6,35161.73,1.34E-10,0.051415795,5.37E-12
1637,1802.338547,12359.9653,2592.676298,167.9810879,8363.314868,101.9999066,0.185757646,3323.953863,5332.728085,1999.325346,1022.36,37066.79,1.10E-10,0.039059777,-3.59E-12
1638,2018.081658,15161.77384,3797.997531,298.8960104,9678.831145,112.574863,6.461134484,3680.072672,6287.88686,2265.459487,1022.3,44330.31,7.54E-11,0.025195627,4.07E-12
1639,2229.458352,18437.09159,5664.306618,923.4022072,10682.73487,121.6830457,361.2278474,4000.47692,7092.320341,2436.37428,1022.43,52969.07,5.88E-11,2.436068111,-3.04E-12
1640,2112.819891,20961.32404,5895.908561,1133.325108,10085.88236,116.2650333,1042.284608,3609.89831,6954.285309,2313.194355,1022.64,55247.81,6.89E-11,0.017578387,-7.80E-12
1641,1990.524476,22193.02684,5531.310087,1371.276612,9471.807052,110.7220144,1743.276989,3276.795771,6734.519636,2228.866783,1022.98,55675.08,8.28E-11,0.026265361,-3.31E-12
1642,1925.933342,21963.31,5288.393932,1379.457979,9143.107219,107.9292978,2443.872292,2910.787462,6663.317125,2153.175433,1022.96,54999.67,9.52E-11,2.574081065,-7.71E-12
1643,1888.232839,21793.86079,5190.860467,987.5188631,8986.296936,106.1916773,2692.768931,2795.811808,6649.834503,2137.424831,1022.84,54251.61,1.00E-10,0.03164232,1.12E-12
1644,1869.570673,21998.27047,5231.677499,774.7826993,8877.107651,105.3104068,2834.684909,2611.816633,6428.521919,2097.795589,1022.99,53852.49,9.91E-11,0.038448518,3.86E-12
1645,1874.807091,21613.38973,5108.112378,712.691904,8918.291478,105.5605484,3072.882959,2559.398728,6304.59267,2133.833895,1022.85,53426.37,9.54E-11,0.041386425,-1.08E-11
1646,1947.285123,21357.89608,5464.520723,800.3266341,9193.706051,108.8527075,2612.790683,2636.811439,6425.12899,2227.849521,1022.67,53797.8,8.27E-11,0.037955963,1.95E-11
1647,2028.683133,22012.16935,5841.028267,706.0274418,9521.115301,112.6353236,2182.452735,3154.246321,6593.03742,2295.497922,1022.65,55469.51,7.32E-11,0.033214957,1.22E-11
1648,2085.775902,23559.01573,7055.642806,893.3471249,9998.20062,116.7911988,1357.34065,3275.664053,6790.867701,2347.583039,1022.74,58502.94,6.87E-11,0.028826067,2.39E-12
1649,2096.787202,25482.54103,8101.429277,1290.084998,9920.501465,117.8649831,311.7306764,3160.24729,6488.961769,2290.806287,1022.7,60283.62,7.47E-11,0.034978135,-1.07E-12
1650,1990.004766,25619.86818,8282.944516,2388.573633,9411.463154,114.0915142,2.016673315,2849.140126,6050.918879,2224.467019,1022.96,59956.41,8.32E-11,0.038460835,-7.64E-12
1651,1919.402541,24970.94466,8010.103252,2470.512329,9451.078353,111.6605539,0.170218387,3015.304245,5803.074477,2223.148422,1022.95,58998.31,8.34E-11,0.039049822,5.84E-12
1652,1930.006306,23477.58509,7223.930674,1378.337713,9485.271304,111.2111438,3.211982176,2893.587722,5701.651688,2228.736125,1022.92,55456.41,8.25E-11,0.039744936,6.66E-12
1653,1920.484391,21786.33342,5403.294204,819.3431696,9326.562398,109.3778843,0.15940544,2687.07615,5109.286841,2114.538147,1022.64,50299.05,9.67E-11,0.046015091,-1.39E-13
1654,1836.539227,19041.79708,3931.663414,702.4863051,8991.959264,105.8903944,0.069651296,2478.64722,4416.857317,1986.052683,1022.8,44514.71,1.05E-10,0.052551651,-6.21E-12
1655,1796.115113,16684.46825,3103.417024,238.0961256,8676.387129,102.9251271,0.030503101,1976.908577,3870.48202,2038.621842,1022.49,39509.89,1.10E-10,0.051712384,-4.57E-12
1656,1761.993875,17522.31274,3029.796737,184.6676363,8499.857586,100.4997438,0.027819164,1283.180111,3154.907178,1996.366721,1022.64,38556.2,1.22E-10,0.050150962,-8.32E-13
1657,1712.798644,18109.0342,2994.785018,221.0143359,8259.918137,98.34129738,0.02457338,933.7372134,2619.473061,1978.90614,1022.63,37950.61,1.30E-10,0.052624067,-3.59E-13
1658,1703.261243,17893.84667,2880.144939,174.719811,8026.469456,98.15046861,0.024286419,811.3330734,2137.66664,1963.737963,1022.58,36711.88,1.34E-10,0.05455452,-5.23E-12
1659,1712.966915,17589.88666,2732.316828,163.4624339,8056.811747,98.50060952,0.024812947,537.90156,1798.956802,1981.240041,1022.42,35694.43,1.28E-10,0.05841215,4.13E-13
1660,1725.716408,16799.12648,2615.87081,170.2562955,8122.850287,98.80063473,0.050528225,659.1435762,1941.842482,1985.281993,1022.32,35141.2,1.28E-10,0.059491224,-4.67E-12
1661,1816.233266,17265.83877,2971.056695,201.5930629,8748.455723,103.1806641,0.191103736,627.2722374,2160.123264,2093.393259,1022.2,37009.49,1.03E-10,0.048045405,1.87E-12
1662,2052.267373,20247.0634,4171.072997,313.0047328,9981.558024,114.7381514,6.166133326,985.9588882,2854.381128,2366.496655,1021.92,44114.6,6.91E-11,0.027481432,-6.89E-12
1663,2288.088892,24006.22457,5872.832053,622.2288681,11139.90949,125.7711988,452.9531526,1254.048588,3434.188674,2638.202968,1021.83,52854.67,5.29E-11,1.608454039,-2.69E-12
1664,2223.447477,25388.47211,6530.829597,1010.521268,10854.15738,122.936361,1701.533987,1161.958123,3189.669214,2568.254983,1021.51,55773.28,5.74E-11,0.010502698,1.67E-11
1665,2103.756382,25605.38721,7329.871789,1221.178431,10226.70457,117.0589333,2992.409464,957.0250341,2846.780723,2408.308906,1021.61,56830.07,6.77E-11,0.021443011,5.79E-12
1666,1997.052107,25013.28714,7502.021321,1005.133688,9716.46785,112.3948991,4183.580253,872.678384,2633.760741,2289.64951,1022.66,56345.72,7.82E-11,2.965890538,-1.37E-11
1667,1960.989113,24827.04217,7157.511475,984.6684607,9554.733141,110.5338466,4501.508509,1016.647139,2633.676479,2250.066654,1022.86,56020.21,8.25E-11,0.0269901,-4.91E-12
1668,1948.579272,25290.71809,6988.933354,973.0581522,9458.809472,109.7061398,4030.531931,1130.331746,2622.801488,2234.149247,1022.81,55810.41,7.98E-11,0.01889383,8.34E-12
1669,1961.477187,25488.47717,7245.231553,767.3756683,9331.773788,110.3166748,3812.368807,1151.596958,2563.1544,2256.483657,1022.9,55711.14,7.70E-11,0.01585912,-5.74E-12
1670,2009.52805,26121.18705,7352.029526,874.604566,9553.46527,112.5620065,2864.40059,1014.516977,2634.409292,2302.399748,1022.71,55861.8,7.26E-11,0.013071615,6.66E-12
1671,2058.39701,26659.35965,7829.639593,796.7087402,9804.648569,114.8833666,2054.932869,1164.176479,2844.899717,2322.823719,1022.62,56673.07,6.83E-11,0.019708667,1.33E-12
1672,2120.659748,27935.07072,9177.923972,852.9220107,10305.37693,117.8922011,1053.755827,1369.223698,3080.256016,2360.536957,1022.69,59396.28,6.54E-11,0.028076239,-5.96E-12
1673,2083.789717,28771.12454,9419.927521,1648.411076,10175.57499,118.1385666,169.5989676,1732.478047,3017.517176,2245.471764,1022.84,60404.83,7.69E-11,0.04235988,4.50E-12
1674,1965.136859,28273.56499,9075.867654,2795.35137,9578.110758,113.8165698,7.156187596,1903.83607,2902.301123,2174.314371,1022.96,59812.36,8.66E-11,0.055954286,1.04E-11
1675,1883.309406,27988.0886,8485.435741,2728.836509,9542.512226,112.181993,0.16885031,2125.682276,2950.434197,2182.345379,1023.16,59022.1,8.56E-11,0.05517318,-1.21E-11
1676,1839.292533,26890.03297,7778.553174,1475.002177,9495.72238,111.3932119,0.208167224,2068.184269,2945.595324,2197.086981,1023.3,55824.32,8.37E-11,0.051191098,-7.57E-13
1677,1821.346413,23940.82071,6634.026246,1058.525434,9317.088838,109.392605,0.155639801,2043.79517,2646.19258,2100.26826,1022.87,50694.43,9.79E-11,0.051896389,1.06E-12
1678,1832.454436,20864.28811,4483.84556,757.3998319,9166.088795,107.8469608,0.073428866,1986.251851,2563.922172,2071.931534,1022.94,44856.99,9.83E-11,0.052679242,-4.97E-13
1679,1831.554491,18255.41213,3070.71669,253.4304522,8944.821639,105.6527346,0.033597634,1955.636602,2369.554216,2094.990506,1022.85,39904.6,9.77E-11,0.053062382,-3.89E-12
1680,1822.984551,17460.35533,3150.200348,138.8500055,8772.231768,104.5000323,0.032942946,2002.005911,2243.516044,2097.4525,1022.88,38814.96,9.83E-11,0.049435919,-3.97E-12
1681,1784.299334,17491.5638,3163.360055,136.4456579,8476.33263,102.5864278,0.030141183,1954.879675,2032.174413,2092.652964,1023.02,38257.29,1.01E-10,0.055094143,-4.75E-13
1682,1782.344799,16509.67057,3068.804916,132.043473,8456.502541,102.5272141,0.030054486,1982.273618,1992.211479,2067.061834,1023.31,37116.72,1.06E-10,0.060502575,-6.40E-12
1683,1770.875576,15719.06211,2913.247023,126.6903039,8494.61228,101.6375707,0.028751934,2044.653168,1950.99071,2016.310442,1023.68,36161.73,1.16E-10,0.05794026,3.37E-12
1684,1755.364838,14629.69771,2777.635143,139.8079789,8522.857161,101.2087178,0.056248076,2367.579635,2145.957862,1964.939025,1024.38,35429.44,1.30E-10,0.044323633,9.64E-12
1685,1783.685457,15538.21185,3016.780395,145.2363242,8692.506592,102.8010377,3.274098593,2380.120744,2268.893685,1918.856459,1024.63,36874.97,1.45E-10,0.026643436,-6.65E-13
1686,1885.537208,19901.18623,4340.199447,265.697504,9187.839367,107.6742575,6.841930626,2341.76038,2544.290828,2057.399088,1024.59,43663.01,1.06E-10,0.006238249,7.42E-13
1687,1928.768178,25697.62457,5927.48675,763.0345126,9372.210618,109.5292985,244.7544361,2449.93672,2737.965716,2120.715477,472.58,51823.95,9.55E-11,0.656274408,4.60E-12
1688,1831.073687,27685.694,6273.566918,925.2690236,8883.240536,104.7308596,886.0420375,2272.959437,2492.420165,2026.861215,758.38,54140.23,1.15E-10,0.007875928,-4.98E-12
1689,1782.471765,27740.71179,6688.090207,1006.052662,8662.811782,102.5059193,1466.608912,2338.425334,2262.763482,1959.762894,1024.75,55034.94,1.33E-10,0.014742938,-4.98E-12
1690,1735.762306,27142.32136,7095.838194,811.1969952,8513.534959,100.6542723,1994.576596,2403.282548,2230.15181,1901.990078,1025.05,54952.55,1.52E-10,1.809118746,-2.97E-12
1691,1710.289874,26514.3042,7356.3683,815.2055317,8361.488351,98.80011516,2275.949202,2170.481667,2313.631232,1865.25092,1024.85,54506.6,1.69E-10,0.019389397,6.58E-12
1692,1710.437308,26574.26676,7659.014293,858.9944813,8288.04505,98.25173378,2206.121346,2050.707152,2311.953533,1843.946776,1024.71,54626.43,1.70E-10,0.018435441,-8.66E-12
1693,1713.46095,26689.16018,7731.654794,698.8425691,8313.502197,98.59687279,1986.432024,1875.735828,2283.462291,1856.250432,1024.74,54271.82,1.63E-10,0.018140995,-1.31E-11
1694,1725.567358,26491.64343,8077.162609,661.1706004,8365.802271,99.1920992,1712.044151,1733.773636,2250.789252,1868.842546,952.56,53938.53,1.57E-10,0.017950533,1.37E-11
1695,1764.514275,27172.73281,8366.770294,656.134699,8553.618617,101.0031295,1130.256965,1624.10709,2358.580252,1902.047491,721.81,54351.56,1.39E-10,0.015626217,-1.58E-13
1696,1804.792329,29432.4725,8836.730721,762.0950019,8780.271406,102.880141,613.006891,1646.01422,2353.397005,1914.446042,987.25,57233.34,1.35E-10,0.016260654,2.67E-12
1697,1800.237272,30178.2123,9749.975506,1496.851829,8849.59061,104.2959612,129.0553217,1591.491711,2348.167813,1875.234041,1024.54,59147.63,1.52E-10,0.022366452,-2.35E-12
1698,1664.099921,28616.87596,9989.265501,2014.471658,8188.923235,98.31675873,6.620979007,1540.566668,2048.221642,1820.248267,1024.88,57012.46,1.83E-10,0.030584636,1.37E-11
1699,1620.795193,27144.70617,10004.08582,1864.847792,7962.30242,95.32474802,2.108921646,1816.099305,1915.120874,1296.653431,1025.07,54747.08,2.04E-10,0.034674133,1.10E-12
1700,1597.484058,24307.61216,9743.003438,1113.140514,7848.426311,93.98284624,0.082640319,1971.167522,1839.646601,1749.125608,1024.79,51288.43,2.38E-10,0.031694111,-8.53E-12
1701,1573.249461,20224.56968,9316.02409,850.7747854,7826.810757,93.71098027,0.064791039,2184.511956,1804.963577,1697.260635,1024.62,46596.53,3.14E-10,0.030717702,2.52E-12
1702,1590.254516,17248.77041,7488.677682,526.6657764,7888.361113,94.17469677,0.033678276,2142.376729,1800.557286,1751.964117,1024.6,41556.4,2.38E-10,0.036000721,5.41E-12
1703,1576.253855,13744.30947,7168.243907,157.4560329,7929.102308,94.58589473,0.017407877,2076.108107,1825.595261,1830.545985,1024.22,37426.39,1.75E-10,0.048227748,9.82E-13
1704,1562.078744,12850.0352,7218.460895,146.573971,7863.22047,93.62754383,0.016563453,1861.700391,1843.013724,1817.153851,1023.81,36279.63,1.86E-10,0.06135209,-6.79E-12
1705,1511.568454,12454.1363,7076.446708,88.33927096,7596.873275,90.9969554,0.012816176,1788.88446,1786.755167,1790.500264,1024.54,35208.99,2.09E-10,0.063673765,-5.33E-12
1706,1502.922663,11428.44508,6974.052775,84.69586254,7539.900312,90.45634596,0.012046077,1721.705482,1647.806625,1767.087002,1024.79,33781.81,2.29E-10,0.064190924,1.39E-12
1707,1467.939454,10734.91549,6882.030587,77.36692585,7391.090045,88.66276435,0.009491118,1666.676931,1490.384346,1697.643869,1024.84,32521.49,3.21E-10,0.06990547,-6.56E-12
1708,1419.542208,10232.24088,6788.693939,73.5681165,7273.021284,87.14698681,0.014663781,1632.25787,1422.549957,1627.860052,1024.75,31581.57,5.34E-10,0.075959817,3.95E-12
1709,1388.165488,10729.89879,7208.332844,79.02067865,7148.308898,85.47813438,0.044591467,1305.868212,1341.145906,1513.763445,1025.3,31825.26,3.16E-08,0.066985651,-3.55E-12
1710,1354.776072,12554.96875,8297.76185,231.444487,6921.779401,82.95839472,15.08737502,1201.265474,1253.61409,1507,1025.56,34446.16,0.002348026,0.05354203,1.98E-12
1711,1337,17031,9201,657,6832,82,425,833,1080,1507,1025.49,40010.42742,0.006061053,0.056517742,-3.64E-12
1712,1338,19043,9384,757.0000001,6835,82.00000009,1570,574.0000001,874.0000001,1023,1025.78,42505.72297,0.001450912,0.055580045,5.05E-12
1713,1423.398368,19998.27477,9826.554557,875.4045334,7284.824687,86.36600789,2864.269521,442.4865407,936.3581326,1583.516397,1014.37,46335.77,9.05E-10,0.05351451,5.55E-12
1714,1465.489593,20215.23323,9987.386489,675.0919179,7530.977854,88.52350173,4080.734167,390.6595973,967.7178282,1626.129858,863.07,47885.82,5.45E-10,5.194033339,6.15E-13
1715,1484.019683,20082.99788,10036.94554,613.5042164,7666.860964,89.49147243,4458.007688,285.3457566,1054.221023,1655.956388,798.62,48225.92,4.21E-10,0.050611136,9.67E-12
1716,1470.819999,20012.226,10014.58672,533.526289,7626.486062,88.79044785,4505.636922,197.3891597,946.7614623,1641.507865,994.33,48032.01,4.45E-10,0.050929712,7.75E-13
1717,1478.468349,19577.09929,10103.7997,517.4754442,7748.597453,89.95994316,4695.251965,287.7069944,1144.633246,1667.856604,1026.13,48336.93,3.60E-10,0.048986177,1.19E-11
1718,1506.254497,19376.00098,10216.70449,538.9492826,7898.936698,91.442051,4265.515616,285.4167656,1259.654332,1694.121125,1017.65,48150.6,3.08E-10,0.045838332,-1.37E-12
1719,1576.094286,20558.82427,10504.43751,602.6350923,8198.350818,94.38974912,3502.015205,335.6100586,1465.097533,1741.406575,253.4,48832.22,2.34E-10,0.041098602,1.98E-12
1720,1639.12037,23294.68576,11256.70417,792.641968,8521.859308,97.60905401,2085.511296,297.3381704,1615.681974,1787.086513,536.7,51924.9,1.92E-10,0.038583876,-6.66E-13
1721,1670.149106,26105.45643,11929.23672,1245.339928,8668.4951,99.96183568,447.2108246,299.9917214,1743.007538,1782.833617,352.27,54343.91,1.97E-10,0.042824997,-3.05E-12
1722,1556.480427,25316.7526,11329.60245,2589.134474,8157.30765,94.54061713,9.561999487,226.5766887,1717.645782,1741.968975,629.65,53369.17,2.37E-10,0.051663367,-1.21E-11
1723,1471.75795,23756.09381,10688.03442,2339.001671,7762.896415,89.51107542,6.119698413,249.8577768,1961.045348,1671.200923,820.96,50816.42,3.40E-10,0.059093298,-1.02E-11
1724,1441.378994,22508.14311,10142.88097,949.6888168,7612.177006,87.70469195,1.030670387,339.3859346,2308.647851,1631.430039,553.52,47575.93,4.75E-10,0.058086849,3.63E-12
1725,1478.806851,18743.24681,9436.216934,634.6531493,7803.84476,89.66703481,0.010332931,557.7540134,2726.842233,1616.629311,940.82,44028.44,5.47E-10,0.05143339,4.80E-12
1726,1550.640945,15410.43585,8155.415488,549.8884292,8197.653271,93.77548514,0.015869926,818.9209582,3144.797903,1742.643874,944.81,40608.95,2.36E-10,0.048071383,-2.65E-12
1727,1599.999664,12042.9608,7715.814504,185.7687482,8444.53891,96.35075096,0.019340635,1015.863806,3521.975222,1829.422953,1024.85,37477.52,1.70E-10,0.044698925,-5.64E-12
1728,1611.000502,10873.82028,7392.610793,144.2045869,8499.975251,96.55183633,0.020182852,1166.970831,3891.68205,1810.287875,1024.84,36511.91,1.82E-10,0.054189432,1.16E-12
1729,1567.185629,9999.713798,7015.484316,128.8961851,8305.80861,94.6071232,0.017485608,1525.522059,4094.006735,1806.948399,1024.65,35562.78,1.89E-10,0.060338989,-5.36E-12
1730,1544.631442,9090.685816,6274.392546,109.5513764,8182.97096,93.09963966,0.015394785,1611.118787,4290.374529,1802.193887,1024.52,34023.49,1.93E-10,0.064378296,-2.87E-12
1731,1502.059744,8379.141738,5766.022007,90.39572211,8068.875017,90.73679768,0.012117612,1639.917303,4587.279753,1689.487894,974.26,32788.12,2.48E-10,0.068094979,6.00E-12
1732,1491.198141,8379.467378,4909.678828,88.47153572,8057.477203,90.16216576,0.022641237,1528.575543,4523.362791,1598.753316,974.26,31641.36,4.24E-10,0.069542723,1.18E-12
1733,1463.038483,8285.699516,4828.377511,86.92901948,7905.281046,88.69846032,0.083614623,1578.514003,4856.437688,1424.25344,958.56,31475.82,9.54E-10,0.052782058,-3.18E-12
1734,1358.296716,8916.091984,6886.752498,197.1393962,7390.363502,83.49355287,120.3770133,1605.714088,4903.986411,1404,129.43,32995.6,0.000922912,0.044239052,-4.71E-13
1735,1335,11051,7532,787,7248,82,536,1721,5253,1506,806.65,37857.59281,0.007527608,0.049660184,-5.38E-12
1736,1334,11326,7917,752,7239,82,1690,1979,5699,1506,901.71,40425.66014,0.004183371,0.045679606,3.09E-12
1737,1420.870371,11864.74317,8461.137979,680.4946333,7413.679388,86.36414707,2889.48509,2280.252597,6063.689401,1471.049789,671.81,43303.54,9.77E-10,0.036568615,6.06E-12
1738,1511.22125,11353.21019,8742.652038,506.7362824,7870.965882,91.21227865,4294.51335,2608.289789,6740.99366,1660.705561,720.4,46097.87,3.92E-10,3.030277408,4.38E-13
1739,1550.151809,10610.04148,8318.304621,567.7307551,8133.323512,93.34318648,5199.715796,2903.872491,7254.386207,1713.086109,821.52,47165.45,2.84E-10,0.025971753,-6.33E-13
1740,1655.336434,12062.33686,8231.064262,718.8543349,8743.559228,98.87864299,2582.049702,3208.924856,7787.298308,1821.385252,820.82,47730.49,1.70E-10,0.017883519,-1.46E-13
1741,1585.520513,11388.05366,8397.918763,575.8116032,8273.802653,95.26371641,4427.282345,3103.801542,7869.574518,1748.574779,543.44,48009.02,2.23E-10,0.02408938,-1.18E-11
1742,1626.453824,11877.72501,9014.053533,668.181186,8447.625441,97.50093416,2875.97257,3213.229939,8152.390522,1796.059957,122.43,47891.6,1.85E-10,0.022914619,7.34E-13
1743,1682.528129,13409.95408,8692.65386,645.194093,8858.748784,100.3454572,2105.048434,3238.964764,8251.498927,1832.525213,396.23,49213.67,1.58E-10,0.021740104,-2.70E-12
1744,1765.14283,15556.13704,9952.081869,684.8175419,9416.908742,104.6097598,1030.814183,3554.61644,8451.277282,1912.433505,539.84,52968.66,1.26E-10,0.019188355,-4.99E-12
1745,1776.241705,16937.91179,11598.80263,954.4897724,9487.81518,106.4894112,177.9437009,3558.550715,8282.551662,1822.02636,287.06,54989.86,1.42E-10,0.022931859,1.92E-12
1746,1653.285834,16448.30999,11143.72787,1139.212709,8868.717727,100.3528766,1.83845629,3601.764508,7980.868487,1825.007318,1012.96,53776.02,1.67E-10,0.025776707,-7.84E-12
1747,1554.050631,14773.93297,10672.39846,1057.914046,8371.888123,94.24495303,1.208903398,3648.573979,7618.016138,1730.255625,1024.36,50546.81,2.34E-10,0.033826422,-3.75E-12
1748,1541.91669,12923.12004,9536.553956,816.7628493,8284.148518,93.5460981,0.060689084,3695.721775,7499.168332,1727.558122,1024.67,47143.18,2.46E-10,0.047073731,7.51E-12
1749,1533.17338,10958.94412,7212.372586,727.9507212,8035.736157,92.98328344,0.014432699,3734.052644,7317.039105,1682.254083,1024.88,42319.34,3.16E-10,0.060509153,5.16E-12
1750,1535.831705,8640.132737,5098.891381,566.0221,8067.502063,93.26870718,0.014807763,3702.579123,6858.075435,1727.731592,1022.6,37312.59,2.46E-10,0.059651996,5.27E-12
1751,1517.653747,6541.186425,3961.038217,182.0380771,8168.449808,92.31899747,0.013559787,3650.435148,6356.975623,1608.979133,726.13,32805.16,2.10E-10,0.058734997,-2.81E-13
1752,1499.663239,6401.661683,3723.521574,172.9345721,8095.960131,90.97677891,0.012130783,3538.307174,6056.484178,1571.165398,723.69,31874.32,2.51E-10,0.056859856,-1.70E-12
1753,1480.144577,6602.020271,3527.230083,150.1357109,7975.319741,89.84893208,0.010606665,3488.073213,6006.220854,1486.142639,723.7,31528.79,2.39E-10,0.056629077,-1.38E-13
1754,1470.599103,5840.787735,3379.783163,184.8309819,7947.11439,89.55364088,0.010207623,3546.267457,6007.778304,1468.241862,723.58,30658.49,2.62E-10,0.056843891,1.15E-12
1755,1465.934281,5315.053083,3361.480255,196.1611048,7847.75296,88.95806028,0.009402785,3551.666163,6017.05713,1429.783873,723.4,29997.2,3.23E-10,0.056313545,-4.98E-13
1756,1459.762638,5453.684385,3140.275115,184.3646074,7736.03573,89.76724065,0.020992543,3596.979377,5935.275299,1407.471625,724.05,29727.63,3.73E-10,0.057010463,-1.31E-12
1757,1535.114735,6575.928153,3499.374362,197.8091367,8038.266395,93.07300012,2.164598651,3690.779347,5914.536775,1515.300181,923.74,31986.04,3.56E-10,0.046682574,-1.44E-12
1758,1705.593985,9983.157767,5590.356996,341.3744315,9040.312696,102.2593052,11.03744885,3808.310025,6236.121583,1859.131675,1024.28,39701.92,1.52E-10,0.015913523,1.16E-11
1759,1761.126178,14852.34423,7249.551517,991.978957,9300.866388,105.0706683,291.9762397,3726.89981,6894.958487,1939.714165,956.48,48070.96,1.24E-10,0.006644399,1.66E-12
1760,1717.391984,15881.31439,8255.177437,987.4725749,9067.325865,102.6433874,985.8822826,3496.331673,7375.801847,1898.198659,904.7,50672.23,1.35E-10,0.010100542,-8.56E-12
1761,1707.001928,16287.77807,9010.505407,874.6869789,8871.042391,102.1705552,1999.012335,3254.204607,7482.926215,1881.032396,823.44,52293.79,1.45E-10,0.010888242,8.19E-13
1762,1704.708794,16947.03504,9229.282735,790.7553093,8866.493549,102.0547231,3015.196872,2758.911661,7421.059413,1523.565111,923.01,53282.06,1.44E-10,0.013211695,7.94E-12
1763,1700.375884,16366.62216,9012.509861,821.1133369,9057.170715,102.979468,3812.569354,2644.458306,7548.062356,1591.165968,923.24,53580.25,1.59E-10,0.017405349,-6.36E-12
1764,1680.678226,16071.6801,9104.718952,1033.604723,9031.517876,102.2504665,3729.438956,2266.154787,7300.612258,1727.455605,874,52922.09,1.59E-10,0.021947897,-9.54E-12
1765,1652.743665,16533.95903,9035.774021,874.9282114,8847.003818,99.33527937,3557.947021,1987.931079,7000.266212,1396.238191,440,51426.1,1.68E-10,0.026528543,-4.79E-12
1766,1649.038528,16458.89634,9033.952042,723.9025007,8824.513788,99.14898658,3276.106454,2074.071431,6702.899307,1819.528942,113.22,50775.25,1.64E-10,0.028316059,-1.23E-11
1767,1702.628037,17322.16856,9608.451585,802.0169477,9024.331734,102.0580177,2503.704,2192.048217,6848.927541,1845.05635,1.51E-10,51613.88,1.52E-10,337.5109887,1.01E-11
1768,1769.405742,19197.09458,10820.7432,964.3439905,9245.312388,105.7031261,1272.038687,2429.486461,7005.710971,1918.619889,106,54834.44,1.24E-10,0.019034267,-3.59E-12
1769,1898.223437,22722.0196,12054.80037,1386.127112,10019.46578,114.7067341,296.0938565,1930.547001,5949.594082,1718.293597,252,58341.86,9.78E-11,0.011569379,6.23E-12
1770,1701.135138,20581.36234,11080.99703,2150.950977,9101.552066,103.7608785,12.24039704,3126.781288,7518.306415,1570.767933,387,57334.83,1.40E-10,0.024471076,3.70E-12
1771,1599.272823,19593.77338,10648.94126,1876.690591,8766.460945,99.57631094,0.292563434,3310.210168,7468.084728,1831.206872,131,55325.48,1.58E-10,0.029645473,7.53E-12
1772,1593.87962,17162.74009,10095.55789,1179.761185,8502.059703,97.2232899,0.078068154,3376.088031,7413.012643,1813.178268,367,51600.55,1.74E-10,0.028788974,1.35E-11
1773,1576.883616,14013.27742,8762.990365,1122.896379,8160.527809,95.98193333,0.017925556,3354.022342,7095.368191,1719.112048,420,46321.05,2.56E-10,0.028028648,7.96E-12
1774,1560.575951,10842.29206,6962.829434,916.6785068,7902.023742,95.0769239,0.016765287,3273.212051,6848.851117,1740.81161,500,40642.34,2.32E-10,0.028163118,5.02E-12
1775,1533.880937,7707.350496,6180.93298,305.0178219,7620.4372,93.45943508,0.014691584,3100.172279,6658.59767,1542.90536,823,35565.72,2.23E-10,0.048871894,3.53E-12
1776,1496.040487,7241.325255,6601.23978,302.6282865,7375.048247,92.9474779,0.014035228,3028.574266,6072.204072,1555.012915,826,34590.97,2.14E-10,0.064821126,-2.59E-12
1777,1477.710717,7331.546615,6537.302225,252.1443678,7185.55929,90.24123486,0.010565686,2880.076498,5992.809467,1541.586431,825,34113.92,2.32E-10,0.067411581,3.49E-12
1778,1476.448015,6168.692241,6607.266313,204.8816615,7260.162213,90.2339893,0.010556397,2741.178794,6114.105814,1533.850533,825,33021.76,2.41E-10,0.070131178,-2.34E-12
1779,1463.976804,5843.828747,6317.589164,174.3341733,7025.248417,89.7900042,0.009987185,2759.80879,6113.391232,1496.374123,750,32034.28,2.92E-10,0.071441617,3.04E-12
1780,1482.673028,5464.645487,6027.018777,177.8333088,7103.06642,90.75810132,0.02245667,2906.200158,6076.846282,1461.435124,749,31539.44,3.65E-10,0.059142665,2.70E-12
1781,1515.995863,6228.022799,6660.510092,211.9257136,7377.254225,93.87322887,0.167442972,3067.895117,6030.413526,1470.113638,778,33434.13,3.39E-10,0.041645394,-3.02E-13
1782,1692.833434,9975.196185,8577.51201,344.8270307,8142.936786,102.6763522,46.85829979,3277.873409,6467.422563,1858.565406,260,40746.68,1.52E-10,0.021475465,-4.55E-12
1783,1754.997443,15330.69287,9745.360215,982.0621982,8462.194279,106.3496083,619.8833286,3492.564464,7189.311058,1953.584556,2.14E-10,49408.37,1.20E-10,228.6300162,-1.48E-12
1784,1698.166484,16038.2129,10079.59046,1181.19765,8141.215656,102.8911298,2083.347438,3440.982306,7546.436216,1890.078006,1.60E-10,51733.21,1.38E-10,468.9082533,-1.14E-12
1785,1665.324606,16039.57285,10176.77008,1061.956385,7763.348183,100.9278043,3331.508424,3294.084871,7570.270855,1859.209833,1.40E-10,52062.79,1.54E-10,800.1838984,-4.21E-12
1786,1601.851376,14816.03023,9874.188479,973.6227521,7482.752606,97.27536775,4344.015967,3117.867219,7447.278981,1518.692866,1.19E-10,50681.89,2.00E-10,591.6858452,-1.71E-12
1787,1574.684836,13756.49451,9690.538288,953.4555942,7528.523863,95.85351197,4789.805025,3112.593558,7366.062102,1346.306416,1.11E-10,49896.07,2.21E-10,318.2477002,2.79E-12
1788,1694.590076,15089.07437,10249.85456,950.724344,8134.377535,102.6814829,5020.102492,1818.297384,5603.495401,1667.218316,1.57E-10,50105.6,1.39E-10,224.815955,-1.99E-12
1789,1627.517607,13407.09119,9637.660858,975.785423,7819.544524,99.14674802,4938.320929,3170.986967,7421.947802,1805.724596,1.94,50905.64,1.67E-10,0.02664428,3.87E-12
1790,1685.399389,14233.18695,9839.731668,1065.98659,8155.52086,103.223585,4479.219761,3052.81276,7685.835866,1881.306246,32,52214.2,1.37E-10,0.023677108,3.27E-12
1791,1786.973478,15613.56745,10404.5952,1184.372802,8690.868519,108.9527388,3566.324086,2938.972175,8026.669924,1999.881631,2.10E-10,53871.59,1.03E-10,449.5880067,3.41E-13
1792,1846.001219,17770.38827,11750.76338,1592.486041,9211.379775,114.5104031,2017.944235,2616.314373,8251.979983,2064.055358,118,57353.81,9.09E-11,0.013029644,-2.33E-12
1793,1715.609431,20068.95511,12421.387,1946.57951,9419.342507,118.2877323,462.2509835,2514.244503,8285.718256,2055.352872,566,59573.71,9.03E-11,0.017902591,-1.11E-11
1794,1685.555492,19398.13781,11821.55117,2716.736625,8870.926883,112.0467614,8.809191064,3330.303408,8228.447988,1987.432237,459,58618.92,1.03E-10,0.027575614,5.89E-12
1795,1640.329303,18564.69918,11062.19152,2234.666501,8640.410937,108.2237427,3.511059541,3823.6252,8592.294484,1961.129035,414,57045.05,1.08E-10,0.030959738,-4.16E-12
1796,1680.664749,17230.37132,9282.116714,933.6637302,8554.683363,107.048968,0.122190088,4041.28357,8560.405266,1943.36505,999,53332.69,1.17E-10,0.034923828,1.07E-12
1797,1666.975046,14801.27477,6671.593222,715.9488485,8476.166254,106.180942,0.029488954,4249.452214,8460.090667,1878.605293,1026,48052.27,1.37E-10,0.046749114,1.15E-11
1798,1637.139897,11443.05386,5520.07776,689.1961725,8322.60401,104.2613171,0.027147948,4437.449663,8307.899788,917.2203285,1026,42404.87,1.34E-10,0.059939787,3.43E-12
1799,1611.351199,7432.96737,4572.08089,300.6827476,8047.617932,100.9257215,0.023080148,4384.746056,8166.139635,1535.815832,931,37083.28,1.43E-10,0.070460953,-1.09E-11
1800,1623.793005,6747.077107,4531.508546,188.2169616,7943.76874,99.75397076,0.021651184,4502.420291,7888.660104,1613.877668,869,36008.02,1.63E-10,0.078044462,6.69E-12
1801,1582.19234,6162.718319,4671.417511,177.6301726,7711.403201,96.9494756,0.018231068,4427.085259,8249.801093,1622.794474,869,35570.93,1.61E-10,0.080076402,2.38E-12
1802,1596.826774,5763.089672,4108.409632,136.784848,7681.168403,96.60635759,0.017812631,4454.074134,8172.482703,1575.599419,869,34453.98,1.59E-10,0.079754378,-1.48E-12
1803,1579.639041,4750.113261,4069.896774,113.2426139,7564.936303,95.12188017,0.016002293,4511.237026,8364.624616,1531.852332,869,33449.6,1.84E-10,0.079848838,-3.12E-12
1804,1608.369069,4412.331087,3538.97003,113.765949,7601.670649,95.53392983,0.016504793,4572.450195,8370.15412,1519.913539,869,32702.1,1.94E-10,0.07507151,-1.69E-12
1805,1757.545584,5272.765859,3806.780915,120.6983731,8041.428101,100.9272216,2.253901754,4709.879818,8497.918009,1336.591105,862,34508.73,1.47E-10,0.05888877,-6.83E-12
1806,2023.569566,8324.355737,5283.245487,289.4122269,9228.148692,115.536789,11.99767509,5067.477356,9379.765577,1297.966572,868,41889.45,8.71E-11,0.025677608,-5.37E-12
1807,2223.014819,12925.23376,7013.383695,878.3911838,10181.86141,127.4563673,635.9905977,5364.842948,10042.00914,710.5594867,789,50648.44,243,0.303410949,-1.22E-11
1808,2073.609177,14033.68407,7199.429326,1137.750013,9459.121806,118.4876987,1091.656914,5137.875937,10217.36059,1650.414582,559,52673.78,8.40E-11,4.610119618,-1.17E-12
1809,1943.678387,14154.61568,6909.30229,1102.477311,8789.1413,110.5546323,1847.588492,4940.943231,10194.93784,1988.096889,980,52946.12,1.08E-10,15.21604775,5.95E-12
1810,1909.697502,13211.72603,6935.639581,999.0684395,8300.745745,104.3330626,2660.136598,4777.379882,9876.283645,1855.508731,921,51536.27,1.45E-10,15.24921527,4.33E-12
1811,1842.126825,12711.28014,6711.051812,788.3429551,7976.308245,100.2573518,3023.841529,4714.521637,9829.172246,1790.515875,1024,50501.64,1.79E-10,9.778614734,1.67E-12
1812,1830.679242,12809.20716,6584.97924,631.3508656,7923.029011,99.62194314,3124.949129,4720.065766,9873.80983,1813.580191,1024,50428.21,1.70E-10,7.06238133,-6.39E-12
1813,1844.007831,12901.42979,6574.017401,593.2792909,7986.81514,100.5484438,3254.546802,4782.284341,9992.624677,1820.885706,1024.67,50875.08,1.64E-10,0.029426307,4.90E-12
1814,1962.333352,13630.65742,6070.808588,668.2534265,8238.719079,104.1481924,2862.131012,4858.739478,10191.44095,1891.545766,1025,51503.75,1.37E-10,0.027258862,-1.83E-12
1815,2045.824746,14384.22096,6892.120913,715.6364736,8623.841589,108.8943301,2119.338655,4969.764353,10295.6651,1968.294508,971,53076.09,1.14E-10,18.51162935,1.92E-12
1816,2131.428596,16708.46012,8466.017707,845.0255477,9187.714028,115.7769169,1256.914898,5125.163075,10384.45489,2065.893796,544,56830.83,9.36E-11,0.019576696,-9.52E-12
1817,2146.434996,19628.86156,9598.655863,1485.309458,9458.184559,120.0279866,290.7278394,5167.130889,9985.089952,2087.797709,453,60421.2,8.78E-11,0.020810221,8.60E-12
1818,2054.226476,19253.11942,9688.62196,2113.158849,8988.431985,114.1605363,4.89849683,5108.029189,9192.044472,2033.145139,931,59480.81,9.76E-11,0.026521085,-5.23E-13
1819,1995.439126,18747.00301,9379.411664,1858.526506,8739.407081,109.7344254,1.506719099,5086.9312,8781.759353,1989.091022,873,57561.77,1.05E-10,0.040109377,-1.18E-11
1820,1986.105813,17134.21506,8676.502631,875.3545915,8693.455555,109.1378705,0.132379856,5045.886318,8723.767636,1988.370397,1024,54256.88,1.09E-10,0.048250291,3.66E-12
1821,1982.13923,13638.39583,7848.295674,787.5391929,8534.452605,107.0378176,0.030533924,5028.096599,8729.279699,1899.695851,1025,49579.91,1.35E-10,0.053035979,-4.69E-12
1822,1973.42878,10389.66947,6266.163787,598.8281985,8309.331669,103.8851592,0.026689219,4896.52132,8643.858653,1862.839972,1024,44068.5,1.39E-10,0.053697863,-1.51E-12
1823,1948.147029,7124.619224,5781.638197,184.9005076,8052.580228,100.4745433,0.022529931,4851.971335,8328.020056,1637.454269,776,38785.76,1.51E-10,0.067918817,7.68E-12
1824,1945.639268,5787.936205,5483.070793,449.6806397,8052.947116,100.2602905,0.022268647,4814.35774,8151.241343,1629.673622,774,37188.76,1.57E-10,0.069286103,-4.50E-13
1825,1876.518129,6062.488112,5677.964352,138.1353679,7744.278023,96.54831415,0.017741847,4690.570527,7896.975472,1607.046793,774,36564.47,1.68E-10,0.072832526,-1.99E-12
1826,1862.501475,5684.144815,5133.258627,97.57292702,7660.821122,95.33607719,0.016263509,4684.018191,7939.597479,1592.867329,774,35524.06,1.76E-10,0.074304375,2.92E-12
1827,2055.497992,6837.224665,5022.084037,110.2921227,8592.419758,106.6550657,0.030067153,2853.137175,6355.105398,1735.331846,774,34441.72,1.09E-10,0.058125787,-4.21E-12
1828,1850.039007,5176.269039,4155.075003,94.46107229,7620.644219,94.52140935,0.015270012,4667.774881,7628.076431,1522.47305,734,33543.28,2.12E-10,0.069381358,-1.90E-13
1829,1971.00424,5845.90595,4424.173271,111.2040015,8256.795872,102.3049001,0.22285866,4865.767641,8054.751616,1566.945545,774,35973.03,1.34E-10,0.045894981,1.20E-12
1830,2207.881908,8085.504518,5407.607704,201.0755331,9413.84977,116.4572267,15.16057978,5240.490192,8748.33407,1975.294591,874,42285.64,8.27E-11,0.016092795,-4.61E-13
1831,2460.774544,12240.20365,6255.118529,470.0844662,10530.46703,130.4158684,376.3429035,5664.569442,9556.445989,2122.876566,895.211014,50702.51,6.01E-11,1.31E-09,4.45E-12
1832,2395.554928,13543.92988,6787.309294,700.5680044,10220.13938,126.5844428,1003.858827,5534.543309,9751.829861,2137.5245,923,53123.6,6.64E-11,1.242424156,-1.03E-11
1833,2285.183712,13434.48318,7912.951597,883.7498667,9431.706922,116.6240014,1566.516909,5257.094203,9471.704118,2109.833789,1024,53481.99,8.60E-11,11.85829544,1.38E-11
1834,2173.424186,13010.15537,8180.619305,919.5892058,8684.222757,107.191936,1989.068255,4979.328276,9338.015617,1930.929677,1025,52321.4,1.19E-10,16.1445868,7.59E-12
1835,2105.600159,12806.68949,8289.111449,1060.437922,8364.263685,103.1578234,2020.832138,4862.015974,9447.678365,1866.376581,1025,51940.49,1.40E-10,10.67358249,1.85E-12
1836,2167.752923,13586.18828,8293.964209,964.9009959,8248.497562,101.2897677,1895.646847,4751.309742,9516.604561,1881.115368,1025,52424.45,1.38E-10,7.820257227,-7.03E-12
1837,2134.357406,13547.26961,8143.18838,902.9051801,8128.981229,99.24974076,2629.14331,4702.314814,9517.380197,1867.437325,1025.09,52697.28,1.43E-10,0.037189666,-9.19E-12
1838,2297.78406,14329.54435,8384.126734,708.7018635,8420.193048,102.8195791,1486.923741,4759.893936,9632.874997,1936.463444,1024.9,53084.19,1.23E-10,0.035757859,2.67E-12
1839,2387.277433,15504.47215,8272.687798,701.5043983,8663.360661,105.2163709,1136.711316,4786.95627,9646.892685,1963.472807,1024,54167.18,1.15E-10,25.37189305,-7.06E-12
1840,2472.321426,17201.79164,9618.059728,777.5786306,9061.67677,110.0181627,709.4942728,4942.808823,9443.058256,2012.139735,823,57171.92,1.04E-10,0.027448204,-8.05E-12
1841,2514.211102,19541.95945,10203.01525,883.7875428,9301.394776,113.5396475,171.067339,5004.33934,9046.489221,1992.008141,1023,59794.79,1.06E-10,0.021807711,-1.20E-11
1842,2439.341723,19380.31813,10095.58685,1778.696288,9097.15729,108.8111554,1.503728288,4917.69215,8408.254155,1948.024568,854,59029.35,1.17E-10,0.036040426,-4.51E-12
1843,2402.661884,19483.69287,9977.340304,1952.929225,8983.529518,106.3684515,3.475481981,4886.001549,7949.111727,1165.618551,595,57505.69,1.19E-10,0.03956247,2.70E-12
1844,2379.688786,17351.30753,9515.784245,1273.799156,8847.840888,104.8144738,0.111290116,4817.234189,7643.150439,1146.914157,1020,54100.6,1.27E-10,0.045149409,1.70E-12
1845,2356.740287,13640.12744,8958.653034,824.5837045,8789.061691,103.9332983,0.026747925,4799.711151,7194.172778,1087.960391,1025,48779.92,1.49E-10,0.050525932,8.79E-12
1846,2334.383736,9983.950263,7611.812281,637.2240265,8703.623779,102.1478683,0.024570571,4788.869646,6825.473907,1064.5227,1025,43076.98,1.50E-10,0.052777272,2.04E-12
1847,2319.391385,6373.354128,6420.615192,215.1166237,8732.161504,101.4238647,0.02368764,4747.698769,6591.841924,1868.604836,1025,38395.17,1.37E-10,0.061914138,-4.61E-13
1848,2280.273443,5621.557127,6853.144033,182.0612276,8566.192116,99.13221703,0.020892948,4580.153959,6368.362409,1821.822224,1025,37397.65,1.59E-10,0.069648122,4.77E-12
1849,2214.456774,5404.103181,7458.3803,202.512239,8289.54208,95.76587322,0.01678765,4410.473918,6080.80635,1800.172833,1025,36981.16,1.70E-10,0.070337037,1.06E-11
1850,2205.46218,4889.213736,7566.013867,117.4891437,8221.668426,94.77034533,0.015573592,4386.347913,5554.089981,1794.775284,1024,35853.78,1.73E-10,0.066449668,7.21E-12
1851,2174.184725,4948.703957,7228.935035,114.9554895,8048.853209,92.80595029,0.013177988,4291.104417,5331.645685,1733.469089,1025,34989.6,2.20E-10,0.070734246,-2.04E-12
1852,2145.268916,4473.286908,7144.742919,117.7515302,8003.831469,91.78134216,0.011928466,4276.301161,5384.647694,1666.188378,1025,34328.74,3.21E-10,0.072245647,-3.50E-12
1853,2233.704781,5528.850635,7214.503851,141.8044104,8374.235698,96.15834051,0.120863883,4327.910056,5706.990592,1509.307698,1025,36158.53,2.83E-10,0.056926147,3.97E-12
1854,2383.835635,8604.277604,9416.673123,182.5907006,9110.168905,104.9507049,59.16509811,4631.394568,6080.396875,1610.566001,1017,43200.99,1.45E-10,0.029212525,1.91E-12
1855,2438.637336,15211.64957,11046.05397,732.6092558,9441.471796,108.9702944,650.6174244,4775.246765,6367.574304,820.7180372,234,51822.54,1.13E-10,5.008754339,-4.20E-12
1856,2354.372186,15952.54614,11333.84262,888.0047839,8939.302411,102.8818201,1714.002231,4604.814585,6218.535547,1557.390198,316,53969.2,1.51E-10,12.49252825,-3.92E-12
1857,2231.474535,15343.95431,10398.31115,1012.167043,8374.803964,95.89069195,3249.826903,4434.863357,6460.693424,1250.48699,763,53589.09,2.34E-10,26.38236821,1.80E-12
1858,2109.519484,14366.71339,9794.830216,725.3896375,8022.306442,90.79817291,4630.092928,4296.189744,6334.278606,1457.041881,895.99,52699.94,5.37E-10,23.21050041,3.71E-12
1859,2049.407831,13532.8341,9016.232108,463.652667,7656.893399,85.76040155,6021.179312,4199.569369,5843.199936,1546.337692,921.66,51322.03,1.51E-09,14.69681777,-1.04E-11
1860,2007.441509,13650.10124,8092.994449,483.8616609,7609.322162,85.24609154,6697.843798,4096.808169,5633.283761,1546.118604,1025.18,50917.33,1.61E-09,10.87144493,8.94E-12
1861,2069.95847,13789.11176,7398.474168,528.9324073,7856.612482,88.10342823,6906.21456,4125.728464,5671.280406,1605.733812,1025.79,51065.89,5.66E-10,0.049960265,-6.97E-12
1862,2157.641123,14465.8732,7267.359594,613.5895097,8248.030584,92.75167354,5921.401467,4194.732974,5709.222616,1675.555284,1022.67,51368.78,3.25E-10,0.048023256,7.22E-12
1863,2241.560695,15943.20126,7973.66195,623.9418721,8601.189514,99.22453563,4863.648458,4270.344841,5667.828298,1748.928681,594.31,52592.49,2.20E-10,35.35010502,-4.33E-13
1864,2290.903792,19057.61975,9248.130302,639.2851165,8977.691831,116.8127255,3472.364725,4433.315192,5788.329566,1181.690158,754.95,55961.05,1.78E-10,0.043154799,2.49E-12
1865,2360.69329,22203.79785,11206.26366,958.6509025,9221.743726,127.083854,1591.979014,4458.094514,5207.023478,1819.804778,1.9,59156.99,1.64E-10,0.045062012,-2.41E-12
1866,2256.067392,22713.29475,11310.68976,1816.815887,8700.524429,123.9540691,340.5641231,4236.972758,4477.981525,1787.440453,216.22,57980.47,1.85E-10,0.055148382,5.10E-13
1867,2269.985695,22887.6743,11726.21399,1797.722723,8645.928936,123.2690782,20.69312049,2297.14349,3389.170987,1781.794611,1012.51,55952.05,1.77E-10,0.056932238,-1.47E-12
1868,2189.340021,21071.36996,9474.478079,1346.008054,8210.418845,117.4790529,0.049604984,3632.295888,3794.161795,1676.651875,1025.44,52537.63,3.05E-10,0.063173165,2.73E-13
1869,2134.894355,19616.04387,7826.087227,1161.379606,8221.366478,117.7746348,0.011553942,2908.635257,3404.123155,1614.127551,1025.47,48029.85,5.04E-10,0.063689234,-2.45E-12
1870,2130.121979,17559.804,5570.64443,608.0010249,8453.814149,119.7988819,0.013946669,2704.349631,3406.643405,1674.579607,1025.69,43253.39,2.87E-10,0.071058405,-1.09E-11
1871,2151.726017,14786.22803,4118.207209,224.6104513,8597.724219,121.140305,0.015532276,2845.001811,3226.306337,1740.436114,1025.46,38836.78,2.16E-10,0.076026001,1.35E-12
1872,2167.059772,13648.41007,4386.591386,199.0314712,8823.636146,122.9081766,0.016420516,2678.62462,3237.090232,1741.057947,1025,38029.35,2.16E-10,0.076242415,-3.02E-13
1873,2083.995049,13916.92241,4486.514808,175.6110288,8497.403165,129.5400731,0.011118967,2587.655951,2907.15296,1694.254207,1025,37503.98,2.72E-10,0.08077232,-3.62E-12
1874,2116.097247,13415.73601,3702.700603,139.7668357,8446.064263,138.7972553,0.010135087,2762.424427,2841.464209,1700.358317,1025,36288.34,2.62E-10,0.079300407,1.50E-12
1875,2141.739716,12874.19432,3191.187828,136.7973017,8356.579287,137.7591769,0.008939144,3001.31716,2636.684984,1669.151908,1025,35170.34,3.17E-10,0.080622208,-2.60E-12
1876,2129.034701,12773.89297,2918.349526,118.6244427,8295.19367,136.8616098,0.007905081,2794.567641,2527.045041,1583.504342,1025,34302,7.17E-10,0.081847965,1.94E-12
1877,2116.861183,12903.74205,3790.902413,108.9905376,8295.425177,136.7800057,0.054677466,3066.493538,2577.34691,1054.551879,1025,35076.08,1.50E-09,0.068370766,-2.77E-12
1878,2086.321465,15150.78656,5628.563872,360.9406227,8147.930698,134.9495991,84.91027154,3036.175855,2532.017737,30.77332924,947,38021.32,119,0.050010193,2.44E-12
1879,2012.390373,18320.63166,6785.17448,608.6071383,7819.914262,130.2514413,743.1451005,3038.656791,2218.535563,196,408,42269.36,0.325726726,11.62107944,-5.26E-12
1880,2058.188129,19218.01366,7330.600408,805.7777237,8066.186333,133.3868611,2241.791749,3030.183316,2294.670849,962.103957,767,46887.24,1.83E-09,20.66298102,5.01E-12
1881,2168.321329,20174.68087,7616.530863,688.8643944,8527.531992,139.2444665,3770.360496,2870.298656,2734.136158,912.6996553,1023,50599.54,4.19E-10,26.12887839,-1.05E-11
1882,2138.420019,20126.86023,7549.087001,612.4788195,8689.688191,141.4681913,4602.494884,2710.361196,2960.256714,1657.615589,1025,52197.87,3.49E-10,15.86083333,9.09E-13
1883,2197.193079,20650.11412,7828.484506,707.2762252,8963.325711,144.8515858,5301.285189,1566.588466,2653.94642,1723.180052,1025,52754.18,2.39E-10,7.065356264,1.67E-12
1884,2213.325951,20095.05004,7663.643847,596.0736942,8753.141354,140.6712449,5275.360911,2325.298412,2877.685962,1686.197016,1025,52633.37,3.01E-10,18.07842868,7.38E-12
1885,2189.020701,19725.46431,7581.761775,610.290816,8651.871669,140.4223485,5481.798147,1992.51174,2700.05298,1702.710976,1025.49,51801.36,2.71E-10,0.03545711,4.53E-12
1886,2210.328184,20222.12496,7863.589282,534.848087,8732.838597,141.4019199,4326.862846,1640.436515,2589.737524,1728.790869,1025,51015.92,2.42E-10,0.038780709,4.90E-12
1887,2247.088394,21161.94844,7916.964451,513.0873049,8867.116794,143.3132938,3311.481752,1504.635324,2590.526557,1752.231972,1025,51000.44,2.17E-10,32.95428232,-1.16E-11
1888,2281.291185,22791.32436,9647.38947,607.4728248,9121.438224,146.4526675,2071.678899,1604.701264,2652.282928,1532.772953,1025,53481.76,2.24E-10,0.044777722,-9.35E-12
1889,2366.268783,26064.87577,10633.84762,877.218676,9536.681395,152.8478648,601.6910517,1881.226486,2745.012537,1671.245449,774,57304.87,1.94E-10,0.04563308,-9.15E-12
1890,2268.727616,25680.10131,11108.17692,1580.998056,9105.653345,146.1374326,23.083845,1896.528928,2352.232635,1739.112636,628,56528.7,2.25E-10,0.052721134,-4.98E-12
1891,2118.076068,24546.41692,10666.26013,1492.556314,8445.493825,137.7974555,2.331806616,1451.932958,1931.140163,1633.035981,946,53370.98,4.06E-10,0.061625911,-3.98E-12
1892,2084.23603,23184.81356,10060.9685,885.0032763,8344.934101,123.4064154,0.007280018,1130.715251,1826.977344,1604.171257,949,50194.17,5.67E-10,0.063020044,-2.36E-12
1893,2107.214193,21094.75619,8775.155352,638.0184248,8441.077037,137.7328413,0.008649711,1046.259596,1881.480102,1578.060899,1025,46724.7,7.92E-10,0.063283493,-3.91E-13
1894,2144.48284,18368.14221,7190.298233,587.6956615,8709.204593,141.3759251,0.012724749,1035.501279,2121.319919,1659.384572,1026,42983.36,3.17E-10,0.057954962,-8.03E-13
1895,2286.844967,16267.15991,5395.672765,161.3952528,9044.685149,145.5584014,0.017403134,1045.58847,2430.528755,1771.465856,1025,39573.86,1.90E-10,0.056931819,2.72E-12
1896,2274.129984,15456.60873,5033.428357,144.7529951,9215.513864,147.7736746,0.019858855,954.006235,2655.305758,1808.592226,1025,38715.07,1.66E-10,0.06167928,-1.30E-12
1897,2166.861514,15234.58136,5370.718448,113.9889026,8778.577035,142.2540946,0.013525491,825.7782836,2563.547547,1753.35753,1025,37974.61,2.04E-10,0.068236878,-4.47E-13
1898,2137.029488,14315.05406,5305.540505,106.4511159,8609.876213,139.1449431,0.01108737,610.0451814,2582.796155,1711.49314,1025,36542.37,2.47E-10,0.071891883,-6.44E-13
1899,2089.193868,13755.18388,4903.538537,103.0825597,8421.751083,137.7899108,0.00850427,515.024431,2685.965688,1650.683818,1025,35287.15,3.64E-10,0.072281736,-6.27E-12
1900,2065.196592,13008.20268,4480.189309,105.0601117,8299.054885,136.1010022,0.006660483,530.3695823,2998.48161,1572.805878,1016,34211.4,8.61E-10,0.068307673,3.11E-12
1901,2026.794225,13491.24722,5260.997436,116.9420886,8132.646503,134.0203847,2.039501597,442.3760918,3205.125572,857.2370562,281,33950.36,7.23E-09,0.066077751,7.78E-12
1902,1958,15742,6716,340,7828,130,240,310,3344,32,5.56E-11,36391.94349,0.615833757,247.4406769,4.21E-12
1903,1960,17622,7914,698,7822,130,1298,188,2597,1030,5.44E-11,40988.34978,2.239008469,268.4112135,1.26E-11
1904,1926,17450,7741,854,7814,130,3450,449,4109,885,5.79E-11,44527.44079,0.007776853,280.5514346,-7.84E-12
1905,1993.741236,17077.77592,6978.142684,565.4401907,7952.586809,131.720645,5235.627146,643.0778286,4657.48332,1061.633701,6.92E-11,45904.49,5.48E-09,392.7394821,9.72E-12
1906,2077.447276,17828.87602,7417.235993,506.5990875,8460.799729,139.9503076,6551.864088,910.8693193,5554.474811,220.2239394,8.22E-11,49293.1,4.43E-10,375.2405708,-5.06E-12
1907,2214.286751,17933.68545,6827.298261,527.1262019,8605.204961,144.4538668,6846.596355,1298.741239,6204.772427,1011.002172,9.69E-11,51308.07,2.56E-10,305.0976842,-9.27E-12
1908,2274.253811,18467.80647,6372.822742,538.8163781,8875.895444,146.8458611,6802.034723,1595.951635,6695.478186,1189.034541,9.96E-11,52658.53,1.93E-10,300.4097871,7.56E-12
1909,2279.041008,17331.56689,5896.13537,527.2730117,8926.175192,148.442611,6865.737182,1809.635049,7104.550414,1803.65211,1.04E-10,52523.82,1.73E-10,168.3888363,-1.88E-12
1910,2379.314225,16816.57252,6095.026349,544.8486698,9149.71792,151.3543299,5436.280343,2373.443021,7532.293356,1853.18656,1.04E-10,52228.73,1.52E-10,103.3072962,8.54E-12
1911,2432.725765,18221.9093,6406.083121,646.1361668,9354.605919,154.0948612,3809.85196,2809.484964,7587.572706,971.4148403,2,52372.01,1.35E-10,23.86960355,-5.72E-12
1912,2458.823888,20396.15684,7843.875364,731.2192121,9497.887106,156.0845836,2026.727509,2933.934183,7586.906881,924.5562755,2,54558.14,1.35E-10,0.03184133,-8.38E-12
1913,2444.527087,21798.93287,9559.845797,826.0211159,9454.805667,155.7078991,553.3345651,2818.942469,7307.454838,1317.004638,9.43E-11,56132.92,1.64E-10,103.6569415,5.68E-14
1914,2328.875045,21711.91208,9275.750351,1114.944538,8932.032852,148.7986189,19.95095678,2889.307079,7094.914097,1509.667452,2,55028.11,1.98E-10,0.043071085,6.13E-13
1915,2205.753087,20239.41995,8393.156822,1034.634438,8365.35919,141.4675748,4.511836496,2980.148543,6822.791268,1668.159329,494,52349.35,2.78E-10,0.05204294,-9.31E-12
1916,2176.335557,18522.4793,7784.490644,704.3920538,8251.013674,139.6673926,0.010417449,3081.135918,6667.871919,335.6872717,1018,48681.03,3.55E-10,0.054146576,-9.66E-12
1917,2173.226009,14111.01814,6170.501174,762.6319658,8379.909821,139.4162626,1.009996033,3413.851307,6600.497304,1429.87989,923,44104.88,5.95E-10,0.061868081,1.02E-11
1918,2222.418295,11674.79318,4460.945908,746.7549237,8624.837288,142.4137995,0.013178131,3629.830407,6495.570496,380.2972244,923,39300.81,3.01E-10,0.064695033,6.23E-13
1919,2229.620558,8169.422984,3610.602959,388.8325747,8661.955688,142.7658007,0.013551806,3555.126909,6149.571173,834.3279497,1024,34766.17,2.44E-10,0.070147977,-8.04E-12
1920,2253.955603,7047.314217,3629.783446,236.7613766,8768.668089,143.4574262,0.015347586,3613.218412,6203.866186,1512.501644,975,34384.47,2.37E-10,0.071747003,4.62E-13
1921,2169.626412,7744.533701,3461.997194,223.7171921,8490.254584,140.9760504,0.011505294,3668.830863,5923.525412,1525.045099,974.12,34322.57,2.49E-10,0.06801299,4.04E-12
1922,2179.329979,6952.868116,3469.260455,224.3913556,8484.711196,141.1137734,0.011540783,3607.921424,5476.603058,1687.055584,974,33197.2,2.47E-10,0.066482328,5.95E-12
1923,2185.249497,6398.743013,3434.109162,229.560564,8469.138255,140.9027387,0.011309895,3451.935736,5300.159332,1641.732694,974,32225.47,2.74E-10,0.072301839,-2.14E-12
1924,2192.523713,6711.066224,3518.328267,239.3023668,8469.194641,140.8032701,1.011206712,3292.285432,4845.525149,1409.081762,974,31793.05,3.83E-10,0.072031286,-2.78E-12
1925,2246.945457,9345.279188,4741.58275,249.3579461,8766.477536,144.833911,2.123102996,3340.166548,4703.164947,127.6479202,959,33718.52,908,0.059305181,6.25E-12
1926,2388.120433,13810.92223,7203.590849,336.2320474,9358.457523,152.7476684,112.6449213,3420.656747,5041.952553,194.8519588,121,41158.19,976,6.986931395,1.31E-11
1927,2473.126667,19369.91314,9050.57797,1200.80908,9671.074359,157.1267533,901.0762832,3380.657502,5177.782009,235.5815298,1.35E-10,49919.67,1478,220.0552965,-2.50E-12
1928,2436.582828,20600.8599,9192.386797,1028.776813,9521.738435,155.061811,2338.684304,3153.354653,5288.708818,270.9828626,2,52492.35,1478,18.78721644,7.28E-12
1929,2413.890815,19958.03074,8846.666892,985.078764,9393.005952,153.512942,3596.92283,3027.557155,5772.236456,263.5282409,1.21E-10,52908.65,1289,212.7807816,9.55E-12
1930,2361.420853,19384.17993,8381.189971,893.5539426,9175.214108,150.4978825,4188.9413,2579.065061,6318.159825,212.1444139,1.11E-10,51782.67,1019,842.697284,-2.50E-12
1931,2317.831347,19172.67568,8162.628794,825.9795649,8993.64147,147.9849398,4007.102972,2367.228086,6392.668179,199.5060536,1.03E-10,50976.04,1485,126.207086,5.00E-12
1932,2303.027874,19451.03734,8458.37255,760.8870939,8931.407896,146.0015516,3636.770376,1863.234636,6543.745341,203.4305137,8.76E-11,50671.4,849,777.5151724,-5.00E-12
1933,2254.956557,18811.66134,8303.933119,726.2879986,8690.168286,144.2020882,4751.26978,1819.93407,6462.401595,173.809808,1.68,50649.71,1484,6.594640859,-9.09E-12
1934,2343.374326,18822.22074,8393.60715,677.5912924,8912.137674,149.285408,3267.462964,2212.739576,6880.603493,244.5326905,9.28E-11,51215.77,431,256.7853138,4.32E-12
1935,2470.15927,19480.72719,8481.165338,709.1293592,9428.050385,156.3212846,2427.14652,2835.377896,7522.138271,314.1611074,1.13E-10,52491.02,503,830.3566202,9.09E-13
1936,2559.452413,21897.22719,9194.530819,918.0830423,9818.909696,162.0377553,1283.975396,3660.624179,7742.099817,346.5033503,1.22E-10,56091.49,695,796.9536569,1.32E-11
1937,2559.43397,23388.92559,10286.3868,1242.752082,9867.957915,162.6347312,318.0107048,3434.085233,7786.812582,348.1437564,1.02E-10,58337.77,872,185.3733653,-5.46E-12
1938,2468.075658,23047.8993,10366.83172,2134.761553,9560.435171,156.99981,17.89274438,2836.956398,7494.226214,337.846371,9.00E-11,57436.37,320,665.5549356,1.93E-12
1939,2392.170023,21972.6257,9033.448032,1418.218519,9354.378713,152.6919253,0.917772511,2832.062612,7156.027493,1724.383223,106,56142.88,1.47E-10,0.0440094,-4.22E-12
1940,2393.053203,20386.00229,7378.388379,999.1656973,9335.140538,159.2961487,0.022681738,3216.627023,7387.787179,1619.905685,7.77E-11,52773.04,1.52E-10,102.3488251,-4.06E-12
1941,2359.602718,15136.36786,5838.375541,1073.790641,9196.058921,158.7829112,0.02082456,3743.311284,7344.385538,1758.970661,895,47504.62,2.00E-10,0.046898449,9.94E-13
1942,2368.162722,11611.94229,3974.145911,746.0695531,9244.482974,151.0872552,0.021300258,3763.870093,7360.797152,1755.719292,611,41587.25,1.72E-10,0.048544332,-4.32E-12
1943,2346.353418,7907.489808,3031.31715,396.9796193,9139.878361,149.7280576,0.019927331,3584.706096,7209.839067,1673.028751,891,36330.28,1.57E-10,0.06025493,3.86E-13
1944,2331.048393,7287.46251,2872.737127,262.6080153,9083.007625,148.8230208,0.019013152,3710.646683,6703.418601,1675.244338,893,34967.95,1.65E-10,0.065324527,-2.38E-12
1945,2228.070831,7612.412559,2639.416221,192.7628568,8676.745387,143.3618385,0.013335168,3727.106734,6428.65324,1625.606309,893,34167.08,1.98E-10,0.069312186,-4.14E-12
1946,2249.785886,6355.356392,2355.721917,201.1070616,8599.781835,144.9472347,0.014784604,4116.417297,6652.056614,1609.78599,724,33008.91,1.95E-10,0.065012361,-6.73E-12
1947,2097.970158,6028.743799,2090.943554,200.025291,8616.350149,145.4228269,0.015239948,4222.291811,6295.728244,1594.173788,722,32013.6,2.06E-10,0.06485989,1.64E-12
1948,2174.738105,6335.810223,2370.389472,203.789735,9294.905837,154.8426346,0.024548058,2711.419265,5370.570534,1683.161994,854,31153.6,1.48E-10,0.052346346,-4.54E-12
1949,2156.480925,6825.105312,2474.503494,287.8862569,8839.183588,147.3808778,2.171747805,4491.262313,6515.18343,1112.43379,1,32852.54,2.55E-10,0.051734783,-4.24E-12
1950,2446.553517,10065.88667,4445.694704,445.2617062,9571.183067,156.053194,135.6686168,4715.446966,7208.054768,485.6494002,1,39667.99,1.51E-10,8.462606474,1.04E-12
1951,2522.924447,15306.17455,5723.763842,937.624538,9887.342973,160.5489237,940.6749797,4897.29427,7662.254742,212.8089568,1,47890,344,18.41222484,-4.21E-12
1952,2477.067603,15959.85048,5949.127814,998.9159765,9687.855523,157.6747295,2241.314535,4805.773292,7654.696945,261.1105297,1,50173.15,2,19.23742882,7.76E-12
1953,2445.93096,16034.67493,5670.004711,1014.711764,9523.518671,157.7760798,3480.78816,4736.266421,7923.308644,243.6232131,1.20E-10,51043.44,48,139.1635551,-1.36E-12
1954,2393.719708,15753.0757,5846.913278,795.9846285,9295.124585,160.8831912,4410.541165,4525.289345,7776.949932,201.0779995,105,50493.83,713,57.72953163,8.07E-12
1955,2364.029926,14666.58152,5155.029997,770.793434,9160.251851,150.8039159,4814.771377,4382.54441,8152.422644,464.6694894,106,50160.97,1.84E-10,26.92856533,4.21E-12
1956,2365.720434,13632.5621,4891.19779,848.3902509,9195.020562,151.7772465,5204.16308,4065.341087,8085.802033,1360.54803,106,49850.43,1.76E-10,56.09261597,-1.02E-12
1957,2343.649196,13121.70207,4386.411206,1158.540741,9117.351444,149.7400916,5004.533623,3572.357015,7893.651737,1646.887665,509.54,48896.85,1.85E-10,7.514787409,5.13E-12
1958,2377.562346,14231.88555,4343.430175,1020.534772,9233.265174,153.5318447,4025.121749,3677.681779,7252.154126,1676.675201,754.75,48730.64,1.69E-10,15.95271696,1.19E-11
1959,2417.885645,17196.0685,5387.018659,1065.907347,9432.885419,154.2572951,2844.807656,3245.549546,6713.72885,1798.768887,7.92E-11,49243.95,1.48E-10,1012.927801,-1.48E-12
1960,2433.413083,20232.90913,7262.122934,1533.108127,9805.552622,161.0092423,1528.515311,2816.548223,6112.178274,1016.062605,8.72E-11,52187.79,1.32E-10,713.6295473,-1.14E-12
1961,2509.283663,22992.86812,8440.469819,1682.524285,10018.55401,164.3200577,431.0729228,2530.15824,5299.058502,1441.177024,121,55618.64,1.25E-10,11.84664542,-7.68E-12
1962,2411.064478,23333.22876,8090.271589,1902.389872,9379.586656,153.9300267,21.27663523,1918.379819,4104.721768,1785.752424,1004,54073.02,1.59E-10,31.58203318,-1.00E-11
1963,2374.237174,23333.76194,8071.028071,2312.077841,9244.975128,151.9839925,2.763185853,1043.12878,2895.985072,1813.870278,1024,52267.76,1.62E-10,0.051466506,2.70E-12
1964,2305.93236,21953.88942,6514.152364,2034.170452,8934.578915,147.4615844,1.016936551,1421.771933,3105.148124,1734.051958,1025,49171.76,2.00E-10,5.414048069,-5.00E-13
1965,2268.183751,19605.65386,5877.395036,882.0608052,8784.022686,145.4673656,0.014787157,1268.862637,2786.905996,1672.208705,1025,44315.72,3.13E-10,0.055627142,1.37E-13
1966,2213.673703,17177.43244,3865.311508,826.226404,8554.379954,142.1216274,0.011677869,1007.018986,2419.928347,1642.821103,1024,38872.87,3.24E-10,0.05574751,-6.82E-12
1967,2153.369046,14643.50986,2937.046414,424.8101881,8205.087922,138.358933,0.008052922,673.5755754,2068.411127,1638.112733,1024,33906.23,3.75E-10,0.059852583,2.65E-12
1968,2162.958061,13555.48934,2973.142608,371.0960654,8149.781813,138.9488559,0.008621249,695.9208538,2030.1909,1629.281849,1024,32730.76,4.32E-10,0.058966555,-2.46E-12
1969,2083.577165,13567.98811,3037.242839,245.1199636,7832.76558,134.4184171,0.004208017,640.2678058,1727.762073,1606.127233,1024,31899.21,5.37E-10,0.063397943,3.68E-12
1970,2035.472927,13140.4712,2625.683869,172.169665,7646.055802,131.5956078,0.001506715,515.1672938,1524.496946,1587.981836,1024,30403.03,6.77E-10,0.066650593,2.20E-13
1971,2028.144722,12742.73802,2069.324168,170.3001159,7685.721724,130.9794761,0.000924041,420.8417305,1500.342011,1559.803068,1024,29332.13,1.09E-09,0.065957263,3.55E-12
1972,2020.595319,11805.53703,1952.54208,165.1608483,7772.544446,130.889089,0.000838771,436.6793189,1611.63595,1545.539765,1024,28465.06,1.55E-09,0.064684143,-1.16E-12
1973,2147.740341,12328.47502,2231.199006,264.5899147,8275.546604,138.2074475,2.0929145,654.1384068,1845.208184,1606.233752,1024,30517.38,3.55E-10,0.051592117,4.73E-12
1974,2493.437872,14889.12657,3334.806991,447.1189535,9701.570975,158.9271321,63.80263585,1208.34809,2689.621505,1726.764161,1023,37730.87,1.27E-10,5.654890044,7.69E-13
1975,2728.179722,19302.53471,4351.442474,861.9543956,10652.34352,172.8674019,461.1567891,1617.232261,3250.783006,1798.082295,840,46032.92,8.87E-11,3.656573435,-7.69E-12
1976,2596.373169,20620.36349,5029.835998,1056.293089,10119.69885,165.0784784,1521.692669,1387.359051,2963.376631,1828.237213,1023,48303.77,1.07E-10,7.538647096,-5.90E-12
1977,2504.861802,21098.05149,6480.007057,949.8760649,9729.799481,159.4901091,2403.291895,1084.987052,2705.994557,1447.331432,1024,49566.45,1.25E-10,21.24093802,3.66E-13
1978,2479.630588,21166.73762,6679.942119,808.1603734,9534.994553,158.2158792,3253.443803,967.2435295,2883.073398,1255.43285,1024,50182.99,1.29E-10,27.88471236,3.24E-12
1979,2459.748936,21085.42117,6500.894767,873.1059965,9357.726891,156.7120254,3745.620804,855.4723075,2900.82801,1273.6953,1025,50220.99,1.33E-10,13.23620357,-3.39E-12
1980,2471.439941,20933.37481,6274.566729,833.441576,9378.156877,157.0529273,3781.065151,769.1225787,3036.586386,1825.035031,1024,50457.25,1.24E-10,26.59200681,-4.81E-12
1981,2496.317221,21006.78229,5762.19777,762.2842522,9559.054974,158.5415163,3303.826683,795.0405166,3282.882124,1891.222296,1024,50038.5,1.17E-10,3.649637449,-1.17E-12
1982,2529.542591,20763.70413,5406.578843,741.2374883,9787.880096,160.3595374,2844.468364,920.2792543,3596.695941,1921.915269,1024,49688.55,1.11E-10,8.111510942,-5.81E-12
1983,2593.060285,21447.8739,5360.916312,784.5014939,10014.53968,163.9138653,2093.185414,1074.061588,3854.259765,1938.550839,1024,50295.05,1.01E-10,53.81314009,-1.49E-12
1984,2668.3618,23363.53373,6264.091909,953.5020276,10414.71117,170.2888117,1317.570838,1288.950496,3856.58581,1913.907481,1024,53210.08,9.32E-11,25.42407099,-8.09E-12
1985,2750.187385,25744.22831,7637.71963,1443.18464,10626.00856,173.6761396,499.6535209,1299.102238,3464.835342,1955.336949,1024,56612.64,9.40E-11,5.292718284,-1.37E-11
1986,2645.085994,25579.92657,7403.132053,2575.418673,10192.7828,167.0483789,36.44374587,1157.137017,2927.9378,1926.719573,1024,55619.49,1.06E-10,16.14260247,-7.42E-12
1987,2551.225427,24670.85356,7429.734408,2724.469923,9812.283446,161.2469325,19.52634785,858.0170753,2554.444687,1925.246991,1024,53731.02,1.19E-10,0.028796679,9.82E-13
1988,2531.880562,23632.84532,6825.642493,1171.229708,9714.290775,159.6879748,0.027514342,865.7068059,2662.134373,1875.842653,1024,50460.46,1.21E-10,2.82818261,1.26E-11
1989,2477.89465,20692.50906,5905.230165,796.2730086,9508.813832,156.8705931,0.024561785,756.557185,2500.663701,1818.113799,1024,45636.92,1.59E-10,0.030554189,4.32E-12
1990,2402.459363,17891.64926,4178.735277,708.0778971,9198.050421,152.1846633,0.020427867,659.3386214,2315.998908,1745.31979,1024,40275.79,1.79E-10,0.044627407,-3.59E-12
1991,2285.113603,15392.35574,3228.038265,385.0278852,8629.742667,145.1801749,0.013978062,510.521431,2040.267387,1717.338475,1024,35357.53,2.27E-10,0.069602105,-5.48E-12
1992,2277.531298,14724.09009,3155.83509,457.3003506,8541.010787,145.0081309,0.013819642,417.6580153,1727.696089,1657.336328,1024,34127.41,2.78E-10,0.069997576,-4.20E-12
1993,2247.167959,14332.65403,3097.758147,367.5097331,8394.73101,142.9945778,0.011834771,409.4669518,1989.511141,1668.614899,1024,33674.35,3.21E-10,0.070286503,4.33E-12
1994,2260.286993,13312.89712,2963.98997,250.5765373,8523.172594,143.7094845,0.012384359,451.4883925,2115.317312,1652.928258,1024,32698.31,2.85E-10,0.069049216,5.61E-12
1995,2275.060367,12319.54601,2887.539009,204.8389847,8683.084404,144.8249965,0.013379961,497.4494513,2229.345761,1701.968972,1024,31967.6,2.16E-10,0.071339541,-7.71E-13
1996,2259.936989,11813.56616,2717.551414,204.6073313,8686.25653,144.7474414,0.013309965,510.6973108,2285.868622,1753.297086,1024,31400.47,2.02E-10,0.072197782,-1.10E-12
1997,2375.286906,12590.00365,2962.133991,266.5778069,9086.330385,150.8015518,4.262835492,713.4659675,2524.376997,1756.863124,1024,33454.04,1.47E-10,0.063214048,-1.33E-12
1998,2725.582818,15223.60185,4036.836766,351.477875,10470.63085,171.7362604,270.6169885,1186.138455,3351.266579,1786.737257,1024,40593.05,7.96E-11,5.575700024,-8.23E-12
1999,3004.488891,18846.86016,5143.5974,772.9782282,11649.69703,188.5318912,1158.483313,1612.329846,3934.047706,1931.954289,1042.961249,49285.93,6.10E-11,7.57E-10,-1.08E-11
2000,2912.52255,19243.35932,5342.862263,1182.28096,11341.14944,183.1114543,3045.032297,1408.942248,3855.37204,1909.779363,1030.758065,51455.17,6.80E-11,2.38E-09,1.07E-12
2001,2739.407927,18582.57215,5217.509006,1197.928133,10633.42754,172.5299918,4674.130753,1165.266443,3637.860448,1812.918891,1024,50844.41,8.48E-11,13.14128599,4.96E-13
2002,2585.302735,17396.6818,4696.993091,915.242338,10019.40595,163.3659856,6159.610879,915.4797185,3711.76142,1702.804097,1024,49259.96,1.12E-10,30.68801323,7.52E-12
2003,2493.293739,17009.78636,4198.97055,837.1524439,9644.902777,157.4772622,7036.896622,783.7604611,3535.508422,1621.481357,1024.48,48331.32,1.72E-10,12.3899971,-8.20E-12
2004,2532.709157,17012.90988,4022.298903,811.6463602,9813.883424,159.9978765,7423.830846,813.4033736,3828.706788,894.7799091,1024,48312.28,1.37E-10,25.88651279,8.81E-12
2005,2580.039749,17269.97367,4012.629815,880.5508385,10006.71723,162.8680217,6961.144042,889.664835,4175.647044,1118.76524,872,48927.01,1.19E-10,2.990481139,-9.90E-13
2006,2630.348824,17881.54654,4078.641359,777.3556196,10163.4085,165.3183801,6235.769731,968.7314699,4289.927763,1942.144468,923,50049.67,1.06E-10,6.522646022,-2.09E-12
2007,2746.96849,18687.35391,4787.970851,824.4924763,10584.10752,171.5740411,5056.603437,1130.650455,4723.527293,2018.88466,1023,51692.6,8.48E-11,62.53313721,-2.30E-12
2008,2882.312242,22121.22728,5468.554432,1053.671279,11107.79027,180.1421539,3614.220252,1338.609566,4909.720299,2065.703782,1024,55729.1,6.79E-11,36.85155697,-5.00E-12
2009,2975.504265,24907.53428,7015.733566,1540.293183,11522.94101,186.7065644,1859.920396,1403.285336,4671.343133,2172.068881,1024,59275.59,6.50E-11,3.740611892,-1.96E-12
2010,2933.855536,25473.3053,7214.760637,2485.603189,11360.67709,183.8747043,488.8934207,1304.397545,3930.802248,2133.809244,1024,58522.45,7.30E-11,11.52891373,-9.54E-12
2011,2847.761994,25355.79045,6973.560076,3186.859254,10996.59759,178.288132,48.13411192,1075.749811,3386.289811,2092.491126,1024,57165.5,8.40E-11,0.022361937,-5.97E-12
2012,2842.466548,24355.67428,6380.033843,1684.309882,10966.2058,177.476079,0.042126068,1148.357029,3364.58237,1921.167596,1024,53862.03,7.79E-11,2.285545322,1.31E-11
2013,2814.606896,21557.93281,4694.845629,1108.58375,10878.65871,176.5303793,0.04074464,1215.619176,3373.158279,2043.601347,1024,48887.55,9.13E-11,0.027721913,2.29E-12
2014,2798.854809,17927.78837,3682.793232,476.4106465,10839.60769,175.3705208,0.040009278,1243.571845,3216.027489,1953.051328,1024,43337.49,9.39E-11,0.025934604,-1.46E-11
2015,2724.251799,15021.40634,3052.492505,244.5973834,10536.14517,170.6880922,0.035880152,1085.365889,2916.403229,1987.881695,1024,38763.23,9.80E-11,0.037980143,3.75E-12
2016,2671.295536,14624.68761,3031.407827,291.269341,10319.07663,167.2529767,0.03285095,1023.280514,2693.817425,1953.662792,1024,37799.74,1.12E-10,0.043498253,1.23E-12
2017,2557.904936,15110.10867,2954.50251,240.4927243,9905.396535,161.1770808,0.027205132,958.3792314,2401.994213,1885.413738,1024,37199.35,1.32E-10,0.046847023,4.03E-12
2018,2402.673653,14605.66992,2788.45034,184.1911368,9840.51688,160.3166756,0.026248204,1067.953196,2187.475673,1950.630114,1010,36197.85,1.13E-10,0.0538407,9.07E-12
2019,2510.964991,14514.86979,2749.25517,184.0222796,9876.917064,162.4297306,0.0280534,1043.839516,2154.536874,1727.857604,177,35101.67,9.24E-11,0.051073651,6.33E-12
2020,2403.281316,15133.43572,2935.093336,252.1586474,9181.028794,152.3260607,0.019313201,881.9870421,1796.491833,1609.329335,104,34449.1,1.20E-10,0.051395804,-5.77E-12
2021,2282.540904,17273.77312,4107.162389,302.3574879,8683.683952,144.6018395,12.32841508,779.4787788,1538.61423,1345.598866,1,36471.08,1.98E-10,0.05998735,-1.96E-12
2022,2290.186864,21386.10153,5276.796789,1064.600945,8716.513395,145.0054401,525.9909516,776.2365965,1536.431593,1510.830169,296,43510.64,2.63E-10,14.05426914,-1.00E-11
2023,2526.414437,24187.17464,6491.124591,1813.457803,9622.279521,159.1379429,2031.26186,973.2367569,1915.887013,1521.004982,648,51868.23,1.52E-10,20.74954877,-7.60E-12
2024,2593.939256,24595.43758,6882.098602,1067.661063,9897.308575,163.3134104,4113.374683,917.6802815,2060.631961,1676.40775,364,54322.73,1.32E-10,9.123160511,8.97E-12
2025,2559.461977,23749.89464,6097.605255,890.9229502,9762.656645,161.0532187,6284.368089,788.2764423,2057.943779,1761.877885,460,54548.8,1.34E-10,25.26088258,2.45E-12
2026,2452.493193,22280.42537,5436.287697,772.1132613,9672.016045,132.0794116,7929.735869,650.583037,2069.002584,1726.24008,579.38,53655.99,1.55E-10,44.36654323,-5.18E-12
2027,2444.194823,21541.37977,5296.665336,854.1783123,9522.314532,156.3013282,7521.720371,549.425871,2132.393873,1724.428748,752,52479.26,1.73E-10,15.74296644,-3.20E-12
2028,2430.012705,21799.44404,5309.343724,851.5865696,9472.875497,156.3854056,6187.616284,558.7857864,2182.414426,1727.187541,1022,51651.77,1.82E-10,45.88198427,9.27E-12
2029,2406.824961,21854.84993,5022.227537,748.2739414,9286.772423,153.5180109,6283.901943,497.8343646,2070.895739,1711.970687,1024,51053.68,2.11E-10,7.389539742,-1.88E-12
2030,2527.633522,22420.14201,5444.46237,681.3829145,9668.776477,159.4340392,4505.07607,663.2695524,2421.520647,1807.158174,1024,51307.2,1.54E-10,15.65577855,-6.79E-12
2031,2559.938095,23560.82372,6087.507631,865.4498443,9761.199073,161.2474318,3274.113421,762.3584813,2603.881238,1851.397704,1025,52417.93,1.26E-10,94.98663823,-8.57E-12
2032,2661.256304,25887.9241,6887.804228,1010.838811,10008.46389,166.8374962,2002.850217,959.1107019,2919.549693,1868.227069,1025,55325.91,1.05E-10,71.95251334,3.62E-12
2033,2816.036096,27453.25881,7492.197053,2141.512482,10593.49658,176.4032825,715.3031831,1249.629888,3435.153299,2000.351963,1024,59086.08,8.75E-11,11.26263316,-1.06E-11
2034,2743.766915,27580.57256,7285.74869,2153.254604,10318.71658,171.8871757,44.75036524,1233.524188,3453.749408,1945.287164,1024,57924.65,1.04E-10,30.60765571,5.54E-13
2035,2611.749149,26871.20627,6807.630117,1510.89868,9854.711044,164.5096891,6.863632117,1114.606366,3624.829555,1878.161922,1024,55469.11,1.33E-10,0.056428429,2.94E-12
2036,2667.022917,25211.54521,4900.22698,1143.371631,10104.24415,168.170923,2.097457676,1426.349196,4327.362211,1336.60107,518,51799.76,9.91E-11,5.2317431,-1.20E-11
2037,2629.557938,21556.65583,3388.333446,789.0591561,9482.471625,165.9860376,0.030240368,1527.730331,4675.397088,1903.470561,1017,47135.64,1.24E-10,0.052255976,-5.41E-12
2038,2772.229973,16770.8982,2578.044164,331.9051644,9947.365307,173.8853792,0.037128071,1743.190128,5087.581941,1817.115544,924,42146.21,1.10E-10,0.042923894,3.59E-12
2039,2689.218848,13052.63201,2061.48021,224.1413318,9725.577042,170.3202052,0.034111849,1950.43796,5068.813569,1840.616322,973,37756.22,1.11E-10,0.051612489,5.47E-13
2040,2501.690391,12038.02229,1958.036114,209.5148593,9316.560751,163.7717113,0.028571668,2136.776165,5261.723065,1773.574671,973,36332.64,1.38E-10,0.058590132,9.45E-13
2041,2330.328548,11183.36193,1855.253894,177.0952962,8688.455478,154.0324383,0.02012767,2353.555879,5598.097886,1680.638072,924,34944.77,1.88E-10,0.069550157,-4.61E-12
2042,2239.713249,10391.26753,1666.938163,161.5048829,8310.08669,148.3051888,0.015216283,2151.587597,5385.53556,1651.546253,1012,33118.43,2.12E-10,0.070324531,8.56E-12
2043,2272.236663,9828.666961,1526.176767,158.0641093,8221.265355,146.8460165,0.013991708,2216.186471,5435.166622,1724.501373,207,31736.06,1.65E-10,0.064330056,3.70E-12
2044,2195.46938,10253.77136,1353.980817,198.5331451,7781.607457,139.7417086,2.024273361,2264.048641,5249.308765,939.5405533,1,30378.96,2.05E-10,0.066097757,2.16E-12
2045,2042,13395,1422,390,7162,130,2.000000001,1999,4990,1023,1,32552.94672,2.970686656,0.082591236,-4.63E-12
2046,2016,17631,1725,1194,7170,130,38,2017,4830,1402,501,38619.69187,15.30167054,19.00646322,7.24E-12
2047,2039,18596,1909,1677,7162,130,258,2544,4596,1406,919,41179.96159,20.42258346,35.6158217,-1.96E-12
2048,1956,19057,2083,1119,7084,130,817,2848,4492,1404,738,41705.47211,5.436647135,17.09124401,-4.99E-12
2049,2026.267531,19825.93032,2275.983356,976.2754065,7242.882611,134.360883,1580.302134,2821.955482,4863.498902,1526.979403,748,43981.71,1.56E-09,40.72603217,3.11E-12
2050,2066.238678,19806.65503,2453.264656,729.5976281,7445.846949,137.5475666,2437.095093,2663.372297,5147.903609,1520.444348,630,44969.56,2.21E-09,68.40585802,4.26E-13
2051,2085.717152,19527.25802,2458.298709,648.1350529,7530.590764,138.8737823,2979.898744,2541.350337,5860.835544,1539.917611,375,45662.46,1.12E-09,23.41572042,2.64E-12
2052,2176.167789,18885.42632,2374.028953,584.3176732,7601.637053,139.6562703,3495.549925,2477.729108,6127.973566,1553.097178,673,46021.49,8.53E-10,67.09383256,3.61E-12
2053,2207.679732,18260.07712,2160.777097,613.4297078,7954.826907,142.2452041,3238.296024,2127.830619,6336.205604,1578.393406,920,45530.07,6.04E-10,9.691418293,-7.64E-12
2054,2176.121999,17778.07077,2053.612459,672.7921618,7812.621042,140.0186593,3148.464284,2046.793897,6235.415205,1578.729255,922,44542.45,6.37E-10,22.18973386,-2.38E-12
2055,2171.636983,19603.11338,2004.609071,647.0326322,7754.870219,138.9324398,2234.032942,1737.415983,6066.004325,1590.350241,807,44622.78,5.16E-10,132.2182106,2.61E-12
2056,2273.273831,22395.47669,2347.866372,1036.953867,8076.100337,144.3035769,1323.678875,1409.61712,5800.280969,1643.764857,807,47147.55,2.76E-10,110.7664958,3.61E-12
2057,2454.983919,24718.15052,3030.6193,1698.512281,8754.238087,155.4038012,529.2679826,1589.271638,5434.247443,1758.602984,955,51058.17,1.71E-10,20.12795318,1.02E-11
2058,2410.372405,24506.25765,2980.267211,1821.547905,8580.269945,152.5614376,37.24643797,1824.607015,5051.618942,1720.13827,835,49872.9,2.14E-10,46.98722,-4.55E-12
2059,2241.108723,22941.74962,2477.126866,1883.0662,7934.511867,142.1519899,0.959107421,1973.241,4359.094335,1614.09157,1020,46587.02,5.09E-10,0.081281423,1.20E-11
2060,2249.787976,20960.4761,2346.30611,1192.070583,7786.835336,142.7380942,0.031246348,2131.801313,4163.738261,1670.35643,610,43246.55,2.65E-10,7.591450538,-1.51E-11
2061,2281.195072,18142.19637,1871.419513,933.2520632,7867.387966,144.6680014,0.011848144,2335.321064,3669.239624,1610.353565,1019,39873.98,5.22E-10,0.065090075,7.33E-12
2062,2363.477843,14934.87406,1760.56322,308.0374562,8188.050459,149.8482364,0.016136778,2320.847358,3561.405504,1680.516551,1024,36291.57,2.68E-10,0.066822902,-6.98E-12
2063,2303.235608,12718.91126,1542.935005,225.6939305,7993.065255,146.373589,0.013311861,2141.025736,3306.191358,1705.835666,1024,33107.21,2.53E-10,0.070717038,-6.50E-13
2064,2267.745512,12584.32344,1468.486375,174.4978029,8020.175185,144.1002796,0.011463642,2032.83687,3066.384134,1668.050598,1024,32450.54,3.34E-10,0.071656557,-2.84E-12
2065,2150.286843,13098.95509,1306.703458,132.0658556,7624.69235,136.7577258,0.005441004,1983.292864,2520.419083,1590.940641,1024,31568.04,7.04E-10,0.079349612,9.31E-13
2066,2076.074847,12687.60209,1211.513673,117.7552628,7353.155711,132.2751378,0.001818658,1630.246838,2222.200348,1591.446843,1024,30046.19,6.96E-10,0.08257019,-1.18E-12
2067,2038,12670,1173,112,7210,130,3.73E-09,1465,2007,1593.658592,1024,29422.57302,6.50E-10,0.085575698,-2.44E-12
2068,2030,14000,1272,152,7214,130,2.000000001,614,1272,1556.261479,818,29060.18633,1.17E-09,0.075146801,6.18E-12
2069,2041,16825,2019,313,7215,131,2,791,1435,1506,4.09E-11,32109.50542,6.934957743,161.5596229,9.66E-13
2070,2042,22088,3347,933,7212,145,62,546,1280,1506,204,39316.69852,25.7168193,22.58465749,-1.11E-11
2071,2038,24355,3625,1551,7208,142,388,415,1322,1507,839,43296.20719,50.69228599,43.10052792,-1.99E-12
2072,2034,24539,3449,1400,7032,141,995,251,1123,1507,806,43226.99126,29.09409707,20.91463854,1.70E-11
2073,2031,24478,3451,1303,7004,133,1745,395,1524,1507,807.14,44310.29397,17.69845063,50.1475769,1.64E-11
2074,1984,24501,3442,1026,6991,130,2565,442,1561,1506,886.35,44922.72318,23.2225392,88.40428573,-1.40E-11
2075,2011,24271,3337,647,7000,130,3305,557,1837,1506,852,45400.72085,20.26277078,32.01637529,-1.23E-11
2076,2008,23369,2654,546,7188,130,4235,572,2053,1506,1023,45188.36389,11.53533691,84.10077487,-8.44E-12
2077,2009,21932,2257,573,7256,130,3741,585,2210,1506,922,43096.52536,11.82960198,12.6450396,-8.99E-12
2078,2010,20841,2190,520,7256,131,4455,832,2363,1507,822,42896.66066,2.36016515,27.97917273,5.97E-12
2079,1986,21372,2214,620.0000001,7252,159.0000001,3555,1026,2345,1523.507066,975,42869.16912,2.68E-09,158.3379444,4.97E-12
2080,2191.794689,24044.21701,2870.947733,793.2588593,7853.119247,144.1477207,2529.395537,1137.676915,2438.938795,1618.657066,1024,46524.3,3.37E-10,121.853569,8.44E-12
2081,2361.073239,26811.21767,3683.436016,1277.735788,8663.787929,153.8557199,1036.775137,1301.042529,2554.697415,1724.464047,1024,50570.88,1.99E-10,21.20549323,-7.65E-12
2082,2298.03455,27321.50711,3852.658598,1399.622018,8473.27064,150.7044667,72.27298953,1077.624128,2228.986685,1708.714619,1024,49564.04,2.27E-10,43.35580519,5.04E-12
2083,2160.782435,25802.85483,3305.120554,2395.091364,7609.537549,139.4220267,7.745203368,1035.889234,1707.545281,1599.774557,1025,46788.69,6.34E-10,0.073035525,9.32E-12
2084,2141.279278,24445.50099,2633.826874,1008.113996,7390.052137,136.3738346,4.035103732,1256.249406,1712.997104,1602.575902,1024,43347.84,5.16E-10,7.164626771,-2.14E-12
2085,2099.06713,21465.69192,2049.248481,638.2763679,7457.084976,137.6152747,0.005921676,1140.085687,1599.02849,1600.935795,1024,39210.97,6.31E-10,0.070041386,-2.37E-12
2086,2067.134442,18292.39343,1634.70808,153.4023357,7340.874797,135.5559456,0.004347376,1135.975974,1466.02161,1522.308904,1024,34772.3,4.92E-09,0.079862513,8.24E-12
2087,1968,15674,1235,118,7016,130,6.37E-09,1116,1312,1512.640582,1024,31105.55399,2.03E-08,0.086595654,1.95E-12
2088,2008,15512,1154,98,7010,130,2.77E-09,1097,1286,1505,1024,30823.91356,0.002383995,0.084055984,-4.20E-12
2089,2044,16823,1194,91,7006,130,6.49E-10,1034,1213,1505,1024,32063.90567,0.006036605,0.088290609,6.48E-12
2090,2045,16675,1200,90,7010,130,4.31E-10,957,1168,1505,1024,31803.89406,0.003483348,0.102459988,-7.64E-12
2091,2043,16886,1244,90,7004,130,3.10E-10,767,1000,1506,1016,31685.90332,0.00370551,0.092976043,1.11E-11
2092,2035,17209,1552,128,7016,130,2.73E-10,612,988,1506,271,31446.914,0.004719716,0.081282338,7.48E-12
2093,2036,19554,2525,272,7027,131,4,570,1051,1506,1,34653.74434,9.83549074,13.42017008,-5.07E-12
2094,2038,22629,3746,1393,7017,142,420,660,1248,1506,4.15E-11,40535.02149,9.595419049,254.3830943,-6.93E-12
2095,2167.150871,24900.83098,4269.641241,2176.319604,7454.609707,148.6724223,1290.34264,751.1646747,1484.113871,1528.804652,4.99E-11,45920.85,1.51E-09,250.8006662,2.61E-12
2096,2210.380097,24898.16692,4120.611887,2240.127261,7616.268552,151.6969548,3074.314507,775.5822423,1631.368488,1552.604082,461,48717.03,7.81E-10,15.09099113,-2.15E-12
2097,2262.749316,24669.92523,4002.935695,1341.480179,7749.566952,152.985956,4073.624996,836.6781597,1914.342275,1579.714282,805,49353.29,4.88E-10,35.71303735,-1.31E-12
2098,2315.121597,23974.17555,4144.772501,727.8891645,7947.279318,156.1908972,4428.301366,961.5459668,2310.385569,1589.893436,947,49445.85,4.08E-10,56.70536306,-4.36E-12
2099,2366.227865,23201.25465,4623.898873,918.5087971,8129.851064,150.6082432,4143.927266,1106.658327,2792.814323,1619.777003,948,49984.95,3.37E-10,16.5764141,2.48E-12
2100,2351.024762,23097.82958,4455.148747,646.041655,8240.857596,152.3720607,3819.374727,1260.148749,3222.273613,1641.332464,948.29,49779.51,2.95E-10,55.18395742,-6.54E-12
2101,2377.933967,23325.59915,4362.570666,683.2760988,8277.806152,152.0065812,3649.078464,784.9712994,2701.685108,1661.301839,1024,48992.23,2.82E-10,7.999328315,5.28E-13
2102,2361.347122,22682.19983,4198.484755,582.7225984,8134.551148,150.4812675,2690.496443,1588.508155,3436.001242,1653.819724,1024,48483.26,3.13E-10,19.35228561,-5.37E-12
2103,2406.965147,23094.23053,4294.386284,665.1411495,8292.109678,152.5934709,2053.866042,2114.036711,3844.896002,1708.410535,1025,49538.07,2.16E-10,113.5655437,6.31E-12
2104,2531.066475,24664.25729,5074.391282,729.9121303,8846.744458,161.6992028,1298.313931,2703.068304,4125.692552,1792.148031,1023,52856.77,1.41E-10,93.52365555,-1.38E-11
2105,2803.870235,26273.00493,5724.812154,1004.016146,9755.903058,177.4274336,568.8397923,3298.289855,4832.054402,1954.189129,1025,57403.38,9.66E-11,14.02713168,-9.28E-12
2106,2795.079678,25994.29226,5731.91963,1118.646502,9729.887343,176.7505976,46.76394481,3487.680657,4903.436385,1954.611619,1025,56931.5,1.02E-10,32.56862031,3.69E-12
2107,2711.894717,24991.05562,5524.585898,1223.120223,9401.318994,171.2783688,8.762475447,3453.389466,4955.452796,1947.857856,1024,55412.66,1.18E-10,0.056413159,3.55E-12
2108,2705.610274,22251.6039,4433.998791,988.0839538,9374.477774,170.7938833,0.220677885,3690.463897,5303.486752,1944.596207,1024.19,51882.54,1.02E-10,4.986110538,-4.96E-12
2109,2707.423047,18723.32185,2999.016102,820.3667339,9376.577632,171.3816904,0.031637378,3779.497769,5272.376481,1947.118555,1024,46821.07,1.18E-10,0.041494497,9.91E-13
2110,2659.511645,15780.31168,1912.913002,260.4508671,9182.345005,167.8251356,0.029096258,3601.893986,5092.422062,1845.61976,1024,41527.26,1.42E-10,0.062242866,4.15E-12
2111,2550.172287,12878.75729,1251.45618,174.9935975,8779.414055,160.7491083,0.02365316,3396.506998,4792.121744,1796.042856,1024,36804.16,1.70E-10,0.077773609,2.46E-12
2112,2498.799339,12686.10613,1243.287265,151.7953816,8634.641598,158.0662066,0.02160601,2815.398406,4624.849383,1799.848446,1024,35636.73,1.75E-10,0.083759496,-2.41E-12
2113,2421.530036,13190.04886,1195.748481,135.816734,8323.062892,152.7075303,0.017467331,2624.263269,4415.321218,1751.080719,1024,35233.51,2.14E-10,0.087211894,1.04E-12
2114,2432.712894,13054.35029,969.4431881,134.6211218,8359.752882,153.2867591,0.017926682,2323.404518,4227.070953,1830.93078,1024,34509.5,1.60E-10,0.09130857,6.66E-12
2115,2555.852473,13627.66934,1077.240727,165.2835141,8827.755063,161.4168276,0.024166791,1186.070816,3257.41757,1967.085522,1024,33849.73,1.09E-10,0.086019149,5.91E-13
2116,2409.349062,13374.29908,938.3873873,176.2689003,8435.666276,151.8227852,2.117507305,1465.476888,3881.820262,1839.149345,784,33458.27,1.43E-10,0.087496728,1.99E-12
2117,2523.173519,15599.88202,1322.431474,385.999344,8944.316063,159.2252697,2.763179086,1249.508674,4029.629546,1782.27411,6.71E-11,35404.89,1.31E-10,594.3131964,-6.03E-12
2118,2734.779605,20993.20634,2360.339698,780.3640905,9751.920373,173.9037566,303.1368572,851.7335083,3315.411657,1849.853305,8.33E-11,42691.04,1.06E-10,423.6091909,3.69E-12
2119,2819.040391,24404.68255,2733.248903,1557.539381,10026.39145,178.7028243,1088.267159,1225.172951,4404.101058,1884.168899,589,50883.6,1.03E-10,26.71556464,-5.24E-12
2120,2753.167992,24464.05136,2675.452777,1377.743009,9785.303987,174.7099988,2478.816661,1189.463718,4584.589308,1864.174366,1009,52346.7,1.08E-10,9.773180039,-3.11E-12
2121,2698.50736,23867.00958,2550.705466,1393.121961,9571.827656,170.6668901,3104.666841,1202.454556,4730.800693,1817.513611,1023,52103.92,1.23E-10,26.35461473,-3.86E-12
2122,2638.542688,23570.33469,2436.867248,958.1185574,9386.695165,166.5721591,3347.773848,1196.132431,4632.371919,1745.315278,857,50891.39,1.45E-10,44.33398216,3.25E-12
2123,2575.441017,22725.93224,2274.587771,1037.590748,9113.533986,162.4169935,3415.350108,1380.156423,4546.474982,1735.952377,690,49642.36,1.66E-10,15.0766468,1.06E-12
2124,2555.608569,22433.57883,2037.98359,966.5254201,9052.084629,161.2393113,3362.213718,1788.401664,4486.477604,1743.453997,581.88,49126.74,1.70E-10,42.70733537,3.20E-12
2125,2556.535844,22549.70904,1935.755897,886.5417514,9051.18474,161.1297999,2959.802927,1853.801617,4392.167583,1780.751275,1018,49137.36,1.60E-10,8.020474857,-6.77E-13
2126,2666.980305,22830.87948,1947.835152,604.0840907,9452.1372,169.3678064,2596.255098,2399.763613,4678.337294,1880.681112,864,50074.81,1.24E-10,15.51115239,4.35E-12
2127,2738.196285,23591.92282,2233.398697,805.2006328,9695.977073,173.476873,1945.517494,2792.978652,4966.058313,1926.747134,1023,51801.38,1.04E-10,91.09397208,3.28E-12
2128,2808.108168,25822.04243,2610.059941,957.6366193,9979.274029,177.5225665,1183.131604,3106.861198,5185.10856,1938.140747,1024,54721.26,9.43E-11,70.62586442,3.98E-13
2129,2985.416343,27409.73988,3159.574445,1860.695093,10615.03512,188.3983545,451.3889094,3141.366605,5444.665798,2056.616262,1024,58326.76,7.92E-11,10.1368066,-1.82E-11
2130,3078.769571,27956.29184,3368.807017,1993.639596,10954.0581,194.2041195,42.01552849,2018.154678,4438.153606,2119.383049,1024,57172.19,7.48E-11,15.28710136,-6.37E-12
2131,2897.886273,25946.2326,2991.835944,1606.573409,10286.48706,182.7982373,7.614648552,3310.646308,5195.438826,2072.301219,1023,55520.79,9.19E-11,0.024525417,1.10E-12
2132,2887.873208,23686.36911,2691.808653,1246.388552,10292.6159,182.6494513,2.362544042,3097.948885,5007.781851,1744.396267,1023,51861.29,8.02E-11,1.904421022,-8.48E-12
2133,2812.504937,19222.8421,1937.877742,720.907362,10065.94464,177.6254288,0.036410878,3463.127941,4928.12853,1925.827056,897,46151.8,1.10E-10,0.022144904,1.05E-11
2134,2769.698565,14931.28518,1041.956249,442.3991317,9920.965692,174.5788322,0.03429141,3166.293318,4965.290244,1839.297557,972,40223.77,1.24E-10,0.029064938,9.34E-13
2135,2567.628129,11541.28712,862.0498544,190.6231267,9264.375791,162.1778628,0.024752202,2926.178544,4495.897204,1806.359733,964,34780.55,1.39E-10,0.052115092,-4.64E-12
2136,2498.109593,11356.57524,680.1639022,164.2355441,9007.005835,157.5578861,0.021214693,2614.087772,4523.438363,1728.379295,963,33692.52,1.89E-10,0.054648225,1.64E-12
2137,2398.32528,11115.23688,779.5055158,142.1582876,8648.21446,151.2207385,0.016323645,2579.374927,4728.491487,1683.671333,735,32961.16,2.30E-10,0.055235004,1.63E-12
2138,2368.678814,10421.28057,738.608977,131.271735,8539.446426,149.3021703,0.014847824,2308.627541,4857.588392,1735.385104,367,31617.15,1.86E-10,0.0545817,-4.58E-12
2139,2319.314321,9774.686019,667.7464314,127.8956797,8387.087588,146.6538194,0.012810631,2357.478179,4988.257169,1704.780059,1,30474.86,2.06E-10,0.052074944,1.89E-13
2140,2267.400112,9647.069095,827.7277527,139.4730248,8200.18143,143.2991407,1.081840866,2285.44666,5003.113088,1645.381577,6.87E-11,29771.61,2.58E-10,388.5637214,-3.98E-13
2141,2349.338135,11273.63123,1085.442846,211.60806,8491.909862,148.3861354,2.480129496,2317.224493,5091.792143,1692.265412,9.27E-11,31812.17,2.25E-10,851.9084485,-1.71E-12
2142,2636.523566,15127.22067,1704.538785,554.7339353,9531.332497,167.1201915,162.2815659,2344.740572,5501.160937,1873.856877,1.46E-10,39025.15,1.13E-10,578.3596019,-8.41E-12
2143,2835.450799,20226.19949,2350.937869,1232.708845,10229.70768,179.5654827,707.058391,2197.136347,5849.573251,1940.455234,1,47742.18,9.36E-11,7.613389631,-1.09E-11
2144,2734.887752,21454.46636,2333.792382,1336.976903,9877.167708,173.4662332,1576.402857,2129.60546,5655.972474,1855.404044,586,49714.12,1.16E-10,0.022175212,-2.63E-12
2145,2699.999094,21640.30916,2282.074311,1437.213358,9746.062197,170.8102861,2240.412584,1990.361477,5630.402062,1844.922422,719,50395.36,1.18E-10,6.206953507,-2.48E-13
2146,2636.15211,21299.37061,2177.672021,886.296656,9548.252133,166.2496838,2687.766625,1988.291431,5726.836643,1796.209941,719,49609.72,1.35E-10,22.37785458,4.38E-12
2147,2584.654418,20824.38206,2085.29631,636.3082339,9359.156294,163.1626963,2868.759575,2101.050477,5848.045817,1750.35256,719,48936.76,1.65E-10,3.408436599,7.88E-12
2148,2612.665739,20636.1532,2088.5639,715.0615409,9449.753302,164.6298427,2916.844877,1868.289611,5807.118376,1796.433096,700,48728.39,1.45E-10,27.12348749,2.77E-12
2149,2647.270657,20384.43545,2055.027465,772.5672822,9615.152978,167.4297489,2794.132719,1938.536991,5599.176238,1850.369429,664,48488.06,1.27E-10,0.038956843,-1.23E-12
2150,2661.254669,20884.64211,2096.998299,710.3020275,9645.370637,168.2644867,2380.14461,1946.791474,5328.013551,1885.936522,564,48262.55,1.22E-10,9.168382551,-5.11E-12
2151,2726.149617,22973.4022,2246.964246,729.0300571,9852.25931,172.8089837,1713.383133,1838.845561,5150.273279,1979.801703,558,49866.13,9.88E-11,74.78809402,-2.87E-12
2152,2843.629372,25948.77511,2770.283952,1155.600271,10320.14159,190.7075789,1147.487042,1831.060856,4911.266058,2027.163238,657,53744.79,8.47E-11,58.32507275,4.82E-12
2153,3049.075019,28218.24984,3518.962887,2073.623433,11123.38587,240.3241171,452.8046141,1905.299477,4827.956529,2161.328837,651,58217.35,6.93E-11,4.660625447,-5.45E-12
2154,3136.190826,29050.20042,3491.702514,2548.761669,11346.6812,241.978404,43.69482809,1181.686967,3620.686213,2182.887892,650.37,57480.55,6.91E-11,14.29093671,-4.23E-12
2155,2986.845682,27570.82238,3180.654479,2611.373898,10785.43337,230.8717739,3.795004313,1597.386493,3848.02494,2145.89651,560,55521.08,8.12E-11,0.024532345,7.74E-13
2156,2943.790565,26428.36757,2595.031694,1500.186557,10632.0624,229.6012868,0.38429324,1613.320959,3669.593174,2153.710844,395,52158.87,7.42E-11,2.179339559,-6.49E-12
2157,2853.02083,22910.78324,2020.131319,846.8403542,10314.98501,209.3607536,0.038443678,1696.489319,3414.585478,2072.222963,852,47190.45,9.23E-11,0.007703891,-5.66E-12
2158,2833.653001,18547.76996,1702.308757,454.1124372,10202.4819,210.3389327,0.037069071,1701.525738,3137.524604,2064.361967,972,41826.1,9.30E-11,0.014367034,-1.58E-12
2159,2104.22606,12911.94859,486.9270542,130.9070121,7571.615861,163.8491596,0.001388262,598.8923477,1481.758773,1489.850612,973,27912.93,2.12E-09,0.046857614,-2.58E-13
2160,2372.30904,14559.4152,710.4031894,142.3797987,8543.279073,172.3140297,0.014598662,1227.3813,2119.390225,1686.14456,973,32506,2.29E-10,0.031012579,1.82E-12
2161,2232.136199,14876.80383,780.4933489,258.2099512,8394.819288,162.6637946,0.012662458,1306.164459,1868.460519,1663.271983,973,32516,2.56E-10,0.036033575,-2.31E-12
2162,1840.774585,15603.5002,857.9044388,297.9680827,8883.714312,162.1401053,0.01923497,970.4047665,1648.288441,1789.313982,973,33027,1.55E-10,0.028148312,-2.49E-12
2163,1801.782754,15346.21218,821.5264464,291.3465466,8790.004323,159.4501575,0.01795571,890.7322718,1553.728294,1783.226954,973,32411,1.55E-10,0.027880108,-8.50E-12
2164,1742.697214,14857.54946,799.4236044,153.0012241,8510.512906,154.6349867,2.128418745,1308.184544,1682.300191,1683.348846,973,31855,2.15E-10,11.78139889,2.56E-12
2165,1681.756234,14988.01371,963.6707463,169.5361672,8292.553895,147.5781763,1.36864354,1211.933542,1633.170989,1692.991447,1023,31761,2.69E-10,44.57354928,1.24E-12
2166,1675.930175,15424.52364,1580.887643,285.2197148,8249.83172,144.1458706,303.8957183,980.1341005,1497.01628,1617.26256,1023,32750,4.79E-10,31.84742257,-1.81E-12
2167,1670.687003,16799.98265,1937.6052,482.1611004,8222.804467,142.6444241,1122.504166,856.4798643,1381.456139,1614.975891,818,35043,4.28E-10,6.300902006,-3.90E-12
2168,1639.829247,18656.72324,1806.254643,681.2032902,8116.941531,145.7456342,2387.481273,658.7255803,1168.759255,1612.369792,715,37589,4.70E-10,0.033483479,-9.26E-12
2169,1599.71415,19863.52434,2097.23299,823.3965113,8033.111889,145.1470753,3137.976608,500.7805555,1056.767054,1601.869142,816,39672,4.89E-10,3.520315201,-1.62E-13
2170,1643.181374,20517.00078,2097.507536,787.2511504,8153.261391,147.0389079,3534.767279,470.3957419,1070.041759,1605.593248,1022,41048,4.57E-10,0.0391667,3.59E-12
2171,1650.998478,20631.19108,2150.083663,928.7040859,8153.968602,148.2830713,3491.292567,483.9266752,1066.16311,1665.84601,1023.58,41394,3.10E-10,0.037339926,-2.78E-12
2172,1704.532914,21137.07471,2208.82287,723.2580871,8369.60276,156.0931991,3240.641781,444.7857511,1237.297493,1730.923889,1024,41977,2.21E-10,0.033454251,1.11E-12
2173,1811.039779,20730.42592,2178.421982,576.7060191,8363.341943,145.6786939,3121.919337,389.1842433,1297.20423,1728.111967,1024,41366,2.32E-10,0.034111785,4.76E-12
2174,2269.391074,20613.3484,2182.663954,478.281031,8424.399513,144.7763063,2395.095874,414.4159895,1413.880147,1741.782621,1024,41102,2.30E-10,0.034911386,3.83E-12
2175,2410.897186,21108.31808,2452.639595,497.9314985,8567.891803,147.6973716,1749.623579,454.4060591,1571.20028,1786.157491,918,41630,1.94E-10,34.76294528,1.19E-11
2176,2446.255,21634.31044,2822.453694,875.9401129,8703.557844,149.9363064,974.5228717,597.3073876,1673.198248,1765.239534,916,42531,1.98E-10,27.72143632,2.20E-12
2177,2508.019833,22048.82087,3014.385911,1192.536243,8942.472062,154.7388141,362.1814246,821.7977187,1889.460665,1793.623727,684,43412,1.83E-10,0.037267044,1.30E-12
2178,2534.223419,22716.82225,3068.510512,1108.538022,9020.722025,159.1032082,26.24596484,611.7338061,1734.693534,1799.444079,891,43671,1.84E-10,0.036820199,-4.96E-12
2179,2567.514478,22970.82282,3166.128942,1124.32642,9099.670055,177.0337785,1.879875677,690.2793158,1914.657016,1879.72533,947,44539,1.43E-10,0.038027248,5.74E-12
2180,2769.091989,22334.06024,3122.377136,1045.734962,9826.914197,179.1042013,0.287787694,406.9756852,2105.631147,1940.731669,948.12,44679,1.14E-10,0.02901451,-1.00E-11
2181,2775.765005,19624.48797,2141.725053,903.5300073,9844.34299,167.6997558,0.032274948,1028.770063,2707.427601,1911.231663,992,42097,1.15E-10,0.012384687,-1.46E-12
2182,2867.581161,16679.11017,1364.50189,311.4708399,10230.1892,183.0123703,0.037490533,1199.703607,2849.827941,1942.5798,875,38503,8.72E-11,0.01446784,1.68E-12
2183,2821.963867,13286.2173,1025.624227,232.5470165,10043.18549,179.5864012,0.034896181,1314.803196,2914.157231,1880.910745,874,34573,9.71E-11,0.030365184,-7.06E-13
2184,2462.810556,11480.64555,849.929697,161.5199562,8752.398903,155.316527,0.017597379,2039.305343,3361.59097,1647.514545,874,31785,1.77E-10,0.049649453,-2.97E-12
2185,2417.492638,12067.57847,832.7921981,134.0626996,8600.043103,153.3412431,0.015421716,2184.349791,3437.202664,1617.17261,874,32318,1.99E-10,0.05083909,8.53E-12
2186,2461.566358,11451.6429,863.8831747,134.0792758,8859.056349,156.7847417,0.018934104,2594.13773,3687.168155,1683.710574,874,32766,1.57E-10,0.048189936,-1.61E-12
2187,2584.176311,11225.15618,931.9463243,144.2714037,9359.504958,165.6213766,2.051408833,1562.876594,3178.257929,1790.18066,874,31818,1.15E-10,0.04314219,-2.48E-12
2188,2729.149662,11376.26872,1044.997023,157.1268271,9913.946016,175.2560737,0.297633535,396.5437291,2417.086871,1879.134501,923,31000,1.02E-10,12.8070541,-9.89E-13
2189,2276.284086,8793.455728,736.7012776,149.490298,8221.133544,140.2488495,2.335800334,3276.074059,4825.456175,1647.526853,938,30929,2.67E-10,77.70666805,5.88E-12
2190,2417.191195,11443.92355,781.9065533,254.1101279,9020.21366,141.3817751,101.7305771,2019.040172,4074.757375,1765.140555,616,32593,1.68E-10,42.39553564,-2.06E-12
2191,2314.529062,11137.60145,610.7760287,375.8780281,8314.397375,128.9240598,358.5678785,3671.556955,5872.858519,1644.765257,548,34968,4.10E-10,9.854616922,-1.55E-12
2192,2314.493923,12642.39443,717.1695654,694.5035456,8249.748445,126.8949342,908.2454157,3674.664224,6221.839389,1650.098093,845,38045,3.95E-10,0.051964414,-1.03E-11
2193,2539.714274,15476.66104,1178.997306,847.5193625,9064.839814,142.3398198,1738.518907,2113.947171,4892.451101,1841.053103,1022,40858,1.56E-10,0.041898501,-5.82E-12
2194,2369.957819,14282.88932,964.7422342,797.6419579,8442.134664,153.5973111,1982.521236,3525.267135,7027.138996,1710.162556,1023,42279,2.60E-10,0.053232307,-2.31E-12
2195,2340.274692,14469.24074,932.1615582,734.4699025,8351.946486,146.1489622,2191.072442,3732.020456,7145.584004,1714.612847,1023.52,42781,2.54E-10,0.052095295,2.92E-12
2196,2360.241381,14499.50504,945.0599542,546.7063486,8450.92775,147.9195008,2265.712963,3797.357015,7439.193735,1737.634727,1023.79,43214,2.22E-10,0.04841597,-3.03E-12
2197,2350.232388,14174.54775,911.0894349,723.1522748,8415.386944,146.9966893,2107.292594,3629.33325,7471.097997,1747.914603,1024,42701,2.14E-10,0.043922863,1.90E-12
2198,2361.228221,14667.11344,908.1536847,481.8088541,8424.482289,147.1800037,1703.239892,3620.198651,7436.61293,1746.027568,1024,42520,2.29E-10,0.045530734,2.03E-12
2199,2345.68467,14991.68413,1010.57436,722.9134131,8341.740556,146.2903891,1334.522066,3779.809308,7307.756407,1720.080992,1024,42725,2.59E-10,0.056293165,-4.78E-12
2200,2333.73243,16588.3175,1298.623985,672.4519996,8325.959984,146.5879532,889.0649969,3853.571729,7143.996645,1707.75399,1024,43984,2.76E-10,0.061216371,4.59E-12
2201,2445.194448,18137.05348,1527.733978,890.1264033,8699.385308,153.8386161,402.6268879,3897.73928,7091.009411,1780.34664,1024,46049,1.98E-10,0.054447842,8.72E-13
2202,2738.161169,20567.40159,1872.989458,1214.059077,9691.426861,170.6877072,48.69248674,2082.261109,5165.884433,1928.480098,1024,46504,1.26E-10,0.043986037,3.10E-13
2203,2499.739403,18559.08953,1645.892394,1493.772178,8937.75631,164.7045129,2.704893103,3536.700711,6733.18974,1851.512561,942,46367,1.55E-10,0.06222892,1.09E-11
2204,2667.947352,18536.53173,1479.953657,939.5784009,9564.233681,176.8598373,0.229261577,3596.248495,6727.631273,1934.83703,1,45625,1.15E-10,0.050720062,-6.53E-12
2205,2626.007684,15503.13322,970.2354286,686.2399583,9381.932208,170.0312067,0.026378921,3593.240177,6466.621795,1777.571955,850,42025,1.42E-10,0.040013067,5.51E-13
2206,2555.831047,12019.34354,678.4343267,208.1730867,9455.71538,166.3672474,0.027261805,3636.986676,6181.308351,1764.845222,923,37590,1.25E-10,0.032142001,-2.18E-12
2207,2376.493276,8900.998882,547.2333284,170.6610139,8960.713928,156.3970668,0.020537532,3745.965101,5663.791492,1646.218256,873.55,33042,1.77E-10,0.042881675,2.45E-12
2208,2210.94992,8127.841658,445.4702608,155.6010754,8199.261617,142.4433173,0.010153563,3632.786872,5049.934234,1527.608628,873.14,30365,3.10E-10,0.047734758,6.18E-12
2209,2530.510865,10492.32823,857.1847183,172.8778136,9054.369227,157.9112945,0.021935732,2068.60496,3717.606687,1702.619162,583,31337,1.47E-10,0.034891004,2.41E-12
2210,2375.108773,9836.510706,784.0860109,160.802809,8602.920159,149.5555301,0.015715237,3411.898869,4534.068953,1605.072715,515,31975,2.07E-10,0.040240794,5.46E-12
2211,2743.60547,12266.32289,965.3160346,180.0030527,9954.753766,173.4019744,0.067944873,461.9046521,2450.946265,1816.703806,516,31529,1.08E-10,0.025853696,3.69E-13
2212,2512.303915,11171.56409,971.6493304,165.6422068,9093.068627,158.0425128,2.244428187,1858.962549,3291.72019,1745.258282,491,31450,2.06E-10,11.45613045,-1.83E-12
2213,2269.099375,11682.51684,1571.340698,173.9973816,8184.38635,140.9823538,4.34952491,3353.602091,3919.171896,1611.833278,9.24E-11,32767,5.27E-10,144.2797866,8.24E-13
2214,2210.349294,16104.27809,1905.863715,549.3640576,7943.311187,137.6675184,238.4039599,3169.098456,3776.519457,1548.727245,480,38012,1.58E-09,51.5829805,-3.69E-13
2215,2302.543855,19738.97676,2564.394398,771.5834087,8298.438382,152.0234346,908.3580067,3151.880008,3823.334482,1624.441571,569,43897,4.87E-10,7.974310186,7.96E-12
2216,2404.241353,20806.85919,2754.529763,969.5038334,8638.36683,161.2891194,1786.442762,3313.334,3892.609051,1720.8543,570,47018,2.50E-10,0.03020286,8.54E-12
2217,2411.421764,21912.22314,2787.618993,801.9682553,9125.73663,169.8009377,2886.135217,1878.065633,3210.353105,1809.700331,517,47510,1.75E-10,0.024003256,3.03E-12
2218,2147.895996,19970.7212,2631.223501,665.5616424,8500.267135,159.2662651,3747.986355,3261.945775,3899.517767,1662.632522,322,46969,3.57E-10,0.018153067,-5.95E-12
2219,1963.31372,18721.70563,2530.748629,483.3893699,8203.916551,166.1649467,4389.609077,3186.722282,4057.953281,1618.15017,1018.36,46340,5.20E-10,0.033654425,4.56E-12
2220,1929.545172,17025.13524,2140.183146,417.1888554,8270.240508,182.4418602,4712.329729,3616.115449,4138.065485,1642.160832,1018.63,45092,3.92E-10,0.036279664,1.24E-11
2221,1677.728054,16432.45159,1833.589781,464.0549003,8128.538004,174.8008813,4727.959688,3676.302832,3807.535499,1594.075963,1024,43541,6.58E-10,0.037189083,1.17E-11
2222,1949.323632,16203.42798,1933.364798,491.5884231,8219.207776,178.498329,3998.152951,3665.452811,3922.500893,1629.516544,898,43089,4.69E-10,0.034135184,5.87E-12
2223,1969.722437,17225.96326,2026.563459,571.9034705,8114.426794,187.8255894,3065.39389,3579.988177,3887.507849,1623.755106,1074,43327,4.95E-10,0.050030596,1.26E-11
2224,2252.978325,19625.87938,2089.375759,711.833189,8338.420258,205.0894575,1872.728282,3663.187555,3860.411317,1608.147951,1024,45252,5.82E-10,0.051476171,3.10E-12
2225,2386.018634,21907.53763,2285.24623,1071.769814,8762.196451,180.8865067,907.1500841,3523.117869,3771.563529,1751.550787,1024,47571,2.20E-10,0.037537084,-3.59E-12
2226,2537.197475,22698.75012,2625.554661,1390.075505,9128.32032,179.6027146,85.68332951,3702.971105,3578.728361,1811.148586,1074,48812,1.75E-10,0.032180235,1.05E-11
2227,2519.937901,22970.71369,2885.039052,1718.207029,9047.970157,178.6496221,1.413927067,3579.45654,3477.606147,1835.038232,1074,49288,1.62E-10,0.032293677,6.97E-12
2228,2758.320564,23585.28125,2831.427701,1017.818896,9882.61124,180.6379438,0.262190566,3416.009462,3627.261789,1950.407664,121,49371,1.10E-10,0.038701427,8.04E-12
2229,2762.574783,20155.96273,1749.070893,695.9964786,9989.612749,170.4425374,0.034348101,3454.482822,3542.037861,1987.795815,1023,45531,1.08E-10,0.011018428,4.37E-12
2230,2801.367864,16071.25678,1315.806064,233.5636026,10148.33833,150.8187579,0.036586655,3200.510723,3421.781733,2004.540164,973,40321,9.24E-11,0.02060843,-8.87E-13
2231,2601.298881,13453.30586,551.0249113,169.720885,9478.073912,138.5894492,0.027229877,2976.285283,3187.815852,1860.896496,973,35390,1.25E-10,0.03876217,-7.17E-13
2232,2265.288515,12351.83754,442.3034468,145.1708821,8531.639131,121.5834335,0.014328014,2841.151257,2923.469885,1674.594005,973,32270,2.38E-10,0.052419442,3.18E-12
2233,2232.258198,12978.5107,474.7506521,151.2489571,8452.491662,120.0968096,0.013243075,2724.555755,2943.839055,1682.286027,973,32733,2.30E-10,0.051061708,-7.39E-13
2234,2308.760577,12804.62684,693.697194,161.7929158,8770.51583,126.4779057,0.017533468,2742.02737,2952.460141,1779.67494,973,33313,1.58E-10,0.051248971,4.93E-13
2235,2578.464842,13781.96721,687.1500431,184.3750068,9966.742032,152.691032,0.067948728,436.2397925,1990.498832,1959.848232,973,32711,9.82E-11,0.044973825,-1.66E-12
2236,2144.613475,12362.7454,479.4449216,148.238774,8495.184009,126.8757304,4.208503853,2990.605219,2922.476166,1645.292571,929,32230,3.67E-10,18.68476738,2.04E-12
2237,2218.199419,14520.25061,821.0876537,202.4108673,8306.398681,122.3997817,12.4844997,2860.805543,2970.400717,1645.947126,133,33739,3.77E-10,74.38489311,2.56E-12
2238,2193.906129,18438.11184,1594.564651,581.5412689,8022.084073,127.5980347,258.1421492,2367.668861,2978.48437,1579.217169,1004,39080,8.35E-10,65.31854793,2.98E-13
2239,2337.929961,21193.52127,2071.839262,879.3080536,8483.640596,136.8266012,978.6984537,2689.819328,3402.49407,1653.607435,1024,44840,3.74E-10,11.68503331,-5.83E-13
2240,2377.526337,21804.39541,2135.437379,1393.691228,8626.151826,140.585142,2143.315331,2718.752369,3662.686877,1704.515597,1024,47731,2.73E-10,0.057494838,-3.86E-12
2241,2378.431686,21429.01018,2206.651532,1028.881329,8610.628879,142.1526588,2859.507784,2659.482053,3895.649415,1703.656478,1024,47938,2.77E-10,0.051992119,-1.33E-12
2242,2330.451285,20303.3998,2090.983903,713.8223507,8438.883767,142.0017171,3502.025219,2697.988395,4447.423168,1660.071831,1024,47351,3.66E-10,0.051435145,-1.96E-12
2243,2302.089356,19753.05803,1882.099755,710.066752,8355.7324,143.9580324,3514.510678,2690.042083,5161.613539,1642.848525,873.04,47029,4.15E-10,0.059154594,8.33E-12
2244,2297.159435,19267.2576,1766.64047,577.6992165,8402.896045,146.8147467,3494.552783,2727.77357,5782.055956,1667.209804,871,47001,3.48E-10,0.059627392,2.40E-12
2245,2321.751549,18020.23477,1569.36755,591.9233218,8548.350592,149.6262786,3106.307734,3082.922399,6519.702957,1696.869267,608,46215,2.89E-10,0.056422466,8.36E-13
2246,2484.261681,18686.12937,1672.4885,597.4141768,9201.697355,161.4487743,3334.145599,2195.993696,5387.212778,1268.255818,606,45595,1.70E-10,0.047751369,1.19E-11
2247,2277.345119,17196.16055,1495.854069,605.9256919,8423.141983,147.707602,2199.737805,4162.761674,7057.173974,1261.261212,656,45483,3.40E-10,0.069678258,-1.22E-11
2248,2327.496912,19449.89832,1424.34136,852.0834919,8524.56647,149.675193,1347.726718,4171.889769,6818.546708,1242.83598,719,47028,3.27E-10,0.060923541,-9.27E-13
2249,2413.049412,20230.78168,1747.575803,942.5691006,8749.942849,153.6699608,581.6271051,4140.285037,6983.314137,1747.25006,1021,48711,2.23E-10,0.065146883,-2.26E-12
2250,2682.539061,22612.56652,2052.66454,1274.053073,9686.489235,170.9562997,159.9681404,2363.638387,5071.235544,1918.944086,1024,49017,1.27E-10,0.054883034,-1.84E-13
2251,2503.805652,21634.21704,1925.889146,1332.392778,9031.476273,164.4499516,51.52656336,3752.851307,6321.697288,1820.757682,1024,49563,1.69E-10,0.06367842,-2.31E-12
2252,2653.134967,20321.15502,1901.136729,965.5757555,9496.792405,178.9356736,0.221038157,3907.7888,6363.268689,1848.045948,1024,48660,1.46E-10,0.055023751,8.33E-13
2253,2714.743439,16215.06188,1322.751104,879.0920798,9776.198791,182.1312839,0.031606365,4548.817704,6222.355728,1862.860933,973,44697,1.28E-10,0.044551146,6.17E-13
2254,2810.477256,12296.81208,516.4996239,309.6441884,10056.57532,186.7568861,0.035502571,4676.618938,6113.886715,1470.738586,898,39336,9.97E-11,0.045093293,-3.46E-12
2255,2567.044778,9326.520092,260.384774,267.0661446,9281.700245,173.6122687,0.024743755,4477.592344,5538.259312,1320.849867,898,34111,1.44E-10,0.054568474,-1.50E-12
2256,2202.99578,9068.85251,163.7207659,244.9164787,8168.530502,154.4504202,0.009511399,3984.499359,4718.836402,1569.252415,922,31198,3.29E-10,0.064144953,-1.24E-12
2257,2206.926046,9582.135714,201.9681931,244.8865562,8250.253382,155.6792544,0.010498277,3843.931217,4571.562055,1602.709275,923,31583,2.71E-10,0.062191484,2.25E-12
2258,2320.283325,10294.72111,231.9699615,249.3893906,8510.205823,159.3079737,0.014159299,3813.941738,4204.890482,1672.337858,922,32379,1.95E-10,0.061823638,-5.87E-13
2259,2499.077003,11528.23953,537.8175391,408.8519249,9122.735399,170.1901736,0.045011833,1945.658131,3117.466157,1743.978001,923,31997,1.52E-10,0.058874492,2.92E-14
2260,2448.815008,11957.81521,991.1705062,430.2375034,8839.908978,165.030663,0.27791823,1839.020296,2766.613765,1712.672535,1023,32155,2.46E-10,19.56238632,3.29E-12
2261,2223.357891,13565.6631,1318.91578,359.0242726,8040.433555,150.6604105,61.689494,3062.835476,3169.953745,1336.126488,923,34143,1.55E-09,68.66020985,-8.67E-13
2262,2214.628575,17676.23668,1571.471384,750.7648566,7992.241339,138.91041,823.031377,3031.961261,3186.818464,1555.827621,1023,39912,1.30E-09,52.89196565,6.29E-12
2263,2311.788491,20343.54823,1881.382748,1137.101188,8377.440823,145.8460694,2566.192166,2805.926137,3281.299622,1620.909042,1024,45486,5.00E-10,9.434511961,-1.31E-12
2264,2331.115181,20472.67753,1777.867144,941.3910213,8404.737156,147.6022876,4736.039147,2482.884652,3048.278679,1561.453667,1024,46928,3.60E-10,0.046464032,-2.88E-12
2265,2228.989407,18906.32317,1585.015021,767.2768407,8042.743394,139.9790638,6639.798207,1734.364111,2735.046501,1474.515141,1024,45278,9.62E-10,0.050861856,6.59E-12
2266,2083.17703,17209.71787,1275.026241,546.9443005,7519.399849,129.7516732,7939.99084,1156.486048,2543.44827,1406,1024.11,42834,0.002598079,0.049522573,-1.03E-12
2267,2064,16873,1215,496,7471,130,8810,758,2484,1506,1024,42830.94133,0.006969038,0.051701443,9.50E-12
2268,2043,16269,1140,542,7474,130,8870,621,2373,1505,1024,41990.94296,0.005181489,0.051858827,-2.25E-12
2269,2062,16253,1039,568,7485,130,8324,433,2353,1505,1024.08,41176.01087,0.00634708,0.062781167,-1.33E-12
2270,2056,16828,830,513,7478,130,7160,552,2406,1506,1024,40482.93814,0.003334088,0.058522935,-2.56E-12
2271,1987,17798,1376,555,7482,130,5476,509,2400,1506,1024,40242.93621,0.000152613,0.063639465,-1.19E-12
2272,2141.189375,20596.44407,1732.137475,704.5139727,7771.216658,136.2908522,3538.627216,750.1392796,2499.203607,1550.306909,1024,42444,1.50E-09,0.069417788,-6.60E-12
2273,2312.981079,23560.97646,1973.954546,1015.985055,8421.042866,147.2595261,1820.41442,1085.017244,2728.46074,1673.96319,1024,45764,3.33E-10,0.055122275,-5.26E-12
2274,2484.075351,25063.50858,1960.462654,1567.212689,9007.649098,157.9731997,593.6757161,1334.581323,2782.261652,1759.651201,1024,47735,2.12E-10,0.051462473,8.99E-13
2275,2559.011607,25985.97546,1599.301415,2035.580287,9296.911931,177.6096937,83.65351974,1220.728814,2828.137615,1883.140827,1024,48694,1.40E-10,0.051165677,8.53E-12
2276,2692.041831,25249.26596,1518.579653,1103.422166,9761.344693,185.112515,0.186769018,2148.473727,3657.190554,1929.423905,1024,49269,1.22E-10,0.041770509,-1.16E-12
2277,2814.020942,21444.20317,844.3012441,878.6647101,10187.66436,181.3714126,0.036982332,2643.760757,3873.16545,2017.8302,1023,45908,1.01E-10,0.019226405,2.86E-12
2278,2786.932002,16196.69704,420.8245392,330.4943437,10398.17082,182.4901182,0.039855823,2834.263111,4282.853776,2011.267087,974,40418,8.82E-11,0.032692698,4.06E-12
2279,2489.399531,11854.14214,284.6915846,271.5745491,9688.585874,169.6856049,0.030110474,2918.790095,4490.12027,1873.044283,1025,35065,1.18E-10,0.064046082,2.23E-12
2280,2219.589198,10019.50697,207.2223355,248.6287618,8679.116904,151.44941,0.016386104,2931.340095,4461.797301,1714.408603,1025,31658,1.99E-10,0.075961884,2.37E-12
2281,2284.869076,10126.70224,207.4843121,246.0807355,8559.16253,149.1552585,0.014700889,3135.966889,4538.804802,1611.842403,924,31784,1.99E-10,0.082945019,-3.65E-12
2282,2055.942513,10021.83141,223.8235654,246.5038108,8761.599316,152.530853,0.017425254,3398.159998,4903.947479,1534.726694,922,32221,1.52E-10,0.083065213,-1.01E-12
2283,2040.086201,8880.670476,227.2174476,283.0924989,8782.664576,152.8512711,0.035237118,3609.848638,5270.822954,1446.7932,737,31431,2.12E-10,0.082498573,-4.61E-12
2284,2375.668207,10195.45302,333.4929759,306.0913746,9653.732196,168.1718642,0.382601569,2207.086118,4474.003143,835.7485668,369,30898,1.36E-10,20.83006742,-4.58E-12
2285,1930.109046,10468.93589,162.4957258,371.7687578,7793.184924,135.2974038,73.66988116,3604.213294,5881.229528,1213.227071,638,32165,6.40E-09,107.1315246,-1.14E-13
2286,1792.140433,13159.12895,209.3065125,732.1434689,7920.390816,137.5724141,614.7350839,3743.299659,6205.270535,1538.733502,1020,36991,2.10E-09,81.72137065,5.30E-12
2287,2178.01527,15387.55553,334.9399629,1126.875744,8349.490262,145.2833006,1392.488379,3795.993508,6763.545849,1627.264148,1024.24,42112,4.75E-10,13.69195858,1.05E-11
2288,2200.830283,16185.88554,355.7584009,1108.525675,8426.641471,146.7231575,2998.277041,3685.192216,6948.074536,1645.150108,1075,44776,4.04E-10,0.058430271,-1.30E-13
2289,2148.84833,15400.96827,305.0828175,703.6306603,8252.877923,139.4157596,4450.455284,3568.384434,6846.768669,1626.619695,1075,44518,4.74E-10,0.05183711,-1.68E-12
2290,2076.761523,13358.91852,238.3217361,582.5107351,7994.739696,133.0219207,5529.144533,3381.349075,6960.009253,1550.273762,1075,42880,1.50E-09,0.050752742,-7.37E-13
2291,1977.470741,11704.70409,159.5038856,511.3628794,7659.976549,126.1974734,6036.930386,3109.772561,7085.513725,1525.621117,1025,40922,4.38E-09,0.053402114,6.62E-12
2292,1611.000257,10504.73512,144.0300249,460.1989119,7621.844149,129.5341952,6092.665129,3378.936498,7091.284303,1521.823114,1024,39580,5.37E-09,0.051698988,-6.26E-12
2293,1532,9636,112,420,7478,129,5851,3532,7185,1505,1024,38403.93943,0.002076591,0.058491777,-7.21E-12
2294,1463.278356,9860.055634,135.9616694,535.6480243,7602.017286,131.13556,4464.853729,3754.582499,7212.976031,1509.552061,1024,37694,3.71E-08,0.060850228,-3.01E-12
2295,1535.900558,11404.83245,174.4572625,593.9917682,7774.337141,134.4375033,3051.767777,3795.590569,7250.07089,1530.7555,1023.94,38270,3.13E-09,0.081417537,-3.86E-12
2296,1967.781944,13704.19219,233.0214782,650.0098059,8013.765479,139.7080211,1835.756956,3908.254552,7020.217469,1575.372468,1074,40122,8.77E-10,0.080359149,5.71E-12
2297,2419.375763,15991.4954,376.9196995,938.3246837,8573.898493,148.9943503,830.8280779,3980.188307,6970.60396,1673.438997,1074,42978,3.34E-10,0.067730381,4.01E-12
2298,2560.249926,17573.16335,477.79176,1033.797895,8983.259137,154.4609914,122.9948271,3555.749468,6993.180809,1759.414932,1074,44288,2.12E-10,0.063098615,1.03E-11
2299,2531.347517,17653.4809,453.5799795,1664.911818,8875.136344,156.4316995,2.790222202,3282.374039,6935.625689,1813.397826,1024,44393,1.74E-10,0.07603313,6.07E-12
2300,2481.319388,17635.03871,500.5330865,1434.999215,9314.82174,163.456981,1.174276638,3434.859231,6786.288023,1851.584786,946,44550,1.51E-10,0.075433468,2.23E-12
2301,2446.733171,15571.32503,430.4392729,804.0696416,9740.761897,170.9153642,0.030648213,3535.697067,6515.88273,1874.199047,973,42063,1.24E-10,0.053866397,5.12E-12
2302,2698.844836,12696.30909,459.1978809,405.6149671,9758.178717,170.5774188,0.030810493,3242.00301,5658.974686,1902.331234,923,37915,9.87E-11,0.062652032,4.10E-12
2303,2469.968586,10712.9562,464.5917042,231.0700978,9318.679607,163.6367695,0.024743571,2683.206492,5023.273474,1791.670713,922,33781,1.28E-10,0.07838365,-4.43E-12
2304,2425.906883,11212.61999,450.2786101,198.7386334,9153.332342,159.3929157,0.022454481,1437.335401,3574.954924,1788.497225,922,31323,1.33E-10,0.079375801,1.54E-12
2305,2306.292776,11259.29722,419.4772139,187.1774282,8510.407154,107.3008356,0.013698207,1809.593859,4552.71248,1658.813713,922,31733,2.04E-10,0.086374707,-7.19E-12
2306,2178.821355,11266.42114,204.4524601,195.0421646,8758.339461,111.5272123,0.017180537,1600.518981,4827.621618,1705.321625,922,31770,1.67E-10,0.083200918,-5.52E-13
2307,2152.80959,11316.42175,199.7858616,205.8550279,8642.119104,109.7371872,0.031403639,1210.8507,4384.382756,1708.090568,972,30902,2.00E-10,0.083953135,-3.28E-12
2308,2237.563527,11464.17317,211.4162545,210.0422853,8427.634176,118.0941658,0.139508135,1162.824064,3943.67195,1693.982242,1022.47,30465,2.68E-10,27.01134368,-4.88E-12
2309,2340.729,12617.8184,250.7018816,258.82186,8316.347479,134.3667118,13.94478963,1233.118694,3330.634186,1692.243455,1022.67,31112,2.84E-10,99.39646096,2.83E-12
2310,2156.993937,15212.33587,253.2485571,556.6803793,8248.043178,143.2386273,244.9159946,1130.058122,2915.792542,1632.856883,1023,33438,4.53E-10,79.16408528,-8.70E-12
2311,2181.545309,18312.02002,259.3659958,1004.059696,8074.736454,139.3239912,724.8195477,1031.224937,2569.270561,1577.970894,1023,36883,8.55E-10,14.33740759,3.61E-12
2312,2333.365476,20806.48818,476.5902668,1183.751398,8299.79813,143.2069847,1311.473938,1117.240093,2326.08012,1645.071698,1023,40666,4.08E-10,0.066282209,7.32E-12
2313,2394.472879,21355.22187,778.3665372,1298.267629,8477.849902,146.3133229,2197.108776,1051.876249,2271.840646,1692.744736,1023,42687,2.94E-10,0.062548863,7.89E-12
2314,2381.577201,21167.62417,817.4751555,784.3949476,8441.031798,145.9749901,3084.316019,1279.514895,2036.235703,1693.924393,1023,42855,2.92E-10,0.069276641,-2.82E-12
2315,2312.651296,20471.42918,796.9871021,619.4650308,8375.634189,144.7396062,3489.711551,1477.066701,1886.963565,1706.584066,1023.83,42305,2.74E-10,0.062288449,-6.57E-12
2316,2270.924046,19768.71852,697.0327553,639.3514171,8394.105487,145.6429645,3452.167082,1469.777849,1692.844879,1719.496559,1024,41274,2.56E-10,0.061557624,4.13E-12
2317,2153.388741,18636.27961,638.7348578,547.7033009,8315.160701,144.8852719,3442.504753,1578.512363,1631.756176,1709.13799,1024,39822,2.70E-10,0.063761194,-1.78E-12
2318,2232.737277,18152.93147,622.7785934,499.5070442,8376.012929,144.0007191,2694.024696,1791.317017,1627.1434,1697.432926,998.18,38836,2.77E-10,0.06607645,-1.93E-12
2319,2282.629634,18680.14558,612.2149002,618.336168,8250.240413,139.7377762,1893.275719,1944.778169,1604.783161,1667.93337,1023,38717,3.36E-10,0.074892298,3.81E-13
2320,2339.486529,20806.98038,724.5447605,888.1907073,8311.291006,145.187111,1121.430473,2027.426572,1570.467339,1625.080181,1024,40584,4.73E-10,0.085059709,3.10E-13
2321,2504.730453,22539.76282,944.8506338,1058.987441,8790.057275,167.2463556,545.5468737,1994.170654,1750.73966,1736.410189,1023.58,43056,2.35E-10,0.082352835,3.11E-12
2322,2592.603539,22763.80149,998.7917074,1659.161935,9066.937744,174.2624988,84.23438772,1790.734864,1683.87671,1806.673856,936,43557,1.77E-10,0.078730905,2.32E-12
2323,2590.308262,23215.83322,998.8696589,1621.709216,9076.325469,175.13521,2.998634162,1666.767939,1664.315538,1852.814592,1023,43888,1.53E-10,0.077737778,-2.40E-12
2324,2701.508613,22988.49984,975.8930665,1090.78429,9495.455106,175.6576084,0.081158639,1795.318017,1758.011191,1884.866745,1023,43889,1.37E-10,0.075631343,2.55E-12
2325,2769.522113,21176.83794,540.0335488,844.3523927,9736.594964,166.3848142,0.030341709,1624.564817,1744.327441,1929.42008,1023,41555,1.22E-10,0.068448435,-7.53E-12
2326,2813.46577,18471.95015,342.8249911,391.5247707,9911.331865,168.8524621,0.032637062,1370.580628,1704.305024,1991.189077,1024,38190,1.01E-10,0.05737076,-3.64E-12
2327,2633.841852,16121.58972,249.5276692,373.5034226,9506.66694,161.7122064,0.027157572,1058.677179,1444.168414,1887.349835,1023,34460,1.28E-10,0.064394681,1.55E-12
2328,2440.430791,15269.58945,217.6240209,376.8683016,8744.858423,148.0568698,0.016901816,557.9494509,1097.745239,1778.583014,1023.34,31655,1.87E-10,0.062463333,3.26E-12
2329,2459.535178,15391.57343,242.9856262,238.9255535,8680.083571,146.335496,0.016152102,455.5280265,1042.368387,1779.711437,1023,31460,1.84E-10,0.062856421,-4.91E-12
2330,2480.067811,15022.36086,247.6920596,246.4083087,8822.127601,148.3411633,0.017887241,419.5129272,983.1541031,1818.376054,1024,31212,1.60E-10,0.058777783,-5.45E-13
2331,2442.241125,14464.58689,251.4234504,247.4071746,8961.424446,150.7471963,0.039500713,280.7590533,878.8513365,1842.57763,1024,30544,1.48E-10,0.05780189,-4.48E-12
2332,2423.276064,13947.62431,250.7618167,240.2304262,8734.009177,147.0118072,0.182711367,375.5122646,867.7828676,1770.979012,1024,29763,1.86E-10,18.37045983,4.14E-12
2333,2273.823794,14627.43382,210.7541876,340.8938582,8463.600076,142.8427758,8.315385518,334.5197989,813.4201665,1770.213908,1024,29942,1.96E-10,67.81776705,-3.14E-12
2334,2289.474437,15735.26724,209.9215418,437.5530391,8298.919678,139.2409224,219.2513165,311.1637443,777.6696511,1729.992134,1024,31126,2.42E-10,46.45370368,2.84E-12
2335,2301.392671,17279.23453,231.7733661,868.4043431,8287.606556,140.5255848,660.3812629,332.3351071,809.11654,1700.279474,1024,33635,2.83E-10,0.049433773,-7.79E-12
2336,2273.657281,19344.57812,404.8300734,1222.467354,8158.779655,136.6157936,1408.633167,297.5831494,703.1780561,1670.726158,1024,36645,3.37E-10,0.048804182,5.13E-13
2337,2309.595337,20696.92802,768.5885056,1160.271513,8260.721904,140.5494952,2238.961881,264.0682333,764.4236508,1696.938953,1024,39325,2.87E-10,0.047496775,-1.02E-11
2338,2322.346032,21253.62328,746.5446101,1195.528646,8193.792439,143.8328539,2843.83151,272.4517519,808.4702364,1697.627136,1024,40502,2.84E-10,0.048497928,-5.99E-12
2339,2363.095033,21626.10651,784.6045282,993.104259,8196.866216,145.3672424,3248.425636,283.9210597,866.9644947,1746.601121,1023.99,41279,2.25E-10,0.046102253,-1.12E-13
2340,2368.205882,21646.24614,768.5290897,629.5385741,8239.676713,146.6490354,3504.100751,371.1410254,911.3506457,1741.606189,1024,41351,2.30E-10,0.04405104,4.29E-12
2341,2368.210252,21579.16227,645.742005,567.0968903,8290.062779,147.705296,3154.882023,426.5685466,931.4921992,1701.12092,1024,40836,2.82E-10,0.04318009,-2.61E-12
2342,2354.928779,21701.15434,486.4197891,556.8099114,8267.356627,146.6403044,2821.81182,372.2766463,955.8866354,1701.7629,1024,40389,2.72E-10,0.047751077,1.00E-11
2343,2290.292605,22498.57317,586.0521636,698.5665236,8202.424996,147.0401262,2218.736811,367.5426951,925.9947682,1686.844162,1024,40646,2.99E-10,0.068016934,-1.47E-11
2344,2331.192627,23890.83746,797.5197803,980.0830909,8305.99088,147.6306121,1530.586196,387.6364236,964.8551072,1694.752711,1024,42055,2.85E-10,0.084890709,-6.20E-12
2345,2444.223907,24801.58485,777.6058355,1621.118727,8599.839171,152.434939,874.5575818,449.9161232,1055.353213,1739.442084,1024,43540,2.33E-10,0.076432183,-6.21E-12
2346,2531.995229,25432.67557,831.259064,1890.586209,8883.354489,159.7993333,168.223162,403.3589063,987.6085651,1791.2121,1024,44104,1.88E-10,0.072628578,-8.01E-12
2347,2504.318808,25415.16313,892.3355256,2197.733059,8761.161671,158.833449,3.767359959,503.604926,1045.495313,1825.665496,1024,44332,1.67E-10,0.078732775,-4.12E-12
2348,2635.651462,25606.31063,939.338707,1391.584931,9229.842082,168.1967053,0.080107765,654.7629453,1216.127366,1867.183339,1024,44733,1.44E-10,0.078274644,7.87E-12
2349,2714.890033,23524.85083,461.0616144,784.1503757,9525.212437,171.2305756,0.030977142,865.0877416,1397.524026,1947.030095,1024,42415,1.17E-10,0.068701572,-2.60E-12
2350,2686.351329,19957.2179,293.4198727,322.8236534,9665.439127,173.4294956,0.033076539,956.4809529,1435.32338,2001.548866,1024,38516,9.86E-11,0.067655513,-3.86E-12
2351,2517.33159,16850.77543,221.6751094,300.2584056,9015.9696,166.2250975,0.026766792,922.7810521,1299.855675,1905.17725,1024,34224,1.22E-10,0.075975948,-2.07E-13
2352,2266.139019,16022.44068,183.3911593,259.2718323,8087.613412,149.4267146,0.014886372,656.7517372,970.0390799,1767.988277,1024,31387,1.95E-10,0.076795271,3.26E-13
2353,2266.029078,16677.54644,177.7135393,255.3993146,8033.249214,148.8688645,0.014181639,581.1345732,916.7171558,1773.413585,1024,31854,1.90E-10,0.085947184,-5.22E-14
2354,2318.317899,16634.533,204.7314656,248.9845607,8294.056538,152.0833147,0.017680797,590.4343336,985.5293301,1830.399832,1024,32283,1.53E-10,0.087950751,2.21E-12
2355,2356.799379,16214.47737,194.6099725,245.6076534,8361.859673,153.2485503,0.03710862,397.8094304,873.3915702,1798.238872,1015,31611,1.72E-10,0.07958341,2.23E-12
2356,2343.942463,16579.70998,563.8491459,257.9777092,8244.58452,151.3128568,0.151632973,372.9214654,783.6609708,1722.97986,344,31346,2.30E-10,19.090606,-3.15E-12
2357,2167.622529,17946.73325,1762.463918,288.7517291,7578.958927,137.8958104,11.42480983,518.2619309,722.849374,1616.528102,469,33178,5.09E-10,42.49038024,2.90E-12
2358,2135.66521,20958.04311,2714.725763,956.9199047,7420.296428,136.3861658,303.5457932,600.6542854,728.5011109,1586.53928,1017,38527,7.39E-10,31.27704853,-2.06E-12
2359,2280.18725,24094.48272,3431.743174,1745.282079,7942.891458,146.4052554,937.3908309,624.7867316,1011.391329,1676.490036,1024,44915,3.27E-10,0.050866374,-1.01E-12
2360,2357.533243,25087.94027,3760.317886,2034.163985,8221.636605,151.2092531,2012.393438,724.0854508,1131.250346,1744.514923,1024,48249,2.26E-10,0.04540307,-1.50E-13
2361,2361.033843,24827.88986,3866.616072,1918.340387,8206.87858,150.0896539,2916.208344,679.5343684,1163.247381,1730.20576,1024,48844,2.41E-10,0.044250472,-1.18E-11
2362,2314.558278,24521.06744,3832.938977,1468.865063,8124.313999,150.0910541,3616.726351,471.4717444,1183.237275,1705.777493,1025,48414,2.73E-10,0.047676096,3.28E-12
2363,2265.000731,24027.46455,3601.962795,1316.509943,7932.444075,146.8166158,3839.369495,559.1060948,1421.887086,1681.491138,1024,47816,3.15E-10,0.052518952,-4.04E-12
2364,2291.046089,23943.46006,3241.355595,1188.545552,7947.539372,147.4099267,3561.814249,659.3389406,1634.047161,1662.49439,1025,47302,3.60E-10,0.051337293,-1.04E-12
2365,2318.803061,23920.82052,3016.130686,1297.484292,7954.101514,146.4387327,2833.158797,704.4771599,1872.852184,1667.145781,1024.64,46756,3.51E-10,0.05272728,3.53E-12
2366,2438.21579,24458.00527,3160.031579,1084.163158,8157.526318,151,2128.657895,811.1736846,2247.657896,1701.142722,1024.48,47362,2.73E-10,0.054309779,-2.12E-12
2367,2478.651965,24878.33635,3207.518156,1279.810122,8212.024473,152.2263871,1538.690762,908.8443449,2373.099126,1750.861168,1025,47805,2.15E-10,0.062852902,-7.50E-13
2368,2514.591732,25657.23929,3282.416767,1545.982582,8315.601998,154.3238961,828.3842092,1069.705063,2666.323624,1726.494411,1023,48784,2.39E-10,0.063567948,6.38E-12
2369,2579.134506,26508.82935,3454.967807,1227.880564,8623.858629,158.4268607,350.9243115,1387.628645,3165.610205,1812.791897,717,49987,1.74E-10,0.052771221,5.97E-12
2370,2613.331428,26631.31556,3048.945847,1187.900838,8758.829763,162.8498919,59.28342218,1850.050439,3368.336697,1843.204441,717,50241,1.58E-10,0.048332003,3.12E-12
2371,2607.812994,26597.05672,2665.187239,1163.165633,8777.106728,164.102561,9.32120919,1927.729709,3550.627188,1902.54261,1021.39,50386,1.33E-10,0.042590958,3.59E-12
2372,2749.572094,24881.06218,1750.269763,996.6956185,9286.593909,173.1588642,2.092948021,2247.280029,4062.444837,1947.939948,1023.92,49121,1.19E-10,0.03019048,4.67E-12
2373,2777.93523,20284.50746,1430.857428,832.1939094,9635.433585,177.4458574,0.035646775,2690.15721,4293.652776,1944.25486,973.54,45040,1.05E-10,0.01396056,2.75E-12
2374,2717.528036,16071.55901,246.4252515,272.930359,9701.1462,178.9943242,0.036525361,3024.756839,4585.934369,1944.441252,924.29,39668,9.06E-11,0.042169376,-4.52E-12
2375,2519.295259,12364.99872,170.0889683,213.9890343,9040.500729,167.6135727,0.027800739,2957.353863,4515.818983,1796.360682,924,34670,1.26E-10,0.047613906,3.38E-12
2376,2307.172853,10974.08274,140.1685595,162.9516511,8152.501135,150.4779971,0.015691952,2729.626413,4267.190633,1636.860856,924,31445,2.25E-10,0.048525676,5.29E-12
2377,2395.038786,10762.7282,150.6466743,155.6210277,8118.575299,149.2811606,0.015302509,2819.051207,4789.398352,1634.705063,924,31899,2.25E-10,0.061072362,-5.93E-12
2378,2445.095682,10133.61556,159.7504562,162.5106549,8335.291051,153.9023065,0.018321845,2887.116923,5030.910245,1713.150682,923.71,31945,1.63E-10,0.071883494,4.67E-13
2379,2691.0891,10791.31008,196.3125978,190.3174759,9217.081119,167.9026065,0.060498973,1225.067626,3749.648783,1863.298515,924,31016,1.08E-10,0.088401628,2.99E-12
2380,2352.040267,9581.434409,146.2896075,151.7431103,7909.008113,145.774703,0.099760968,2725.226194,4947.112583,1656.337758,942,30557,3.41E-10,0.066506521,1.57E-12
2381,2261.266472,12061.23022,170.6122645,148.7823811,7748.838837,142.9674906,44.27517734,2603.653293,5354.710668,1611.263235,1,32145,5.32E-10,3.600042776,5.35E-12
2382,2228.911852,16646.79712,495.5086088,543.7891276,7512.124012,137.8787944,215.6982562,2417.353638,5355.439591,1568.551731,412,37534,1.00E-09,0.052729432,1.51E-12
2383,2296.787303,20365.91971,1196.588646,929.8207972,7870.898187,126.9577455,478.8247437,2323.356426,5599.489658,1644.719871,1015.69,43849,4.12E-10,0.053087363,-1.47E-11
2384,2421.20404,21935.73947,1457.147376,1595.345268,8248.646191,115.3281936,927.76851,2281.396177,5709.996991,1732.470053,1025,47450,2.37E-10,0.042267369,7.28E-12
2385,2491.149197,22543.5971,1730.498188,1684.596496,8316.205587,117.4530121,1409.928628,1918.399192,5707.184561,1728.028567,1025,48672,2.42E-10,0.040532328,7.12E-12
2386,2451.139367,22912.9307,1826.716183,1346.333093,8154.602592,117.3148296,1827.428951,1531.924081,5826.950255,1728.695951,1025,48749,2.41E-10,0.036002579,-2.90E-12
2387,2476.59256,22643.36742,1843.450454,1099.301106,8080.571253,117.4694616,2167.297325,1572.388392,5896.416819,1713.185618,1024,48634,2.63E-10,0.040407145,9.91E-12
2388,2456.938669,22828.94617,1615.911598,656.0055889,8021.45247,135.0809529,2388.675323,1632.726943,5900.636846,1768.351882,1024.32,48429,2.04E-10,0.046441426,-6.43E-12
2389,2457.217656,22347.61552,1355.13453,527.2576703,7946.479197,144.775087,2752.10785,1806.875821,5752.046604,1698.541048,1024,47812,2.84E-10,0.050981401,-2.80E-12
2390,2478.242179,22287.02776,1635.989973,575.523519,7954.752828,144.9352633,2172.248513,1725.869499,5664.01211,1697.447865,1024,47360,2.75E-10,0.049506199,6.46E-12
2391,2582.943326,23596.61789,1811.54042,732.3171519,8291.940472,150.302729,1911.939021,1270.470762,4331.427599,1797.557806,1024,47501,1.78E-10,0.057179537,1.38E-11
2392,2488.479627,23426.52157,1812.568301,903.8852639,7997.480568,150.4219501,1212.657299,2248.51114,5826.246261,1694.289307,1024,48785,2.82E-10,0.0612861,-9.47E-12
2393,2542.427136,24263.90781,1837.432008,1293.908719,8207.107126,155.9078606,548.2076149,2156.365816,5825.111238,1766.677161,1024,49621,2.06E-10,0.052486339,2.65E-12
2394,2745.113219,25860.32664,1904.689668,1285.59155,8962.051167,169.6217372,92.52814811,1493.447794,4311.708941,1924.175558,1023.79,49773,1.26E-10,0.044419961,3.98E-12
2395,2571.566818,24207.27906,1547.379825,1860.26275,8505.242512,162.3719703,4.270133626,2167.292844,5578.762326,1902.623467,1024,49531,1.33E-10,0.05170653,-1.56E-12
2396,2679.347601,23716.75246,1778.727404,1339.095255,9026.66671,169.1831637,0.091585983,2041.933617,5457.952144,1945.699761,1023.58,49179,1.20E-10,0.029703865,-7.87E-12
2397,2744.607187,21945.00262,710.9663242,1122.949728,9291.481937,174.5160757,0.034164295,1740.976606,4908.327627,2005.162904,1024,45668,1.03E-10,0.025174,1.07E-11
2398,2777.10278,18333.31301,210.7276039,412.1912671,9454.113387,176.4245994,0.036184411,1593.783428,4573.305429,2030.045739,1024,40585,9.26E-11,0.043424465,-3.28E-12
2399,2547.681234,15005.60813,181.7996061,208.521667,8748.446758,164.2590569,0.026660745,1508.604805,3964.234915,1886.886303,1024,35240,1.28E-10,0.069131128,-4.38E-12
2400,2289.331569,13875.10736,174.8777734,184.9528221,7953.838614,150.3602958,0.015881666,1361.864461,3359.236979,1744.485865,1024,32118,2.15E-10,0.071616737,-4.61E-12
2401,2267.285121,14183.29392,188.0914495,167.7159729,7886.392179,148.6970604,0.015029792,1568.675395,3357.784648,1738.127037,1023,32529,2.19E-10,0.077810055,4.24E-13
2402,2326.97133,14494.4066,182.1848882,166.982463,8118.144658,152.6936957,0.018257197,1318.617826,3155.148258,1819.909298,1023,32758,1.58E-10,0.077277818,5.63E-12
2403,2278.69443,14439.71708,174.1175705,164.5038634,7981.934729,150.4068228,0.032729467,1051.048846,2873.430961,1775.196742,1023,31912,1.87E-10,0.083771039,1.43E-12
2404,2290.171723,14368.92923,237.7028869,196.5565571,7710.612313,145.8873101,0.075713948,1218.964754,2784.13695,1646.041282,1023,31622,3.70E-10,0.078723399,2.51E-12
2405,2205.403812,15519.15262,614.4868276,206.1498836,7436.467327,141.2110805,8.015872515,1483.994385,2893.556532,1608.63753,973,33085,5.48E-10,5.07586829,5.70E-12
2406,2189.11442,19858.08526,1088.327418,804.8156902,7313.471,133.0958615,164.329723,1155.333872,3013.759017,1585.727643,787,38093,7.68E-10,0.059906855,-9.83E-12
2407,2299.088871,23729.66946,1920.140518,1464.954294,7661.86768,135.176324,618.7860059,1055.443963,3289.282147,1655.647047,776,44606,3.75E-10,0.05630736,-5.55E-12
2408,2381.71272,24887.18542,2233.742182,1851.764915,7747.540021,129.6431074,1222.268591,1403.46084,3646.894794,1717.839731,776,47998,2.55E-10,0.052315979,-5.68E-12
2409,2375.334162,24608.93682,2276.788674,1372.43719,7678.897539,129.17392,1789.125343,1766.178061,4005.283266,1724.89691,921,48648,2.47E-10,0.051883771,-3.38E-12
2410,2286.646245,24274.35283,1812.94887,1359.29569,7619.799847,127.5157367,2306.112428,1897.000673,4392.31291,1710.064108,922,48708,2.65E-10,0.04933894,4.71E-12
2411,2328.701036,24677.55489,1813.595023,1074.050477,7703.661187,126.8575034,2638.97482,1494.071473,4398.466828,1701.875514,846.24,48804,2.79E-10,0.048747628,1.36E-12
2412,2318.364071,24565.40927,2033.041351,703.5448029,7822.48268,123.1057771,2761.67883,1434.212407,4222.849283,1695.362038,871,48551,2.91E-10,0.050505393,-4.78E-12
2413,2273.600242,24174.69803,1673.816209,721.8436787,7672.819546,121.5446957,3480.79491,1359.374614,4070.625739,1668.93157,790,48008,3.44E-10,0.049230638,4.70E-12
2414,2296.533851,24565.82018,1717.401958,611.6445914,7736.392462,122.6869414,2373.339869,1279.0036,4095.040505,1686.17366,1022,47506,2.94E-10,0.037615593,1.95E-12
2415,2305.093254,24507.10852,1754.95374,905.4935211,7775.23843,107.2953682,1805.690697,1394.088267,4240.108267,1696.99544,1024,47516,2.79E-10,0.065500261,-1.51E-11
2416,2315.115597,25022.93375,1759.185677,2098.494246,7793.364976,108.0569403,1113.611335,1410.69184,4060.404425,1665.197404,1024,48371,3.42E-10,0.056185958,-9.88E-12
2417,2408.677071,26095.74019,1804.04208,2115.781942,8082.918663,112.8998554,465.9195095,1512.125473,4284.770584,1739.171007,1024,49646,2.33E-10,0.046377727,7.03E-12
2418,2481.319497,26784.83073,1827.15258,1807.461402,8295.354413,116.8821452,63.07005869,1363.452154,4324.918049,1803.936327,1023.67,49892,1.79E-10,0.047353169,1.81E-12
2419,2413.341072,26792.90808,1802.905854,1737.94128,8062.011844,116.6994415,3.833905842,1340.476078,4524.245303,1842.930249,1023.75,49661,1.58E-10,0.043107517,-1.04E-12
2420,2675.048404,26582.90637,1832.250459,1227.738024,8764.997585,129.7017637,0.091408512,1170.092406,3813.96863,1941.238037,1024,49162,1.21E-10,0.0330897,-1.90E-11
2421,2661.483595,23006.11275,1008.830154,684.9197258,8748.311437,128.3771567,0.030265897,1691.263525,4919.20774,1905.492299,1024,45778,1.30E-10,0.028648055,-2.00E-12
2422,2676.119045,19247.58931,184.7417966,334.8729045,8845.382585,128.4795098,0.031031863,1562.132175,4912.601474,1935.101388,993,40820,1.08E-10,0.051218963,5.53E-13
2423,2504.351061,15301.90193,150.7951198,216.785678,8464.044598,118.7928162,0.023182622,1462.730273,4627.267478,1822.372963,993,35662,1.44E-10,0.065096163,-9.27E-14
2424,2320.531263,13369.91248,134.3108098,178.8882955,7812.163621,107.4654198,0.014085016,1367.44603,4378.184413,1711.155827,993,32373,2.23E-10,0.072245751,2.18E-12
2425,2273.778737,13668.7895,133.3754795,168.0417071,7622.817873,103.7464822,0.011445864,1415.740581,4376.190406,1691.586034,993,32447,2.43E-10,0.078245928,-3.46E-12
2426,2322.669057,13266.3426,139.5179819,183.2866745,7842.888564,107.3638056,0.01445779,1600.628148,4526.88546,1764.48029,993,32747,1.76E-10,0.077039528,-5.64E-13
2427,2481.627876,13490.03115,157.7284259,202.4819039,8398.738963,116.7035442,0.022160618,956.235024,3384.328529,1854.196637,991,32033,1.33E-10,0.094210341,-1.58E-12
2428,2418.820407,13892.61477,167.9703003,215.9135545,8150.980124,112.8646164,2.150301505,1021.765303,3317.707817,1755.272132,627,31683,2.00E-10,0.059329367,-3.73E-12
2429,2155.17782,15109.13177,382.1356033,203.1196576,7384.169883,100.0625475,10.92095748,1629.51855,4293.585509,1609.498799,329,33202,5.51E-10,4.321092245,5.30E-12
2430,2166.391783,19352.50855,523.222485,654.6039959,7056.007131,97.75725956,185.210847,1675.145643,4338.433908,1392.774098,953,38395,1.94E-09,0.055696531,5.29E-13
2431,2298.758615,23273.85822,1465.1763,1060.773201,7448.038132,105.1944571,650.2623114,1727.151402,4337.402749,1666.439385,1024,45057,3.50E-10,0.054772049,-4.75E-12
2432,2407.59154,24755.07517,1760.168369,1395.38337,7811.547381,109.9323091,1264.134688,1571.564054,4574.593007,1554.801105,1024.26,48229,2.10E-10,0.050997153,-1.45E-12
2433,2390.574,24461.04436,1904.149884,1438.14694,7741.699185,109.795942,1828.790844,1504.358317,4625.49385,1738.99708,1024,48767,2.31E-10,0.050400899,-6.94E-12
2434,2230.514475,24339.51664,2115.20678,1084.990745,7634.579921,108.0995104,2312.360891,1432.041144,4635.571701,1682.917519,1024.25,48600,3.10E-10,0.049325419,5.81E-12
2435,1707.278556,24371.08918,2180.643651,792.889935,7785.519475,108.1732438,2619.971895,1508.107478,4878.312075,1687.066479,1024,48663,3.06E-10,0.051964809,1.76E-12
2436,1678.623554,24105.45878,1939.914967,790.2563311,7850.920891,108.4585516,2678.535577,1622.12228,4969.569056,1726.195877,1022,48492,2.47E-10,0.055868373,2.88E-12
2437,1687.064677,24076.38936,1995.669164,642.5928916,7804.746483,107.6331881,3065.466457,1673.447046,4785.248192,1691.531512,679.27,48209,2.96E-10,0.058974792,1.13E-11
2438,1752.785748,24728.31786,2284.021205,680.6708862,7894.342162,109.2948101,2110.996602,1684.12397,4637.987583,1711.518627,717,48311,2.56E-10,0.059455599,5.30E-12
2439,1739.069501,25144.05829,2765.154008,676.4904986,7806.464798,107.6971453,1599.966882,1694.067876,4432.32482,1739.77036,744,48449,2.25E-10,0.064181117,-2.96E-12
2440,1806.818412,25877.23654,3118.802882,953.0897834,7982.112977,111.1583498,934.3628625,1847.349031,4537.016848,1711.114073,858,49737,2.59E-10,0.061759366,-1.21E-12
2441,1847.565721,26331.67959,3146.984576,1308.459474,8109.611621,112.9073433,390.883521,1807.203395,4553.258306,1754.499847,947,50310,2.17E-10,0.053394938,4.82E-12
2442,2012.84927,27575.80669,3167.751162,1266.16751,8716.202848,123.3121184,73.63165913,1361.367279,3438.321667,1888.633767,1024,50648,1.38E-10,0.04397648,-5.42E-13
2443,1907.970145,26339.86265,3002.165043,1624.888804,8259.27853,117.5750149,3.013307441,1793.029818,4296.63079,1883.637422,1024,50252,1.40E-10,0.051524902,8.15E-12
2444,2018.714366,26631.13398,2739.746175,944.0875939,8508.905618,124.3117354,0.082020085,1519.558534,4304.206711,1910.290207,1024,49725,1.31E-10,0.036942232,-2.95E-12
2445,2117.826061,24392.06007,996.5384289,902.3625728,8876.450286,129.7174917,0.032475463,1450.262397,4472.456267,1941.311188,1023,46302,1.20E-10,0.017236288,-2.33E-12
2446,2116.423875,20562.17813,423.246661,352.1553197,8871.73915,128.7821157,0.03231843,1374.730876,4318.375823,2004.385342,1023,41175,9.95E-11,0.049613248,-1.86E-12
2447,1929.953659,17653.62993,161.5285713,211.1192423,8241.618825,117.2903742,0.023536085,1056.382693,3786.98784,1825.52083,1023,36007,1.57E-10,0.055499873,-9.24E-13
2448,1745.528899,16348.97742,147.3243885,177.0918487,7743.838218,106.9465158,0.014110338,734.2040987,3317.860588,1751.280065,1023,33096,2.13E-10,0.066155096,-2.55E-12
2449,1785.928482,17577.24133,151.6539679,176.1495014,7929.000268,108.5745148,0.015984953,435.0930433,2373.151304,1788.260622,1023,33348,1.82E-10,0.069014079,-1.66E-12
2450,1788.952642,17358.71677,166.0783625,174.9516919,7974.422029,109.1473341,0.016477912,509.940086,2852.03352,1810.80693,1023,33768,1.67E-10,0.065842631,-2.14E-12
2451,1762.275425,17070.46824,213.503301,175.184585,7949.988963,108.8497802,0.016166193,371.8282703,2643.912392,1770.061459,1023,33089,1.95E-10,0.088579047,5.11E-12
2452,1719.683504,17272.11664,304.6354063,200.948227,7699.768813,104.8311554,0.07554069,312.559804,2527.220537,1656.216352,1020,32818,3.48E-10,0.055982637,2.96E-12
2453,1721.801208,18850.6292,1448.356692,237.7704236,7715.969733,105.3209997,9.043652083,342.346781,2530.05928,886.7571985,550,34398,3.61E-10,0.055168828,-1.61E-12
2454,1590.594983,21367.34512,3506.131699,748.2875846,7135.017083,97.02153539,142.3746277,212.1929441,2267.781532,1561.321895,1018,39646,1.14E-09,0.069002518,-6.20E-12
2455,1760.913293,24373.45443,4924.50169,1068.951706,7595.934094,107.0194215,571.086888,349.4995633,2619.258574,1679.444794,1025,46075,3.21E-10,0.064448414,-7.52E-12
2456,1837.461131,25664.26098,4961.903744,2008.456038,7860.051112,111.1267127,1115.454744,387.8805112,2619.397361,1749.066387,1025,49340,2.18E-10,0.058717567,1.01E-11
2457,1816.738289,25821.10823,5066.334379,2070.594028,7831.39042,110.5438523,1628.856787,379.0275679,2521.716489,1744.742543,1025,50016,2.25E-10,0.052580919,4.69E-12
2458,1796.442784,25824.81188,4907.301025,2119.905138,7758.581377,109.3717265,2121.875321,411.985198,2252.319919,1713.873972,1024.58,50041,2.61E-10,0.048340364,1.50E-11
2459,1797.794568,25888.16491,5045.394986,1567.676962,7946.39318,109.6813437,2395.014308,434.6231814,2128.526972,1764.7758,1025,50103,2.07E-10,0.046210831,-7.03E-12
2460,1798.144383,25557.84609,5075.47328,1070.6452,8050.007347,129.9498359,2496.212929,413.0081333,2027.014623,1767.741996,1025,49411,2.06E-10,0.043821656,-5.20E-12
2461,1778.194962,25185.64276,4834.657709,1053.716947,7990.103044,146.5430299,2425.051316,451.8753037,1929.963664,1756.296974,1025,48577,2.15E-10,0.045707483,-2.89E-12
2462,1875.010951,25286.76318,4827.533402,799.9774065,8124.175216,152.8862114,2035.452691,636.1364599,1729.748498,1784.355609,1025,48277,1.85E-10,0.039629317,-3.41E-12
2463,1846.99297,25492.30124,5106.0137,853.5427734,8071.989864,151.7085556,1581.07445,573.1988013,1620.358907,1767.192027,1024.68,48089,2.00E-10,0.053291265,8.37E-13
2464,1869.058753,25816.50608,5276.568748,1530.670186,8063.363416,150.6899368,1065.860182,519.5096785,1586.309431,1765.516719,1025,48669,2.01E-10,0.05313375,-9.43E-12
2465,1931.833937,26419.0692,5149.831826,1925.096263,8241.050199,153.9024426,529.621024,451.2242676,1689.233024,1806.186403,1025,49322,1.78E-10,0.048589179,6.52E-12
2466,1985.171831,27295.49415,5195.561413,1487.293319,8420.517856,158.1140911,96.77586761,403.6991841,1431.424428,1857.665091,1024.33,49356,1.51E-10,0.047231732,-8.74E-12
2467,1990.687182,27431.15966,5175.114202,1363.234862,8285.386515,159.1077389,5.275491767,484.6210503,1384.683336,1895.777355,1024,49199,1.35E-10,0.047392143,3.31E-12
2468,2096.282496,27020.48239,4655.021294,1192.952816,8596.679295,166.1059855,1.115631659,600.6711908,1476.402328,1918.319482,1024,48748,1.28E-10,0.032905846,3.47E-12
2469,2186.380354,25576.55576,2200.532153,1098.546936,8947.48404,171.6340643,0.033903961,820.9323606,1647.251447,1988.664983,1024,45662,1.08E-10,0.016004987,-1.73E-12
2470,2189.248613,22997.00895,578.8957667,381.8687628,9079.027551,174.6025336,0.035506949,800.0702848,1719.492942,2038.785046,1023,40982,9.31E-11,0.035956255,2.32E-12
2471,1989.928082,19816.22307,416.3737229,265.2439474,8643.106408,164.2596419,0.027040359,639.3290665,1506.511585,1910.073925,1023,36374,1.24E-10,0.07649086,-1.01E-11
2472,1801.77344,17996.72915,373.6242338,218.2139353,8101.777348,153.5237482,0.018326891,509.3731248,1255.833146,1827.217825,1023,33261,1.61E-10,0.084280708,-8.28E-12
2473,1763.731976,18096.82938,369.5101694,186.6323791,7945.571895,149.0615335,0.016031567,545.9770261,1230.948257,1806.810637,1024,33119,1.71E-10,0.089283359,-2.82E-12
2474,1798.479752,17565.71912,369.4143556,182.1591479,8094.183287,151.5969857,0.018179281,607.8202365,1364.911488,1839.785424,1023,32997,1.52E-10,0.087980438,8.01E-12
2475,1801.585745,17105.17464,376.0814954,140.4061069,8166.661272,153.8234591,0.019211666,378.9172514,1200.355899,1801.063433,1023,32147,1.73E-10,0.088510681,3.18E-12
2476,1736.435823,16602.53433,383.4082615,130.3472489,7897.030298,148.4967281,0.030853592,456.109924,1239.452566,1707.225794,1023,31324,2.51E-10,0.071828899,4.98E-12
2477,1691.896385,17127.13325,421.8567559,136.2330881,7595.206983,146.3218073,42.54646678,471.7623372,1286.032445,1694.076272,1023,31636,2.65E-10,0.065788844,-5.20E-12
2478,1668.323131,18321.22711,790.8033279,466.3055804,7421.706971,144.8430033,606.3478823,333.0270878,1178.827302,1703.65704,1024,33659,2.73E-10,0.068440378,2.22E-12
2479,1641.338816,19467.67989,1650.104891,696.059425,7294.661292,142.5716534,1681.639489,424.0120918,1388.148756,1696.047588,1023.81,37106,2.88E-10,0.073888141,7.12E-12
2480,1635.68837,20524.8704,1625.845264,1110.2564,7273.88928,141.7153805,3188.363377,326.4523283,1412.035059,1659.95297,1024,39923,3.55E-10,0.068826105,-6.68E-12
2481,1633.98267,19635.78478,1745.078612,788.7953236,7355.173026,141.3102409,4767.129269,288.4302529,1532.647902,1699.736973,1024,40612,2.80E-10,0.069049646,1.86E-12
2482,1452.059557,17971.67932,1227.147576,880.1516955,7202.155732,136.7900644,5832.023468,254.1296616,1667.137787,1619.777119,1024.01,39267,5.06E-10,0.061980385,3.57E-12
2483,1276.320721,16169.98846,1182.770826,708.9278107,7078.879438,134.5251784,6598.427416,252.2782378,1881.514001,1606.43113,1024,37914,5.93E-10,0.063216768,5.15E-12
2484,1088.961998,14244.67174,1073.355805,738.9996168,6922.310757,131.928001,7052.999127,287.4380651,1893.938911,1589.461061,1024,36048,7.32E-10,0.06508087,3.94E-14
2485,758,12827,1047,678,6804,129,7012,210,1970,1551.807854,1024,34010.74028,1.49E-09,0.067577196,5.32E-13
2486,762.2519416,12533.29495,932.9546981,664.7607549,6807.014774,130.15633,5918.927998,190.4078617,2177.714079,1543.58256,1024,32685,1.91E-09,0.065947223,1.31E-12
2487,994.4369575,13731.48969,732.7733556,779.696458,6829.273979,130.6372476,4637.302727,161.5718319,2184.486974,1545.41041,1024,32751,1.86E-09,0.079635219,-2.50E-14
2488,1421.013153,16564.30893,684.6320519,871.4026245,7056.588403,133.7396965,3092.063451,245.7694225,2091.016476,1557.548787,1023,34741,1.32E-09,0.082994303,-4.14E-13
2489,1553.603388,19864.22136,803.2920076,1255.876105,7527.014215,142.8590443,1526.73607,478.2263405,2058.395609,1634.852407,1023,37868,4.47E-10,0.076551059,1.70E-12
2490,1790.853895,22263.11636,939.7981137,1033.462759,8150.760031,153.753489,303.7997969,748.1348177,2135.754925,1789.633139,1023,40332,1.89E-10,0.067326319,7.38E-12
2491,1770.953939,22615.10688,927.5609994,1363.94867,8165.149927,154.5087945,9.944207254,944.1729879,2289.767019,1835.957142,1024,41101,1.62E-10,0.070565116,7.57E-12
2492,1891.228422,22623.2304,981.1867114,929.7012623,8619.486278,162.4175402,3.183297885,1306.464154,2617.601322,1908.563861,1024,42067,1.32E-10,0.063249023,-1.12E-11
2493,1971.667738,19859.54184,827.1774198,852.3532919,8944.06799,167.5628048,0.030839741,1552.007292,2963.112073,1930.53224,1023,40091,1.24E-10,0.05353341,4.88E-12
2494,1973.173902,17184.1493,384.1759256,308.8345666,8994.423339,170.8125707,0.033507858,1524.269161,3268.616867,1954.567176,973,36736,1.03E-10,0.056313656,7.01E-12
2495,1872.086697,14611.75825,216.247988,237.0188606,8424.085618,164.0329773,0.027076211,1447.41442,3223.954407,1846.443502,973,33016,1.32E-10,0.069794001,1.55E-12
2496,1688.883862,13174.23349,157.1274913,173.4868399,7786.962838,152.6491353,0.017774331,1335.336813,3049.029841,1741.351299,973,30232,1.83E-10,0.07937992,5.20E-12
2497,1632.040688,13198.68047,142.5858236,153.2296686,7686.681159,149.0542925,0.016188864,1287.265355,3148.699998,1736.834799,973,30108,1.85E-10,0.088440888,-7.54E-12
2498,1749.15053,13569.58894,159.768161,166.4977117,8111.892446,156.4438626,0.022467173,670.4898842,2611.697154,1840.530319,972,30008,1.32E-10,0.08147945,1.19E-12
2499,1639.93305,12480.51663,143.0000318,164.4541602,7859.835138,150.1993646,0.017161737,857.8668426,2876.176072,1757.087312,973,28902,1.70E-10,0.08575807,-3.00E-12
2500,1587.380123,11793.05251,146.045189,203.9101981,7783.878078,147.0062516,0.028630053,871.5979915,2971.270234,1690.901044,973,28168,2.12E-10,0.070249517,-7.18E-13
2501,1606.047281,11535.99428,173.1162732,253.2911973,7583.178452,141.7432275,65.02991288,1069.223812,3151.246371,1657.196133,973,28209,2.49E-10,0.066942733,-4.52E-12
2502,1606.688822,11274.31819,215.625025,388.8683268,7531.88028,141.0053792,483.5906597,1204.254299,3409.544643,1688.295251,1023,28967,3.02E-10,0.070872963,9.60E-13
2503,1703.43315,12506.94848,240.1066266,601.3315618,7393.318279,140.3901853,989.2167083,1205.39363,3682.443227,1657.494205,1023,31143,3.73E-10,0.076054147,4.33E-12
2504,1441.488552,14421.5956,245.0301494,903.83694,7370.373168,139.6981097,1854.506615,1141.902136,4057.806762,1632.836749,1023,34232,4.48E-10,0.074782086,-6.64E-13
2505,1595.406245,15615.2822,291.6204904,912.643244,7358.89446,143.1889552,2462.454763,1137.514178,4476.211863,1699.847205,1024,36717,2.85E-10,0.063602749,-2.67E-12
2506,1575.384733,15357.02478,273.7696417,752.6751759,7244.686788,141.4055509,3256.895534,1134.810892,4913.088799,1660.316394,1024,37334,3.65E-10,0.058290409,1.45E-12
2507,1612.410395,15874.83427,312.7739548,827.9512858,7406.235693,143.1676907,3515.371715,667.3981916,4102.083412,1751.872683,1023.95,37238,2.21E-10,0.049290546,-4.41E-12
2508,1628.80037,14551.44461,249.8130134,638.4572409,7161.578449,140.3653009,3363.388019,1616.178533,5468.824719,1688.202074,1024,37531,3.06E-10,0.052331365,5.26E-13
2509,1561.849378,13975.45925,258.5934429,724.1683225,7418.102303,141.1402679,3062.013387,1611.198535,5756.329744,1713.203935,1024,37246,2.64E-10,0.058568549,-4.58E-12
2510,1524.700242,14281.21091,240.6582846,654.2333627,7378.239414,139.3633233,2600.199488,1675.035625,5722.142899,1702.282239,1024,36942,2.82E-10,0.065791169,9.33E-12
2511,1541.009287,15817.56466,251.247928,915.7821626,7401.999961,138.5314734,1921.147349,1450.582192,5615.55542,1668.657412,1024,37746,3.44E-10,0.077844733,-4.12E-13
2512,1632.037663,17379.71682,495.6644448,1130.531315,7722.381837,146.1469251,1404.711926,1644.134103,5623.457771,1704.298707,1024,39907,2.77E-10,0.081510517,-3.97E-12
2513,1725.346567,18365.66903,638.0052448,1373.216095,8051.553487,148.0405119,775.967059,2007.497665,5572.896672,1763.884459,1023,41445,2.09E-10,0.076788732,8.97E-12
2514,1771.203787,18698.8673,673.9954915,1894.764544,8258.101358,153.8065921,170.2676162,2154.400502,5167.927326,1805.738531,1023,41772,1.78E-10,0.073050615,-1.30E-12
2515,1824.502192,19167.92749,660.0980361,1812.043375,8205.317504,155.284405,0.388990846,2076.304021,5219.965845,1833.240628,1023,41978,1.63E-10,0.0724871,3.41E-12
2516,1999.23416,19591.95505,477.7400708,1228.418655,8653.92392,161.0009081,2.242653736,2263.227196,5155.14812,1863.178214,1002,42398,1.42E-10,0.068948652,-1.64E-12
2517,2248.502042,17381.80392,333.6499529,989.9366666,8988.07327,169.5731418,0.031695269,2125.362126,5234.126724,1790.004857,848,40109,1.13E-10,0.064393018,-1.70E-12
2518,2362.044671,13842.06639,191.6193951,293.3940292,9190.935785,172.2138519,0.034658335,2216.230344,5127.474285,1855.05209,847,36098,9.70E-11,0.065494469,-2.52E-12
2519,2335.780988,10397.48968,154.2613843,240.6042372,8475.512191,159.6485847,0.024302119,2206.068454,4689.957539,1699.736745,847,31206,1.39E-10,0.084108978,4.01E-12
2520,2135.941322,9445.018621,135.1696429,170.7609268,7669.217411,146.7084814,0.013717965,2101.234522,4384.606176,1556.422903,847,28592,2.32E-10,0.09372415,-2.08E-12
2521,2142.644964,10056.99033,134.5961243,165.3186049,7559.342387,145.6629201,0.013307494,2017.728684,4262.493027,1603.308715,847,28935,1.90E-10,0.099060244,1.96E-12
2522,2218.266302,9814.755949,136.9828134,174.651672,7786.368819,149.6424658,0.016688586,2113.488872,4310.425437,1627.502596,847,29179,1.75E-10,0.101613574,2.06E-12
2523,2234.788007,9508.371057,138.6557876,154.062072,7863.1309,150.791161,0.017664538,2084.874525,4247.423651,1253.978591,873,28509,2.22E-10,0.093416212,2.84E-12
2524,2289.605099,10968.66993,155.3646377,219.6466461,8022.825996,153.6688991,0.039846632,1204.33059,3302.040863,1099.872682,978,28394,1.83E-10,0.065186311,-7.66E-12
2525,2337.997602,13376.29995,203.3082836,453.6662301,7723.201076,146.8710212,116.7806587,1183.548385,3053.684947,1560.695444,140,30296,2.44E-10,0.053593576,-1.08E-12
2526,2107.424334,16343.15791,187.4088512,1186.052803,6808.854406,139.0866854,1033.551469,2030.950919,3738.733732,1433.846864,1005,36014,2.73E-09,0.06797811,9.28E-12
2527,2312.088485,19081.46659,358.809278,1774.033673,7544.154281,154.9191989,2120.913565,2149.518483,4165.324161,1680.83172,1024,42366,3.16E-10,0.059433644,-9.86E-12
2528,2312.212,19026.12244,326.61036,1018.761305,7549.814195,139.428622,3982.9284,2169.388727,4109.666239,1680.123392,1024,43339,3.15E-10,0.055683525,4.66E-12
2529,2204.115996,17727.05556,273.0450083,939.6053996,7170.127235,136.8258051,4750.054333,2000.005046,4134.488662,1622.102897,1024.63,41982,5.03E-10,0.055936513,-4.36E-12
2530,2125.148739,17332.72555,192.9264302,910.0754938,6737.233759,130.4562197,5032.895231,1395.730679,4436.560696,1549.300556,1025,40868,1.60E-09,0.053353735,-9.13E-12
2531,2070.936213,16604.9142,181.5544553,832.4700326,6744.360146,129.461417,5416.783585,1143.380627,5258.487493,1535.704038,1025,40943,2.57E-09,0.05220628,-1.27E-12
2532,2074.400579,15118.24658,190.8984066,747.9546726,6995.939193,131.5264161,5651.478464,1196.18176,5893.857034,1529.327251,1023.24,40553,3.50E-09,0.050361148,3.85E-12
2533,1992.792974,13534.00568,156.0737229,574.9424162,6848.959578,129.0836562,6303.212543,1223.438315,6168.542241,1506,723,39160,0.001211738,0.049918993,-3.98E-12
2534,1860.988327,13304.06584,184.9378263,673.415334,6985.283345,131.426275,4917.288292,1408.090747,6346.660628,1363.89088,972,38148,2.63E-09,0.047489723,-4.34E-13
2535,1783.871535,14116.00759,137.9976105,596.1856403,6732.427627,127.0163088,3617.097454,1514.775944,6686.330062,1506.352115,1024,37842,3.65E-06,0.061884965,2.84E-12
2536,2251.235479,17672.25653,607.9111964,800.3823238,7485.195148,144.639673,2422.66167,1196.0846,5245.096817,1673.583311,1024,40523,3.31E-10,0.046752719,7.25E-13
2537,2242.95966,18270.51215,737.1777666,908.9426379,7470.075807,148.2509252,1006.645221,2156.732563,7138.982057,1718.768848,1024,42823,2.55E-10,0.047632564,-4.60E-12
2538,2455.482196,20888.71907,975.7471239,1258.413036,8418.512664,163.7782335,170.5869271,1365.144142,5233.302653,1898.34831,1024,43852,1.35E-10,0.03435089,-7.58E-12
2539,2334.813294,19511.2614,903.583913,1179.475469,8108.399037,154.866309,7.523501243,2455.776971,6876.449128,1863.897196,1024,44420,1.48E-10,0.046216957,-6.10E-13
2540,2463.220368,19291.54149,836.6172615,895.7173149,8562.25518,160.9007766,4.322820376,2781.928904,7020.246622,1861.286886,973,44851,1.30E-10,0.037618609,-6.89E-14
2541,2508.708928,15898.58581,473.9119348,895.1092929,9179.720935,171.506418,0.035807752,3031.910481,7007.145351,1783.37977,825,41775,1.07E-10,0.014728071,5.12E-12
2542,2444.176799,11461.42459,191.9192488,350.1547091,9043.288334,173.3866494,0.035621223,3095.289596,6688.436817,1777.943849,774,36000,9.68E-11,0.056216819,-5.65E-13
2543,2129.314552,7720.287222,153.9955753,279.9423989,8012.918154,157.4259472,0.022498726,3125.797055,6385.819285,1570.570384,774,30310,1.64E-10,0.093072098,-3.42E-13
2544,1734.458841,6146.460101,137.1594713,252.9331588,7395.694969,144.2858756,0.011728962,3076.712356,6632.372285,1136.014263,727,27383,2.89E-10,0.103049524,1.40E-12
2545,1646.350368,6229.386847,138.8985817,254.4423745,7641.96169,145.6353324,0.012847439,3549.909964,6463.210174,1176.344196,1,27247,2.36E-10,0.152375403,4.78E-12
2546,1643.207975,6244.182712,140.0704713,245.1190251,7706.341218,143.2545378,0.013389241,3740.0424,6563.132971,654.7329184,1,27081,2.37E-10,0.097619116,-1.34E-12
2547,1837.855864,7235.131237,157.0471205,274.9556378,8482.609183,158.0094629,0.023856466,2065.414427,5043.464102,782.6352952,343,26380,1.47E-10,0.146185815,-1.12E-12
2548,1669.252988,5610.866842,126.6004242,247.8790663,6842.211195,133.9871415,0.0065578,3460.064484,6591.749709,1368.533113,1,26052,9.07E-08,0.151521328,2.63E-12
2549,1960,6674,120,294,6582,130,54,3492,6787,1504,832,28428.92362,0.002706046,0.073669549,1.45E-12
2550,1953.090411,10184.34071,120.5380541,728.3825993,6587.991471,129.0709278,438.2099109,3670.733955,7079.751563,1504,1023,33419,0.001163442,0.108437608,-2.68E-12
2551,2168.19178,13966.4481,291.823885,897.847848,7628.343865,143.5890506,1208.100473,3767.634849,7664.363603,1649.786672,1025,40411,3.92E-10,0.130124287,4.21E-12
2552,2178.837611,14414.22989,326.9640712,1131.441722,7788.964559,145.826179,2033.070226,3747.294267,7563.644322,1674.846642,1025,42030,3.23E-10,0.119485388,1.15E-11
2553,1993.557122,13782.57511,330.9528961,844.6017129,7751.706039,145.1644921,2914.403915,3686.174521,7614.867914,1669.720633,1024.38,41758,3.42E-10,0.104352024,7.58E-12
2554,1678.673778,12801.09958,266.0813504,907.8503357,7521.237625,139.9895539,3498.267881,3658.828941,7503.253443,1572.814421,994,40542,6.31E-10,0.09690548,7.45E-12
2555,1809.246846,12085.33363,220.0925956,823.2782019,7305.703791,137.4954654,3843.275637,3771.150404,7614.977958,1529.683619,993.86,40134,1.28E-09,0.098153421,1.68E-12
2556,1383.651328,11752.46654,239.8804136,741.6530113,7232.743565,138.5184116,3991.762861,3794.652299,8102.913806,1577.853455,1024,39980,8.84E-10,0.095689613,3.43E-12
2557,1353.233972,11266.36213,226.6319434,891.6063114,7107.192401,138.2636935,3867.462535,3756.993689,7999.624215,1591.676039,1025,39224,7.11E-10,0.046932634,9.09E-12
2558,1408.756297,12105.73078,243.7085718,793.6079584,7190.284977,139.5134602,2909.938994,3753.449737,7725.93177,1625.131408,1025,38921,4.87E-10,0.053952782,4.22E-12
2559,1920.826144,13588.77139,228.4898079,735.2020262,7343.882943,136.6146138,1990.898414,3723.610175,7428.024074,1629.737822,1025,39751,4.68E-10,0.057406184,-2.95E-12
2560,2138.447322,16024.12281,295.6403962,1048.24808,7601.92739,143.1886199,1286.104115,3776.460696,7489.961885,1636.952583,1025,42466,4.39E-10,0.0538952,-3.19E-12
2561,2307.856652,17441.80141,397.3020642,932.347189,8046.558311,149.8536363,660.3371193,3778.890606,7662.638304,1736.465675,1025,44139,2.35E-10,0.050970947,-5.32E-12
2562,2336.087242,18074.56013,428.6615207,1069.685794,8128.94475,153.1454872,114.6139369,3624.72134,7425.441805,1802.186053,1024,44182,1.81E-10,0.048062256,1.21E-12
2563,2350.66234,18347.84364,417.4364888,1029.414272,7946.247255,152.1834992,4.59565269,3447.55618,7591.821337,1837.291372,1024,44149,1.61E-10,0.052038965,-8.32E-12
2564,2357.770027,18169.08225,449.5580832,1005.225599,8342.279792,160.8036433,4.405644685,3149.296426,7586.316172,1819.303315,973,44017,1.44E-10,0.040955409,-6.56E-13
2565,2497.452746,16902.09164,402.1158621,1108.548531,9784.327498,182.3575609,0.04295124,1897.859663,5775.202767,1846.025317,775,41171,8.46E-11,0.02453618,-2.39E-12
2566,2092.868411,11761.19608,184.9587456,391.1825774,9097.953709,170.2942066,0.032973983,3144.371331,6869.946741,1692.250678,675,36080,1.02E-10,0.05545681,1.03E-12
2567,2173.716273,8856.649474,158.2045406,344.5187921,8567.140009,160.7232634,0.025121229,2726.475968,6086.092229,1576.535209,675,31325,1.34E-10,0.080878213,-4.83E-12
2568,2120.640503,7980.991371,139.0667956,316.2376785,7657.570471,146.3276974,0.013361455,2498.476677,5531.246565,1415.520965,675,28481,2.37E-10,0.092085097,-1.57E-13
2569,2193.065668,8272.106274,138.9233071,315.3569965,7505.991887,138.1989919,0.013354487,2651.217467,5182.650715,1473.576708,773,28644,2.30E-10,0.101368883,1.01E-12
2570,1859.54203,8138.535114,142.88902,323.4731688,7687.991521,143.2248733,0.015862107,2613.148117,5508.698449,1532.577437,773,28723,1.71E-10,0.095592162,-4.40E-12
2571,1935.286561,8822.983097,157.7243168,384.4681844,8602.046089,161.5230593,0.025838573,1414.022683,4219.00416,1602.01966,774,28073,1.32E-10,0.103647899,1.48E-12
2572,1834.890966,7889.597655,140.5842408,364.2170398,7584.017165,142.7995789,0.020982917,2320.408824,5156.461031,1580.079629,872,27885,4.27E-10,0.077113412,4.55E-12
2573,1850.972813,9617.03342,141.2187823,528.0222925,7167.033216,135.2764444,130.0340824,2218.092701,5131.581695,1548.805819,1023,29491,1.49E-09,0.071264943,2.23E-12
2574,2050.496532,13680.31335,167.0532233,1575.78358,7042.887469,133.2282531,927.0008946,2211.759934,4916.261814,1525.292336,1024,35254,4.09E-09,0.07738618,4.43E-12
2575,2275.027777,16619.4328,331.4090854,1855.714415,7492.228702,146.0155063,2385.816339,2213.07446,5380.65763,1678.692722,1024,41402,3.22E-10,0.069433005,-6.14E-13
2576,2207.428886,15491.11865,265.8821334,1519.479745,7213.045602,138.6220683,4072.098847,2165.940613,5592.291403,1604.210471,1024,41294,5.92E-10,0.118421643,-4.16E-12
2577,1958.926327,13709.1214,198.9043422,1154.625443,7207.326108,136.6288576,5693.188845,1966.399477,5789.555736,1552.380176,1024,40391,1.47E-09,0.056712445,-4.77E-12
2578,1454,12015,106,1016,6864,129,6895,1494,5850,1506,1024,38352.93203,0.004260169,0.063705899,6.71E-12
2579,1481,11764,106,1112,6871,129,7700,1019,6050,1208,1024,38463.92732,0.006504567,0.066175679,-7.76E-12
2580,1757,11362,109,935,6846,130,8150,815,6091,1205,1024,38423.92389,0.008823618,0.067286636,-2.24E-12
2581,1573,11390,122,798,6608,129,7706,971,5956,1506,1024,37782.92988,0.008291748,0.061823295,2.56E-12
2582,1520,11217,122,724,6602,128,6890,1078,6093,1506,1024,36903.92233,0.008560269,0.069105372,-3.07E-12
2583,1648,11645,122,857,6808,128,5260,1614,6244,1506,1024,36855.92112,0.005465532,0.073412546,-6.17E-12
2584,1912.111746,15078.57222,266.4062807,1162.822135,7453.476181,139.3355868,3591.896087,1195.396553,4548.83711,1599.209487,1023,37971,6.38E-10,0.063386944,-7.06E-13
2585,1989.342569,15947.4175,272.0939387,1260.693419,7488.878434,140.0343508,1845.226901,2496.03969,6185.500649,1623.835272,946,40195,4.90E-10,0.062725342,-3.55E-12
2586,2274.44646,18374.91618,490.2530178,1819.052493,8496.162719,158.1110429,465.9362765,1756.878374,5043.858479,1891.435138,946,41717,1.38E-10,0.050177801,4.58E-12
2587,2248.455975,16913.75737,367.3882208,1937.146275,7984.600686,151.166911,12.71251507,3251.698198,6678.399882,1788.732237,1023,42357,1.90E-10,0.058267177,-4.27E-12
2588,2349.290338,16814.452,408.7874485,1493.597468,8398.144858,158.5692364,9.588328592,3652.061539,7177.855084,1806.697902,1023,43292,1.76E-10,0.044202927,-6.25E-12
2589,1938.804258,14380.28484,323.6579029,1038.339012,8976.406843,170.2653234,0.032184691,4012.651411,7603.190907,1825.402265,866,41135,1.18E-10,0.03494998,-3.72E-12
2590,2027.141753,10926.24629,181.8122898,411.2009272,9064.729729,164.6875294,0.033460139,4118.372947,7123.454165,1793.377804,297,36108,1.02E-10,0.056891426,3.02E-12
2591,2103.298604,8518.397766,148.2278846,349.3020161,8255.341252,156.191129,0.021433003,3649.367773,6148.35915,1605.562675,323,31257,1.60E-10,0.069682668,-4.35E-12
2592,2096.879083,7485.163323,134.4372024,324.3695745,7633.891705,145.1660223,0.012410821,3105.404351,5594.728439,1494.021742,299,28313,2.22E-10,0.073854214,2.15E-12
2593,2122.811899,7897.011064,132.4543889,319.9797678,7547.601971,143.3125226,0.01098393,2654.947406,5282.66126,1483.295041,321,27905,2.66E-10,0.086303998,-1.44E-12
2594,2270.345405,9012.146411,147.2496817,338.7187393,8265.019745,155.8551581,0.021332639,1151.501824,3943.882542,1678.482978,317.85,27281,1.39E-10,0.073817283,7.46E-12
2595,2208.427031,9195.784393,143.7216872,339.526589,8078.226846,152.4985911,0.018441468,991.2451104,3535.188046,1602.448142,345,26592,1.94E-10,0.084878341,4.61E-12
2596,1908.763704,11033.60608,207.1675447,370.9626033,7876.2006,148.5077785,1.045510931,566.7982327,2505.826705,1705.170435,957,27281,2.48E-10,0.049190201,-3.17E-12
2597,2020.97952,12729.38676,429.1598194,430.5376565,7453.341817,140.2528209,226.7250538,730.7607433,2787.5393,1617.354191,1023,29589,4.84E-10,0.037678111,2.97E-12
2598,1893.069454,16628.17724,455.2156441,1021.685454,6932.563302,146.7414571,1373.247112,1037.099262,3288.253349,1505,1024,35305,0.000588933,0.051685214,2.19E-12
2599,2079.617616,19769.9965,547.5279377,1486.821907,7606.669113,140.9161169,2723.859189,981.9206029,3480.280826,1643.433732,1024,41485,4.12E-10,0.043541597,1.50E-12
2600,2049.964436,19591.42455,486.8345101,1163.166769,7554.360236,139.104318,4858.774976,496.4139365,2518.686482,1640.312684,1075,41574,4.24E-10,0.042898599,-3.47E-12
2601,1952.56956,17838.9585,402.3507926,905.5859136,7059.302103,131.8624915,6240.260597,511.5116144,2824.637834,1537.002065,1075,40479,2.44E-09,0.041473901,6.34E-12
2602,1132,17355,373,1008,6898,128,7550,344,2746,1506,1075,40114.95041,0.005196448,0.044393901,8.81E-12
2603,1252,16901,374,852,6910,128,8160,315,2810,1506,1025,40232.94229,0.007513827,0.050193958,9.88E-13
2604,1352,16348,373,698,6934,126,8240,294,2861,1506,1024.3,39756.24393,0.008260084,0.04781383,-2.66E-12
2605,1270,16266,375,752,6928,126,7752,273,2712,1507,1024,38984.94268,0.009109674,0.048212321,-1.64E-13
2606,1496,16315,428,719,6938,128,6750,342,2602,1508,1025,38250.94963,0.006462148,0.043907564,-6.24E-12
2607,1332,17884,665,943,6938,128,5275,267,1780,1507,1025,37743.94986,0.001561634,0.048577933,2.42E-12
2608,1587.421006,19964.08882,1047.678664,1054.609177,7153.457864,131.9119568,3603.59846,577.3716126,2273.738987,1526.163559,1075,39995,4.51E-09,0.040103835,7.82E-12
2609,1935.253254,21700.38782,1572.501542,1593.575282,7653.414985,139.756238,1901.298368,721.2577803,2262.739101,1657.849367,1075,42213,3.72E-10,0.033741972,7.50E-12
2610,2061.12074,24099.41082,1701.993877,2008.931074,8401.17598,154.1101427,489.6692084,282.3154215,1439.991089,1819.306495,1075,43533,1.70E-10,0.02485145,-4.73E-12
2611,2015.569606,23765.77811,1666.145597,2587.126897,8174.195275,149.1695256,12.85758659,671.8246668,1987.981985,1800.385018,1025,43856,1.81E-10,0.034266539,-4.24E-12
2612,2091.03051,24511.77606,1443.669134,2262.898132,8519.29686,157.3873446,6.67867518,689.1280285,2067.211213,1827.947379,1009,44586,1.64E-10,0.023337277,2.78E-12
2613,2148.376606,23342.81765,734.5165307,1484.197294,9083.063976,167.753558,0.03179127,731.9679345,2227.936495,1937.348157,1024,42882,1.16E-10,0.009997068,-1.14E-11
2614,2301.154435,19785.10801,299.0551953,469.7171591,9322.698374,172.9632441,0.035360695,825.194015,2328.335793,2048.775826,1023,38576,9.02E-11,0.037415278,9.49E-12
2615,2096.613572,16383.2693,136.3379437,433.6189285,8850.573889,164.6659542,0.028391445,694.9157686,1998.391369,1933.648074,1023,33715,1.15E-10,0.063193835,-2.81E-12
2616,2002.958625,14477.88978,127.1634943,406.8031182,8255.686993,153.575135,0.019292255,637.8759327,1742.81098,1798.285806,1024,30627,1.66E-10,0.069153869,-4.24E-12
2617,1821.123098,13956.43647,147.9841802,386.5839715,8237.055657,152.9346608,0.018922988,524.291622,1614.780278,1805.875277,1024,29671,1.63E-10,0.084132415,8.66E-13
2618,1728.148615,13257.91831,147.254749,373.5463226,8142.86677,151.2680814,0.017562413,629.9692148,1784.460806,1784.629357,1023,29023,1.69E-10,0.079791033,3.28E-12
2619,1915.54608,12998.32969,141.2953932,376.7921871,8239.774722,152.746161,1.018644394,312.4740487,1451.22735,1725.875292,1023,28338,2.12E-10,0.079568917,1.42E-12
2620,1963.611905,13355.72577,140.0457277,438.7051123,8112.153181,150.4151479,2.083668639,192.0441179,1281.381064,1718.945224,1023,28378,2.39E-10,0.110918699,-5.46E-12
2621,1834.870294,14457.14064,289.1442169,494.310342,7443.513709,137.168509,189.5196262,691.093461,1661.273448,1591.077121,1024,29813,6.64E-10,0.111363079,-1.05E-12
2622,2063.326351,18326.13923,567.1914544,992.2130303,7163.49132,132.3180731,1053.803304,582.0244085,1639.876384,1533.665104,1024,35078,2.89E-09,0.048655327,-2.90E-12
2623,2305.849853,22146.17271,706.2810655,1403.594675,7990.220787,146.1830622,2325.707841,214.694897,1503.838574,1692.492035,1024,41459,2.96E-10,0.03550252,-9.08E-12
2624,2230.483264,20843.84092,502.1579756,1062.041719,7724.917054,143.1469433,4131.19421,630.8259476,2659.257842,1638.17328,1024,42590,4.32E-10,0.039160086,5.40E-12
2625,2193.696082,18953.96023,423.5396672,870.743068,7572.66164,139.5467893,5850.093256,365.6125537,2357.628531,1616.552961,1024,41368,5.32E-10,0.034777741,-5.10E-12
2626,1282.632683,16533.46861,408.8874192,715.3620209,7054.250976,129.351024,7164.514802,502.0860549,3224.487128,1506,1024,39545,0.000432516,0.040285324,1.03E-11
2627,1009,15108,325,693,6990,129,8250,532,3422,1506,1024,38987.95081,0.003703977,0.045481497,-5.18E-12
2628,1002,13648,323,703,6988,129,8480,456,3594,1506,1023,37851.95422,0.005034998,0.040745727,3.24E-12
2629,1084,12953,325,712,6980,130,7886,443,3660,1506,822,36500.94447,0.007204751,0.048323322,-5.04E-12
2630,1064,13273,324,700,6970,115,6840,430,3674,1507,821,35717.94763,0.006912043,0.04546112,-8.67E-13
2631,1329,14655,324,738,6962,129,5345,239,2552,1508,1023,34803.9477,0.001293665,0.051008497,5.63E-12
2632,1576.05819,16784.67528,449.1945004,825.5821651,7095.818781,130.2722754,3663.991419,522.3789354,3421.074042,1508,1024,37001,0.000712808,0.044872709,1.72E-12
2633,2091.972363,19195.29622,559.1805635,1098.98573,7669.959559,140.3179633,1983.136154,709.8147625,3369.094512,1616.278919,1024,39458,5.39E-10,0.036747641,9.61E-13
2634,2335.899428,22022.37746,702.8996783,1290.556121,8343.630044,152.2885758,541.9641274,524.9525392,2160.964512,1780.046821,1023.45,40879,1.84E-10,0.029302213,8.55E-13
2635,2376.713348,23276.09942,693.9085236,1542.934627,8439.880359,155.2305709,31.64211152,616.3247099,1925.215706,1357.083719,1024,41439,1.46E-10,0.03309453,6.67E-12
2636,2394.907339,23254.68793,663.7055897,1899.050839,8450.137267,156.5277093,14.93884074,834.5117757,2117.644351,1283.916694,1023,42093,1.85E-10,0.028331442,3.78E-12
2637,2443.571603,21805.57699,681.7934709,1031.042284,8953.509209,165.4536213,0.029084185,821.1463927,2148.883928,1356.005474,1023,40430,1.39E-10,0.012059836,3.76E-12
2638,2503.645885,18592.17441,548.0280895,463.0174068,9199.267615,168.8662703,0.032838773,891.9386657,2196.153886,1456.948863,973,36993,1.05E-10,0.073926742,1.93E-13
2639,2453.349586,15981.90873,390.8960722,333.1991793,8826.395569,163.3367663,0.027302839,633.6765901,1901.765324,1389.568397,974,33048,1.24E-10,0.123519292,6.99E-12
2640,2260.130546,14455.71543,368.3881501,303.0463435,8052.39898,149.2220071,0.015729957,382.012778,1393.219002,1716.992872,974,30055,1.85E-10,0.141836243,2.13E-12
2641,2153.042631,13630.89363,372.6854765,285.9114893,8178.217951,151.421317,0.017674354,358.4651817,1300.395215,1760.093163,973,29164,1.59E-10,0.143724145,-9.19E-13
2642,2020.312218,12853.07043,383.9861187,282.5355063,8213.171094,151.8886014,0.018074816,313.8607958,1255.544589,1744.733474,973,28192,1.62E-10,0.120898388,-5.15E-13
2643,1972.163346,12511.93902,374.0699105,282.5502556,8249.793875,152.5895655,0.018516037,167.2211463,997.642377,1675.139181,971,27354,2.11E-10,0.127197909,-5.39E-13
2644,2029.803342,12532.56262,376.8524412,301.7910991,8169.189305,151.2349608,1.104434234,178.8001269,1057.646561,1727.121735,645,27171,2.29E-10,0.106624709,-9.39E-13
2645,1898.676688,12932.92605,371.5455051,371.3491541,7613.7227,141.2241807,226.5336251,324.461051,1272.237177,1593.777756,1019.64,27766,6.41E-10,0.09388431,-2.52E-12
2646,1785.381996,13604.66191,378.8714721,752.455296,7434.850704,138.2399023,1273.733327,320.8045356,1264.527172,1572.566684,1024,29550,9.32E-10,0.092996502,4.10E-12
2647,2107.86038,15169.38918,390.6134936,1038.325063,7367.566093,136.0225236,2515.746428,304.8480283,1295.953104,1575.762321,1024,32926,9.00E-10,0.086614604,3.24E-12
2648,2108.46009,15738.55733,381.1795321,918.8280235,7306.082587,133.8024696,4423.288185,319.0681763,1422.161763,1570.667583,1075,35397,9.68E-10,0.095743529,-1.54E-12
2649,2085.29098,14738.59638,128.5130537,918.3754962,7235.507763,133.416026,5647.756951,402.1370926,1666.372941,1573.116676,1075,35604,9.59E-10,0.083355511,7.56E-12
2650,1750.221708,13419.51139,62.88398557,708.4367403,7058.347276,131.2062824,6427.986892,515.3526768,1996.124364,1456,1025,34551,0.000890381,0.070422829,-1.01E-12
2651,1513.235742,12113.55193,56.53792538,730.9260864,7061.759521,131.2786273,6646.085241,691.1930898,2428.839989,1354.762002,677.89,33406,1.39E-09,0.060156502,-4.45E-12
2652,1405.336531,11517.71689,66.4630363,861.7364808,7142.014349,131.724337,6495.997834,440.6710097,2043.976883,1390.423589,675,32171,7.05E-10,0.060937794,3.05E-12
2653,1336,10425,47,773,6990,128,6115,891,2589,1305,677,31275.93466,0.000447412,0.064890736,2.92E-12
2654,1409,10621,47,764,6984,130,4940,978,2801,1508,1021,31202.92541,0.002837257,0.07174835,-4.13E-12
2655,1784,11206,47.00000001,733,6975,130,3850,1062,2748,1529.039673,1024,31087.95754,4.26E-09,0.082137765,1.90E-12
2656,2009.47731,13348.77203,82.80145717,788.484901,7211.902292,134.1373076,2864.895535,1229.911517,2750.492043,1560.205067,1074,33055,1.27E-09,0.079459777,-1.47E-12
2657,2245.073822,15621.62764,184.6259605,1002.540122,7820.976543,144.2577584,1511.254477,1554.027389,2811.194439,1647.508976,1074,35617,4.06E-10,0.087129516,2.75E-12
2658,2412.913435,17485.29762,283.9616312,1573.772888,8428.521382,154.4207354,375.4184005,1007.740687,2161.171041,1782.856124,1074,36740,1.95E-10,0.073939826,-2.02E-12
2659,2353.384946,17085.45504,245.4282783,1492.179489,8183.458285,152.0401808,23.70486247,2016.355486,2843.698901,1759.374895,1024,37179,2.07E-10,0.080360037,-6.00E-12
2660,2411.909841,17037.48537,242.3723708,1123.571898,8323.853726,154.8535439,17.16841362,2278.005712,3330.047176,1771.80919,1023,37714,1.96E-10,0.077246623,4.75E-12
2661,2274.64003,15242.16082,194.581042,939.9284317,8885.417573,165.9241231,0.028533855,2585.656607,3886.491633,1745.239507,922,36842,1.44E-10,0.068300353,-3.58E-12
2662,2429.128674,11948.41327,129.1010134,338.6951182,9177.901781,171.6951117,0.03324969,2813.867066,4333.452456,1697.794797,724,33764,1.06E-10,0.082534463,3.32E-12
2663,2016.17483,9496.629187,94.09643004,367.358976,8752.998045,164.2609971,0.027169704,2557.702529,4197.147507,1621.699611,723,29991,1.28E-10,0.095281734,2.54E-12
2664,1755.173308,8352.442428,78.825865,217.7196966,8172.888843,153.3793327,0.01852562,2342.0854,4068.87734,1541.690715,723,27406,1.67E-10,0.101454439,4.63E-13
2665,1746.398715,8670.704971,73.62686044,202.7152758,7935.563905,148.9014884,0.015097036,1833.203216,3513.29568,1505.688958,721,26351,1.94E-10,0.114166017,-1.76E-12
2666,1923.8609,9302.316626,85.7143951,214.7604746,8426.45605,157.9067509,0.022307555,949.1861738,2797.383884,1589.484201,379,25826,1.39E-10,0.091763055,-5.26E-12
2667,2074.294983,9307.227589,80.41437151,204.1770093,8203.79679,153.6556223,2.05632291,567.1027024,2227.768209,1514.597759,376,24711,1.76E-10,0.091359234,-5.06E-12
2668,2158.253992,9043.717717,75.50207561,246.0293747,7901.829911,148.1335301,2.086350143,524.1645325,2216.641818,1504.721556,378,24199,2.00E-10,0.080855695,-2.14E-12
2669,2082.691669,8348.417332,74.79796486,320.1420624,7448.62727,139.5964989,239.5812057,1035.006508,2588.765291,1458.454907,720,24456,3.38E-10,0.08070913,2.65E-12
2670,1791.39176,8375.046679,74.08507466,434.8388452,7198.353976,135.1065317,1273.550353,1437.621732,2684.069476,1389.013693,724,25517,7.30E-10,0.078119719,3.09E-12
2671,1591.101674,8517.352597,70.79150554,701.7752643,7098.999378,131.2412027,2151.0941,1793.01633,3257.911968,1445.794123,923,27682,1.88E-09,0.078142106,1.18E-12
2672,1997.375719,9124.121366,51.43987738,829.9403078,6928.613303,128.2318841,3705.86261,1643.200107,3139.955848,1418.338961,924,29891,1.29E-08,0.079984582,-2.48E-13
2673,2001.756558,8931.581098,55.00679007,795.0820209,6957.594476,130.8241684,4537.830471,2026.752704,3664.341273,1483.306068,924,31508,8.31E-10,0.075626669,-2.10E-12
2674,1640,8399,50.00000001,785,6858,129,5330,2099,4376,1397.415961,875,31938.34337,1.56E-09,0.072586939,2.58E-12
2675,1617,8303,50,754,6934,129,5805,2054,4695,1402.342179,873.51,32616.78658,1.32E-09,0.065600507,3.85E-12
2676,1674,8283,50,722,6980,128,5725,1867,4860,1359.697562,874,32522.63181,2.71E-08,0.065748367,-9.49E-13
2677,1704.573498,8193.401091,52.7964757,719.012088,7013.589056,128.5187665,4914.600387,1654.471929,4708.100651,1354,924,31367,0.001318574,0.0626246,-1.84E-12
2678,1768.855049,8386.95759,50.4159568,694.4250153,6992.170523,129.0779767,4192.870873,1598.710297,4715.586632,1408,924,30861,0.001726865,0.068186149,-1.75E-12
2679,1669.144307,9136.578328,52.39977447,706.5736761,7018.202331,128.434754,3622.305061,1877.069771,4857.72537,1412.646451,924,31405,5.42E-08,0.079824177,6.16E-12
2680,2049.320883,10526.23569,85.50657468,753.5300415,7298.088673,135.7303086,2929.902784,2167.457689,5028.752177,1463.543956,923,33361,1.20E-09,0.068779777,4.08E-13
2681,2306.712018,12914.14902,203.1986321,1077.667919,8225.613495,152.3717491,1953.733942,1484.669524,4356.294851,1656.658071,923,35254,2.17E-10,0.069218074,-2.50E-12
2682,2075.30596,12932.54182,186.3625007,1618.086447,8081.535225,150.7277433,559.4374265,2846.420097,5308.550283,1618.104158,923,36300,2.59E-10,0.071663164,1.95E-12
2683,2038.955966,13963.1785,211.2127964,1834.615835,8270.645673,152.4181633,18.13564431,3091.835173,5078.943036,1684.130251,923,37267,1.87E-10,0.071041173,3.65E-12
2684,2101.92653,14636.12909,215.3816989,1599.692049,8501.015897,156.8431994,23.80688256,2966.984535,5360.095884,1706.190648,923,38191,1.71E-10,0.066409535,-3.90E-12
2685,2203.644629,13206.82227,204.2884499,1068.892658,9273.766057,171.419152,0.033476601,2718.992957,6007.731476,1627.467682,725,37208,1.11E-10,0.058808051,2.89E-13
2686,1611.076224,9914.076242,136.9098565,501.9607151,9317.638005,173.2548522,0.034226491,2877.198669,6199.915235,1613.998795,674,33020,9.79E-11,0.062820742,5.57E-12
2687,1284.361357,7150.249773,103.0008455,248.651212,8642.247626,161.6147609,0.024281691,2943.322935,5725.610658,1523.008314,674,28456,1.24E-10,0.091762232,4.82E-12
2688,1095.724479,5976.527511,81.97819041,168.4616149,7757.742114,144.7666025,0.011341477,2859.389367,5354.250817,1350.252415,673,25462,2.46E-10,0.104451927,1.26E-12
2689,1123.001912,5681.618419,81.68372981,165.9399337,7734.293665,144.3130006,0.011078174,3035.424289,5232.995558,1100.824905,428,24728,2.43E-10,0.106491284,-1.72E-12
2690,1269.213758,5470.724271,80.54034304,162.723935,7682.023273,143.1299626,0.010170382,3089.66985,5038.518262,1058.558808,429,24424,3.04E-10,0.112634262,6.69E-13
2691,1665.153173,7245.117804,106.5093718,236.9855483,8975.440766,168.7623034,2.145127992,321.2987585,2974.035912,1428.653857,819,23943,1.27E-10,0.102622076,2.23E-12
2692,1443.962017,6242.084965,84.13108516,245.5243239,7994.380853,149.2389064,2.11839327,1630.257973,3864.60054,1445.80554,917,24019,2.64E-10,0.104596704,2.42E-12
2693,1256.79754,6833.550604,85.57907146,272.6997288,7039.006471,130.0425094,277.227003,2953.688541,4901.503,1506,438,25694,0.000789196,0.093679177,1.03E-12
2694,1553,10884,84,713,6982,128,1147,2925,5212,1506,886,32019.90453,0.005243953,0.090221236,-2.86E-12
2695,2213.912995,13136.20116,80.30693861,1212.402394,7583.39803,135.3959017,1971.327365,3051.670073,5991.389375,1609.065194,941,37926,5.84E-10,0.06942386,1.23E-12
2696,2461.625808,14980.15144,105.0223828,1244.056018,8268.556059,154.2191399,3578.445388,1549.790342,4805.0897,1790.093155,942,39879,1.89E-10,0.049432781,5.41E-13
2697,2261.192864,13484.85497,70.31384487,1078.938696,7545.877588,139.7553204,3916.778069,2701.45825,5969.335006,1631.546851,973,39773,4.61E-10,0.051462003,6.02E-12
2698,1962.260098,12513.26593,62.68955068,755.53566,7435.965095,135.5510656,4978.470199,2724.213585,6357.085978,1565.006866,937,39427,1.10E-09,0.044025713,1.96E-12
2699,1845.990961,11692.10828,57.02445362,707.359307,7287.348603,131.8514758,5398.812638,2701.414577,6381.45838,1550.674726,683,38437,1.50E-09,0.043403012,-2.92E-12
2700,1736.513633,11017.04006,55.09739191,779.4559305,7235.597624,133.9720552,5221.791231,2597.44355,6374.437242,1539.689923,901,37592,2.24E-09,0.038637591,-4.14E-12
2701,1639.902783,10607.76032,47.6860341,751.1434711,7020.555648,128.9120235,5644.343644,2379.371362,6119.368536,1508,616,36463,0.002047394,0.041776777,-2.96E-12
2702,1864.09781,10576.54459,50.21262419,674.6305653,7093.800362,131.3255293,4400.78333,2656.275745,6249.375237,1507,1019,36223,0.001873495,0.04392326,-3.22E-12
2703,2013.760492,11202.11995,52.38855772,654.4919607,7160.650579,95.40304634,3189.370094,2976.979654,6505.260487,1508.636632,1023,36382,1.52E-06,0.061455593,9.28E-13
2704,2218.377659,14116.52699,71.41093015,1010.833951,7529.956462,104.3492388,1885.937955,3126.053344,6409.455997,1571.164305,1024,39068,1.00E-09,0.066830112,2.98E-12
2705,2587.455745,17315.91254,144.6663656,1229.11803,8796.371543,148.9758739,1080.891208,1880.015466,5461.474724,1854.170666,1023,41522,1.53E-10,0.052162315,-6.39E-12
2706,2610.807381,17492.83113,165.2376433,1658.781618,9158.272819,172.2155841,255.1281982,2141.540353,5469.041115,1967.184597,1023,42114,1.14E-10,0.040440112,2.79E-13
2707,2322.413729,14974.47332,129.7041786,1659.831987,8471.673525,158.5646589,7.564628822,3982.014109,7230.097986,1835.722069,1023,41795,1.56E-10,0.060190479,7.80E-12
2708,2378.651163,14510.83577,128.1619831,1130.960392,8731.992068,162.3395987,6.167590006,4150.201617,7712.756436,1743.993801,923,41579,1.51E-10,0.06041667,-3.39E-12
2709,2392.355127,11813.70113,128.9265848,996.3805774,9309.017566,174.2798602,0.034140216,4269.327042,7753.571419,1640.470712,724,39202,1.06E-10,0.064156018,-4.31E-12
2710,2591.369339,9471.716358,121.2358074,476.9638832,10098.34431,189.2350172,0.045847537,2575.98818,5938.995232,1799.163993,723,33986,7.41E-11,0.057963128,-2.44E-12
2711,2001.528011,5623.077302,73.59096013,323.7630101,8468.993609,158.9482574,0.022250774,3675.148991,6418.839241,1495.171039,723,28962,1.54E-10,0.082670698,-1.90E-12
2712,1784.606306,4692.528562,59.5523265,191.1734465,7730.291651,144.6929807,0.011293606,3505.635975,5944.094347,1387.497122,723,26163,2.56E-10,0.084009679,1.45E-12
2713,1834.729482,4908.770857,60.05545523,191.1952747,7738.507986,145.0079737,0.011616079,3688.744839,5505.432779,992.6358027,723,25788,2.36E-10,0.092066041,-1.26E-12
2714,1843.918656,5086.407408,60.62841898,190.5403646,7747.538131,145.3289683,0.011873717,3503.0061,5552.553452,973.1468093,723,25826,2.55E-10,0.080182307,2.55E-12
2715,2210.994299,7161.512904,88.13736082,240.0399334,9347.37075,175.5349701,2.245188301,384.4634958,3267.355707,1697.395712,823,25398,1.08E-10,0.050319618,-3.13E-12
2716,1964.183263,6474.88937,67.5201255,229.3627135,8108.461485,152.0632202,1.15274537,1851.934374,4129.879359,1696.618684,1022,25698,2.61E-10,0.065339531,3.14E-13
2717,1624.56621,7744.050613,74.5766232,307.5045597,7103.164342,130.7343179,107.360756,2950.635072,5167.20226,1516.257748,943,27669,1.53E-08,0.052502529,2.79E-12
2718,1686.262602,12825.39925,90.34115993,890.6165863,7168.025865,132.9886473,643.7188675,2794.9803,5194.485211,1556.227554,895,33878,1.37E-09,0.046041066,-3.99E-12
2719,1982.529076,17100.04753,104.4766772,1157.470576,7842.562598,145.8192539,1386.992816,2588.989082,6027.151197,1658.001739,749,40743,3.72E-10,0.040550257,-5.77E-12
2720,2111.78797,18507.89289,100.8557941,918.9047224,8011.191913,149.7239013,2409.002433,2478.659216,5969.082074,1725.941351,574,42957,2.48E-10,0.042263214,-7.90E-13
2721,2086.78784,18722.94858,90.61818911,944.9187544,7748.325228,143.0343953,3057.788713,1957.407165,5693.687478,1669.512642,983,43098,3.47E-10,0.028987239,-2.54E-14
2722,2075.598133,18560.35198,86.26688506,768.2835374,7584.008942,141.7248606,3328.009162,1757.070498,5490.937763,1614.782532,988,42395,5.44E-10,0.034291343,-2.18E-12
2723,2081.399789,18706.63083,92.29373537,1025.197797,7626.32806,142.3428107,3347.555377,1627.492364,5483.998705,1641.801431,905,42680,4.04E-10,0.040904348,1.50E-12
2724,2014.427516,20089.58756,74.28434051,1004.562154,7742.169679,144.3997523,3127.414265,1300.877879,5151.649678,1673.67259,987,43310,3.22E-10,0.045410604,1.91E-12
2725,2121.068088,21213.32643,122.626746,1179.75828,8303.000234,153.9770722,2833.628988,817.3502999,3993.042609,1769.265705,1023,43530,2.01E-10,0.044451353,8.60E-13
2726,2058.316434,21169.9718,345.5377682,1176.226733,8007.966901,138.0139608,2065.479824,1312.035452,4696.239291,1684.259533,1023,43677,3.09E-10,0.047695477,-5.45E-12
2727,2076.283339,22183.99409,450.8799008,1365.942488,8019.156543,101.1913996,1570.504055,1515.065309,4444.394055,1683.654992,1024,44435,3.14E-10,0.066168176,7.02E-13
2728,2152.746969,23166.71639,447.0076529,2206.662392,8208.038243,122.8731663,1120.448331,1751.438569,4163.475965,1704.661905,1024,46068,2.76E-10,0.069585462,-8.16E-12
2729,2232.980146,23913.81077,560.0062096,2369.345091,8621.777613,130.3555952,605.819255,1894.98361,4024.602935,1790.374491,1024,47168,1.88E-10,0.055716421,-4.94E-13
2730,2365.660209,25427.19617,581.7736827,1700.751603,9147.571625,142.6608902,181.3846229,1434.657182,2986.606915,1957.779291,1024,46950,1.16E-10,0.042192416,-5.70E-12
2731,2297.203402,23774.35901,445.9001551,1461.885605,8901.798288,136.0874669,9.074344326,2722.266091,3402.984804,1906.488441,1024,46082,1.27E-10,0.047608261,-4.58E-13
2732,2354.969923,22437.46382,414.5261853,1224.418866,9132.42155,140.2284375,3.480009398,3036.890313,3594.352165,1902.283793,1023,45264,1.27E-10,0.035061305,-2.42E-13
2733,2458.767072,18566.6167,246.3642214,1081.918808,9746.639138,152.5474338,0.039013727,3177.666556,3944.403341,1900.07682,948,42223,9.73E-11,0.039106232,-4.94E-13
2734,2021.785813,13827.02923,110.9219323,380.1913553,9897.659163,168.6003105,0.041158303,3425.978482,4251.933023,1880.927282,873,36838,8.30E-11,0.06774862,-1.75E-12
2735,1681.965863,10071.96272,79.13609766,283.3674848,9064.209639,165.3100669,0.028744274,3488.900504,4236.196086,1721.998416,873,31666,1.19E-10,0.075623873,3.14E-12
2736,1434.192356,9113.565824,65.88004501,232.4849489,8295.791051,150.8974808,0.016857183,2985.75457,3993.460741,1587.025306,872,28731,1.93E-10,0.069180002,4.24E-12
2737,1359.703627,8705.906184,64.35177116,216.822279,8196.448993,145.5701237,0.015194196,3036.390438,4015.145879,1574.711059,724,28039,1.95E-10,0.065548855,6.54E-12
2738,1394.060669,8407.322253,66.56208411,211.2578809,8327.328771,145.8016289,0.016966248,2949.136136,4084.950561,1584.618072,724,27895,1.79E-10,0.055022902,2.55E-13
2739,1696.371619,9675.381102,86.83150765,268.1551963,9598.284459,169.4915895,0.246090515,350.2507744,2601.812864,1867.216814,946,27260,9.70E-11,0.042016932,-1.21E-12
2740,1471.902758,9484.75476,69.87795808,308.3200497,8483.6093,148.7112502,1.190967931,1470.58345,3271.536036,1725.579116,1023,27459,2.25E-10,0.065645263,-3.08E-12
2741,1395.128275,10936.40045,53.79150279,405.5449953,7466.221596,127.3912794,315.6886519,2079.113742,3861.666834,1535.137092,1023,29199,2.80E-09,0.084421495,1.25E-12
2742,1897.721927,15498.55506,64.04363372,986.1687504,7769.973825,134.0500825,1487.868838,1402.55243,3123.065973,1598.084111,1024,34986,6.48E-10,0.084629346,3.30E-12
2743,2116.724146,16914.74489,72.55981378,1020.031214,8078.503084,124.5287662,2637.85971,2612.379549,4601.497393,1675.259728,1024,40878,3.27E-10,0.088299313,1.04E-11
2744,2065.124471,15262.09491,64.97123688,1178.850896,7878.173859,99.54176423,4219.867799,2337.053025,4985.697291,1620.720094,990,40702,5.06E-10,0.095342806,-3.85E-12
2745,1987.161371,14100.88479,59.11625625,1015.652384,7649.253286,96.36550574,4987.981458,2604.950736,5243.319945,1592.403328,478,39815,7.08E-10,0.089055689,5.35E-12
2746,1377.492634,14374.40428,61.80192858,848.522661,7781.296981,111.6872547,6033.185279,1577.246268,4398.963191,1598.464963,1016,39179,6.40E-10,0.065444062,-1.12E-11
2747,1257.957376,12404.14313,54.06030104,784.7634997,7365.654195,122.9627801,6082.713547,2571.359821,5546.741211,1526.074168,1023.65,38740,4.00E-09,0.080024968,-1.08E-12
2748,1269.253096,11619.85797,62.17811075,793.9121336,7355.379922,131.1398106,6164.475384,2337.502081,5688.133759,1507.396805,1023.85,37953,2.86E-07,0.079073171,-9.92E-13
2749,1280.681084,10836.21611,65.01062668,616.1408972,7459.040184,132.7750539,5508.536421,2874.734088,5927.3478,1552.475017,942.12,37195,1.42E-09,0.07727879,4.71E-12
2750,1392.44277,10591.0984,72.97500166,695.7377286,7765.914499,138.2205321,5470.007599,2993.192817,6346.384446,1624.669626,4.25E-11,36563,4.81E-10,527.6434191,3.64E-12
2751,1292,12643,77,902,7258,130,3835,3059,5809,1506,933.76,37444.69698,0.004434442,0.058583304,1.50E-12
2752,1925.909703,13747.62249,94.71906035,1070.945992,7655.370908,136.7865995,2912.088202,3246.139985,6054.49112,1525.996048,1024,39394,4.23E-09,0.070111451,-3.10E-12
2753,2110.128902,15863.64426,114.1817628,1440.913317,8228.282911,147.2088143,1775.427785,3090.061402,5895.924385,1662.300411,1024,41352,3.60E-10,0.07395547,2.37E-12
2754,2439.999365,18938.61941,145.2415268,1452.497163,9238.930149,165.8251208,620.5719517,1740.152497,4577.778897,1903.439936,1024,42247,1.32E-10,0.056016512,6.41E-12
2755,2310.018273,18015.55218,122.9671751,1664.136351,8800.396541,157.875236,33.17565979,3313.706363,5195.253913,1819.986585,1024,42457,1.63E-10,0.068278486,-7.66E-12
2756,2352.878585,18236.50042,120.2585918,1511.115601,9030.094616,159.9740362,29.70666288,3333.470224,5347.931092,1781.135441,996,42899,1.69E-10,0.065272157,7.08E-12
2757,2473.526992,15760.13961,117.3168815,1185.355448,9886.313554,177.5321022,0.037456345,3273.081505,6102.745082,1636.010451,677,41289,9.37E-11,0.059081042,-2.81E-13
2758,1674.738164,11497.42794,98.21655722,475.8350471,10048.49761,180.8633842,0.039799205,3540.74817,6576.113424,1650.582499,675,36418,8.79E-11,0.062594261,-3.93E-12
2759,1115.841941,7391.827791,88.33805038,344.5234265,9465.970747,170.7849099,0.031421348,4149.949339,6205.609516,1534.193434,675,31142,1.16E-10,0.070575742,5.61E-12
2760,908.6462812,6096.199641,75.77024772,271.7175365,8516.745048,150.8591655,0.017624646,4045.644242,5508.238769,1399.243684,675,27648,1.85E-10,0.082239956,1.52E-12
2761,861.4921939,5668.07928,72.06548458,262.0436066,8247.710128,147.8512826,0.013859692,3977.759043,5715.010953,1351.06511,675,26978,2.24E-10,0.090941218,-8.99E-13
2762,896.3142152,5256.616896,74.18295145,263.6178484,8383.14249,150.109374,0.015649318,3908.811024,5909.405028,1333.860165,674,26850,2.37E-10,0.075642294,3.00E-13
2763,1254.853662,7465.779812,108.3366323,351.8644599,10625.7374,191.6230076,0.333354755,360.2532128,3668.737915,1694.532227,674,26396,7.96E-11,0.051678725,1.58E-12
2764,1219.721472,6510.207188,84.24731064,327.2082632,9026.260362,139.5457236,3.322401263,2246.176438,4669.20375,1459.172714,677,26362,1.64E-10,0.065623265,-1.12E-12
2765,1106.086088,7137.772514,53.57716501,340.0450783,7418.195947,110.111774,340.4345519,3703.680788,5152.18141,1504,1020,27886,0.000430968,0.084884222,-3.73E-12
2766,1468.695508,10271.58172,64.96032811,832.9647237,7511.748546,123.0233772,1508.815676,3635.792855,5749.573255,1505,1023.93,33696,0.000535707,0.085457088,1.09E-12
2767,2076.543951,11810.27746,87.85299791,956.6030107,8193.397078,137.0815373,3080.807036,3831.200855,7018.809593,1648.350442,1024.15,39865,3.91E-10,0.073958967,1.62E-12
2768,2133.02129,10806.37784,80.30464811,978.7871335,8090.253476,134.9936891,4328.177522,3715.969945,7149.352203,1501.727652,974.11,39893,4.46E-10,0.07539902,-2.41E-12
2769,1893.846669,9877.771855,70.08641045,920.5088557,7731.3299,128.7081351,5197.621286,3502.39098,6853.73151,1528.021295,974.05,38678,8.45E-10,0.066896031,-9.94E-12
2770,1754,8688,61,1109,7304,121,5990,3488,6809,1455,973.76,37752.69956,0.004828286,0.055612211,-1.01E-11
2771,1860,8413,54,796,7318,121,6620,3312,7036,1406,923.63,37859.57115,0.003711256,0.055141385,-5.35E-13
2772,1587,8111,54,705,7321,122,6845,3159,7206,1404,923.37,37437.31356,0.004208647,0.052234472,-8.15E-12
2773,1416,7935,54,738,7314,122,6456,3089,6921,1505,1023.53,36573.46946,0.006351991,0.054185259,-4.54E-13
2774,1512,7757,90,822,7322,122,5495,3096,6968,1507,1024.77,35689.40984,0.006067384,26.3540927,-2.10E-12
2775,1700,9877,146,839,7346,123,4470,2931,6865,1506,1074.81,36877.74236,0.006475926,0.061162671,5.33E-12
2776,1999.66136,12367.44278,277.2499764,1079.171969,7477.609283,126.5051584,2937.059364,2423.050156,6619.339802,1505,1074.98,37887,0.001760315,0.068086102,-9.73E-12
2777,2163.765567,15665.88911,606.8592997,1238.475184,8044.948837,137.5270331,1659.337805,2284.375527,5987.156982,1607.737982,1074.99,40471,5.74E-10,0.063325956,-7.68E-13
2778,2609.727635,20278.40377,895.3115564,1695.280902,9678.519914,171.3258255,531.341241,532.8383838,2963.650787,1986.00487,1074.64,42417,1.09E-10,0.044883246,3.26E-12
2779,2358.926977,20296.43053,852.3895077,1630.636271,8759.146438,152.6674008,20.13463895,2408.996602,4288.036583,1821.051038,1024.66,43613,1.62E-10,0.075986335,-7.77E-12
2780,2406.726318,21075.18225,865.2660734,1941.932051,8950.189053,159.1923577,13.62869571,2347.20603,3812.462889,1794.193035,1024.09,44390,1.76E-10,0.068750486,-5.15E-12
2781,2544.684717,19431.5227,844.3644404,1427.778598,9635.260357,172.4585496,0.032593199,2184.983971,3926.05797,1899.153235,1023.76,43090,1.16E-10,0.057129722,-5.46E-12
2782,2527.90554,16409.70254,692.669097,514.5007107,9971.77008,177.5955454,0.037242211,1783.345916,3595.544457,1969.362135,1023.64,38666,9.51E-11,0.073266361,6.62E-12
2783,2397.874039,14048.94305,551.3959522,382.235732,9596.807967,171.6472655,0.032085721,1095.575506,2486.604631,1886.327525,1023.64,33641,1.16E-10,0.083755693,5.36E-12
2784,2173.967347,13043.29847,455.4903476,298.8394279,8550.489471,152.1256215,0.017059076,1000.628159,2168.441975,1711.132232,1023.67,30578,2.28E-10,0.100105744,-1.85E-12
2785,2139.907464,13333.26445,404.5629212,291.2639224,8467.726001,149.5566516,0.015972534,894.3257411,1830.602364,1686.051638,1023.83,30221,2.48E-10,0.107124548,9.03E-13
2786,2090.801105,13155.13782,476.6711176,281.1923531,8611.118298,153.1381382,0.017964393,859.7121945,1691.267804,1722.39739,1023.66,30065,2.08E-10,0.114181093,-2.12E-13
2787,1937.814613,13420.95437,952.1518392,313.7782616,8974.732823,159.9472839,1.185002526,102.5034763,937.8792132,1749.150943,1020.01,29570,1.96E-10,0.107824617,3.72E-12
2788,1935.413001,13385.24313,1422.988045,355.2309751,8523.040421,151.1760174,2.249717186,542.5503717,1306.16654,1471.886962,575.14,29671,2.62E-10,0.085180997,-1.59E-12
2789,1812.491644,15067.14065,1972.998267,452.9238318,7711.112956,137.3699508,138.7238399,389.4875951,990.4805288,1533.735954,1018.6,31225,2.76E-09,0.065212415,-2.43E-13
2790,1841.550382,19632.19117,2360.793441,1062.172544,7745.184542,136.8180304,535.4707758,373.1067365,870.2172252,1527.640786,1023.92,37109,3.57E-09,0.065628523,5.47E-12
2791,2286.368381,23725.06991,2940.397573,1454.676095,8550.46562,151.8417359,1019.002241,445.4613486,1272.72835,1697.010877,1024.03,44567,2.86E-10,0.052131093,-1.52E-12
2792,2291.678783,23937.69987,3267.504104,2062.797827,8673.612331,151.6173325,1982.772448,496.7291038,1354.933418,1742.641564,1024.06,46986,2.25E-10,0.046785243,1.68E-12
2793,2285.326491,24049.3321,3454.437619,1542.73422,8750.814244,152.8623429,2563.237406,629.0862258,1452.172661,1740.657904,1024.38,47645,2.28E-10,0.0412094,-5.56E-12
2794,2205.81368,23623.89363,3421.47525,1302.940109,8639.288623,152.1567761,3128.103601,659.739212,1483.438219,1717.736547,1024.46,47359,2.53E-10,0.045645249,-2.48E-12
2795,2180.685695,23180.17106,3363.330476,920.510478,8541.722599,152.8340552,3432.364929,963.1231347,1676.690686,1696.293334,1024.32,47132,2.73E-10,0.046443983,-1.93E-12
2796,2205.217244,22953.38789,2977.773821,972.9055994,8537.914397,150.9080185,3257.69582,1121.840585,1821.798759,1702.148669,1024.46,46726,2.65E-10,0.050799824,1.86E-12
2797,2329.804884,22277.5913,3017.884299,922.4364097,8741.815045,155.5434862,2795.62667,1423.720316,2148.404377,1731.663354,1024.56,46569,2.35E-10,0.05013783,4.61E-12
2798,2339.309254,21735.16453,2563.772758,976.4626945,8697.636875,153.3483918,2842.850878,1570.670077,2374.335049,1736.518586,1022.88,45990,2.35E-10,22.9490882,6.97E-12
2799,2319.516856,22570.58592,2285.331075,978.0164323,8563.787401,149.6511838,2236.951935,1491.651548,2397.805191,1708.54735,713.21,45415,2.70E-10,0.05489474,5.41E-12
2800,2396.61643,23740.90988,2547.55709,1244.849188,8678.218869,151.8446188,1634.593126,1293.250165,2423.034395,1696.93679,726.25,46534,2.88E-10,0.060551573,-2.34E-13
2801,2516.223706,23733.45815,2581.53974,1720.048726,8929.452726,156.5228048,979.0992271,1217.657737,2440.677971,1771.81942,1021.56,47068,2.01E-10,0.060207341,-7.93E-13
2802,2666.350954,24269.56482,2517.172028,1789.914732,9512.208238,167.1632462,304.0003808,732.9124162,1880.036221,1907.875822,1023.84,46771,1.30E-10,0.038861069,5.60E-12
2803,2612.313158,23880.21387,2487.222144,1228.918856,9322.487454,162.7031726,19.40651623,1368.731522,2023.353721,1884.893712,1023.81,46014,1.34E-10,0.054126405,-4.16E-12
2804,2585.761576,23620.77643,2142.075216,1224.000821,9505.333318,166.9271612,7.325194612,1387.555104,1953.502341,1836.217684,1023.59,45453,1.53E-10,0.064844828,1.77E-11
2805,2702.537923,21443.30245,1732.178367,980.3013603,10149.21707,178.692554,0.03828031,1185.890666,2107.026421,1904.500524,923.37,43307,9.29E-11,0.055622588,1.06E-11
2806,2662.947533,18065.82706,719.330267,465.8073748,10268.74268,181.8134301,0.039729031,1636.176744,2085.80445,1928.078574,923.51,38938,8.62E-11,0.077842932,-3.36E-13
2807,2515.000847,14747.71619,498.5013452,385.1494047,9807.787934,173.022519,0.033145238,1700.901254,1923.290799,1831.048473,923.64,34506,1.06E-10,0.091909688,8.46E-12
2808,2331.625586,13255.16701,329.1778333,332.9310719,8969.4262,157.7087249,0.021363705,1685.305431,1593.328067,1719.672116,923.74,31298,1.51E-10,0.103408273,5.13E-13
2809,2298.041,12917.02837,334.8545121,306.7914928,8844.839221,155.1867057,0.019449194,1684.293197,1434.730357,1688.761482,923.56,30588,1.60E-10,0.105781335,2.03E-12
2810,2352.59105,12361.35003,340.2719907,325.0686243,9052.876275,159.0985468,0.022487285,1554.688229,1473.126773,1713.347668,922.66,30255,1.47E-10,0.101677584,1.08E-12
2811,2385.440046,12653.51314,371.1996028,339.4265641,9500.027517,168.2802163,0.230124792,89.8915589,1094.720262,1783.863576,922.5,29309,1.26E-10,0.092607219,1.60E-12
2812,2238.078516,12378.87418,371.2396294,356.1721682,9023.991291,158.0465364,2.374835786,737.0028998,1129.080481,1692.418145,922.81,29010,1.72E-10,0.088682287,-2.03E-12
2813,2254.968898,12437.90093,368.4681095,435.24561,8515.826417,148.9440981,145.6831443,1311.213121,1139.510637,1633.156091,973.17,29364,3.06E-10,0.087054889,8.87E-12
2814,2183.328353,14027.4607,886.2121198,639.3266826,8165.247604,142.9004307,669.1873605,1284.667859,1025.155348,1637.762245,1023.84,31685,4.30E-10,0.088698361,5.17E-12
2815,2193.832237,16308.54713,1843.016039,1070.675703,8094.88658,139.2426556,1102.307406,1228.744945,1068.280853,1636.188602,1074.37,35760,4.39E-10,0.092152704,-2.76E-12
2816,2236.356489,17959.93029,2277.762414,1100.120628,8274.607403,144.1003783,2166.939336,1428.604362,1208.475102,1676.549513,1074.64,39548,3.22E-10,0.085917029,-1.34E-11
2817,2174.450723,18393.58873,2363.513957,1526.198484,8413.181641,146.5564162,2730.6808,1527.02337,1390.115253,1715.219872,1074.55,41455,2.59E-10,0.07924784,-1.09E-11
2818,1584.788607,18712.49288,2629.328279,1429.399038,8452.552308,147.3109289,3150.642564,1492.681421,1471.688376,1689.608924,1074.58,41835,2.94E-10,0.073326752,-4.42E-12
2819,1562.862844,18460.84728,2597.622129,1356.363426,8360.042413,146.9985118,3301.817454,1432.514821,1530.995265,1743.482723,1024.52,41518,2.21E-10,0.066871355,2.29E-12
2820,1579.989088,18459.37084,2344.278285,1076.456326,8462.91395,147.681831,3371.40222,1387.010354,1594.440717,1735.477512,1024.04,41183,2.29E-10,0.061120223,2.52E-12
2821,1583.315451,17874.45232,2278.958709,763.2066938,8456.283243,147.8032508,3238.258595,1375.505464,1626.134661,1734.941011,1024.2,40103,2.31E-10,0.059398862,6.35E-12
2822,1594.303098,17420.35248,2210.260424,753.7926765,8399.453269,146.4806939,2921.433999,1319.846024,1748.089759,1696.182381,1024.6,39199,2.88E-10,35.79480262,4.48E-12
2823,1540.933213,17916.19206,2208.943099,791.3866843,8281.231109,143.7217137,2460.20767,1274.020871,1695.661874,1652.011601,1074.76,39039,3.86E-10,0.069896925,2.94E-12
2824,1572.310081,19001.64772,2217.560735,1389.267206,8308.22553,144.623612,1719.830276,1386.365042,1715.407248,1633.106028,1074.74,40163,4.51E-10,0.08347372,1.95E-12
2825,1725.066151,20079.27655,2103.85797,2097.696816,8685.315132,150.387967,996.2579137,1462.554293,1844.568221,1713.284571,1074.82,41933,2.64E-10,0.085584033,-4.02E-12
2826,1942.673544,22241.32711,2195.638603,1605.832066,9523.865591,166.5391955,346.7249873,290.6629065,1450.104178,1933.142975,1074.56,42771,1.23E-10,0.071156385,9.18E-12
2827,1851.790199,21341.01184,2190.603213,1243.014807,9212.56035,160.8326354,20.12893453,1912.892027,1731.31459,1879.746534,1024.19,42568,1.36E-10,0.085125882,-7.64E-12
2828,1937.287084,20872.77374,2041.438417,1124.850187,9216.210197,155.8287046,27.15376915,2032.693254,1696.580854,1837.434018,1023.84,41966,1.52E-10,0.090223344,1.98E-11
2829,2391.239122,19102.46484,1691.758789,964.5779575,9788.368664,172.2221094,0.032407319,1989.924418,1894.469738,1896.182041,1023.85,40915,1.20E-10,0.090087638,-2.56E-12
2830,2552.543561,17117.99893,330.0138681,462.7516611,10281.65449,181.5832996,0.039333826,2061.501727,2028.479611,1463.414284,998.11,37478,9.07E-11,0.090763294,4.66E-12
2831,2384.149999,14483.015,107.5952941,415.9701089,9767.809777,171.6606066,0.032095999,2020.622765,1881.288034,1306.023678,948.94,33487,1.17E-10,0.107362851,-3.70E-12
2832,2214.00528,13225.85275,102.824421,374.2209588,8932.829771,156.511455,0.020440598,1800.139929,1561.7485,1214.445385,948.52,30531,1.62E-10,0.118893228,-3.65E-12
2833,2210.91349,12899.32773,102.8173731,313.4159989,8903.074011,155.8977184,0.019998238,1887.86812,1547.093299,1206.712919,922.98,30150,1.44E-10,0.120661388,3.63E-12
2834,2319.22962,11934.48898,100.9817669,279.896246,9028.116971,158.1333374,0.021741374,2074.321023,1631.884059,1221.448084,922.59,29671,1.37E-10,0.111826922,1.55E-12
2835,2345.373459,11364.01731,106.7590697,285.0450215,9135.133307,161.3081026,0.186942807,1756.873972,1430.735549,1226.029159,922.65,28734,1.43E-10,0.111891056,6.50E-13
2836,2302.15061,10734.76755,109.1593048,304.4776573,8887.764988,155.2751155,1.337796355,1867.364236,1451.115049,1206.59894,923.1,27943,1.56E-10,0.111247019,1.03E-12
2837,2247.395531,10534.34473,113.7403812,340.9061039,8583.237141,149.8419948,151.603114,1997.711023,1450.308021,1182.446566,948.57,27700,2.03E-10,0.104609114,-5.93E-12
2838,2100.838131,10845.67593,602.3979311,386.0927293,8165.755302,140.5036971,714.0217305,2180.844477,1359.05975,1142.691935,973.21,28611,2.75E-10,0.091609797,6.10E-12
2839,2029.810398,12496.27519,724.1928918,748.8682934,8096.245941,135.0172777,1247.22426,2136.683666,1568.925128,1161.247044,1023.6,31368,3.42E-10,0.090087506,-4.81E-13
2840,2108.622925,13950.77288,1108.016013,1062.858076,8077.845319,127.4362052,2155.765891,2040.847756,1626.020326,1135.852315,1024.06,34418,3.83E-10,0.097707224,-5.11E-12
2841,2211.145661,15869.37474,1191.417384,1072.497756,8385.473441,118.2661657,2876.418191,1311.376121,1763.499828,1198.483722,1024.14,37022,2.64E-10,0.093012368,6.39E-12
2842,2125.779169,16224.22224,1212.553737,1064.942423,8174.828149,116.0034999,3231.78735,2341.704519,1969.22603,1103.945281,1024.1,38589,5.38E-10,0.092396812,6.53E-13
2843,2142.342515,16407.70047,1225.829527,913.5666484,8253.735003,111.5832575,3425.372213,2421.012985,2253.583695,1199.422341,1023.94,39378,2.73E-10,0.088650362,-2.08E-13
2844,2154.295686,16402.38398,1240.589655,963.2313139,8337.53615,118.1054077,3176.564197,2417.522618,2365.965579,1247.166351,1023.72,39447,2.09E-10,0.080938765,-7.62E-12
2845,2147.536988,16037.0779,1240.825404,851.2441354,8327.453506,118.9651527,3156.513889,2491.533568,2343.216444,1240.93826,1023.77,38979,2.16E-10,0.075251781,3.93E-12
2846,2170.795477,16499.95301,1241.250412,802.9241409,8390.217916,118.8757273,2389.318256,2429.324404,2509.536831,1223.738633,1023.53,38768,2.40E-10,31.46480905,-2.07E-12
2847,2176.691384,17095.14161,1244.252731,814.051331,8374.252102,118.8091385,1937.977636,2586.734316,2516.417145,1225.20757,1023.54,39113,2.37E-10,0.074968553,-1.07E-11
2848,2221.949305,17779.7996,1255.529459,1578.653606,8451.924135,120.5675927,1485.946792,2738.942282,2589.416793,1177.750063,1023.6,40424,3.02E-10,0.079625934,1.18E-11
2849,2309.117553,18474.47697,1222.303536,1808.780966,8760.981341,125.0210991,958.8611765,2987.989046,2768.551881,1706.49608,1023.49,42146,2.70E-10,0.069645171,1.10E-11
2850,2499.911166,19520.1622,1298.299508,1786.102783,9541.352262,135.7025452,412.7844991,1745.576103,2461.058295,1935.633924,1023.47,42360,1.22E-10,0.053290805,4.22E-12
2851,2417.672785,18479.12018,1343.140184,1406.331846,9293.891829,135.45157,29.62000463,3423.908215,2678.289183,1908.083125,1023.55,42139,1.26E-10,0.058926318,-1.11E-11
2852,2427.825926,17960.65831,1343.75084,1365.658326,9319.087053,135.8713352,42.15152505,3453.781264,2725.745036,1846.304645,1023.22,41644,1.49E-10,0.054258488,4.20E-12
2853,2578.444046,15997.8008,1421.837559,942.4779344,9945.928329,145.7731855,0.034328399,3506.085878,3007.36089,1784.661804,872.64,40203,1.08E-10,0.044751369,-2.53E-12
2854,2653.38095,13255.45847,636.5480779,487.9106004,10905.48775,163.4042742,0.047977978,2296.539959,2936.703562,1936.669163,822.87,36095,6.78E-11,0.020793537,-1.27E-12
2855,2366.377261,9714.17635,435.7891212,398.1661522,9433.823913,138.0462874,0.02757379,3375.907842,2717.590029,1675.512847,822.61,31078,1.17E-10,0.027375044,1.97E-12
2856,2139.895556,8250.474397,465.4258866,329.7856502,8696.885241,124.6671422,0.017060742,3252.140297,2536.565776,1579.472343,822.72,28198,1.65E-10,0.049348922,-1.00E-11
2857,2299.445929,8919.881201,481.2107444,344.1440937,9226.946184,135.0478332,0.024466378,1988.693537,2452.981042,1655.996362,822.69,28327,1.21E-10,0.061393645,-1.79E-12
2858,2169.811236,8257.545978,385.8914849,331.5467853,8790.811295,127.2477162,0.018334161,3294.24793,2689.538857,1563.490814,821.91,28432,1.67E-10,0.060430319,-5.15E-12
2859,2404.229472,9635.327765,370.5360224,373.1365366,10030.67224,149.2056351,0.248968879,230.6231186,1943.374846,1812.544999,921.16,27871,1.10E-10,0.059604095,-7.43E-13
2860,2336.398069,9764.864405,419.120504,368.2303766,9573.489677,138.4270566,1.468515198,393.360997,2057.989424,1840.018804,1022.71,27916,1.39E-10,0.07782856,8.13E-12
2861,2040.117354,9405.961444,1189.977196,345.8737545,7935.764297,110.0820785,170.9834681,3066.469561,2651.421177,1557.657283,932.79,29407,1.17E-09,0.097613188,-2.90E-12
2862,1972.678885,13988.99512,1877.941248,940.0675396,7618.675396,106.7882497,723.0935213,3120.547372,2640.21668,1505,1022.11,35516,0.001582713,0.112433509,-3.51E-12
2863,2205.51154,18274.12767,2038.881748,1250.543796,8509.460146,120.7284459,1689.552666,3411.045884,3232.408377,1680.025363,750.82,43163,3.04E-10,0.105632108,7.76E-13
2864,2238.306498,18533.59954,2115.373435,1332.133634,8599.564257,122.8727815,2779.607273,3339.445494,3573.359938,1724.071161,831.76,45190,2.34E-10,0.094014245,-6.50E-13
2865,2274.64439,19065.20041,2069.879459,937.9260372,8735.530052,125.0964365,4027.224868,1822.47729,3261.035181,1745.354836,1066.72,45131,2.14E-10,0.088954804,-1.06E-11
2866,2274.590558,19301.73567,1850.119543,825.9209794,8902.419936,126.9395573,5403.513273,387.8234604,2800.738019,1763.667211,1074.61,44712,1.97E-10,0.07820695,2.04E-12
2867,2171.171689,17601.75299,1732.921491,763.6634191,8415.363351,119.9212756,5623.319191,1816.892421,3142.918375,1686.5585,1024.6,44099,2.84E-10,0.082698752,-1.62E-12
2868,2046.154653,16272.14972,1464.204655,765.6240176,7994.692261,111.9150732,5295.092881,3259.509799,3458.433937,1620.638805,1023.67,43312,4.60E-10,0.085803001,4.25E-12
2869,2094.834018,15919.76641,1328.549734,682.3706074,8093.861286,112.5204609,4718.208792,3501.310541,3328.73382,1657.573041,1013.36,42451,3.44E-10,0.088709117,2.38E-12
2870,2188.931326,16313.7574,1362.499538,737.2266066,8446.131513,120.5734554,4963.68017,2039.538872,3010.370064,1677.520514,1023.74,41850,3.09E-10,33.96946025,3.34E-12
2871,2050.703297,16343.93374,1699.023172,683.9598284,7837.776901,109.0862602,3877.394043,3576.308128,3116.124014,1573.78229,1074,41942,8.74E-10,0.091670722,5.72E-12
2872,2161.329335,17609.43918,1978.656698,1341.631495,8219.922733,116.3668034,3048.303718,3622.619816,3064.52987,1615.301165,1074,43852,5.09E-10,0.100813428,7.70E-12
2873,2207.63739,19021.2414,2052.019102,1750.861376,8549.867856,121.9886174,1904.357719,3586.13983,2988.217873,1701.772885,1075,44959,2.77E-10,0.104045972,-8.70E-12
2874,2503.698005,22653.74639,2132.426093,1545.266185,9840.636496,142.9916919,839.7948741,450.3865314,2396.43603,1992.685138,1074,45572,1.07E-10,0.067435253,-4.52E-12
2875,2348.014099,21115.67023,2012.7038,1436.927728,9256.532519,132.0022014,64.22315553,3726.151407,2774.731396,1905.601634,1024.53,45797,1.31E-10,0.088166948,2.66E-12
2876,2402.066066,21066.99409,2114.392024,1681.671086,9280.324193,132.4656378,9.858644519,3627.213664,2521.403453,1855.682612,1024,45716,1.49E-10,0.071473276,9.88E-12
2877,2638.218038,19444.7668,1603.992734,1003.764876,10104.18481,146.3481354,0.03641062,3819.803435,2784.130208,1999.794548,1023,44568,9.65E-11,0.039994188,-2.53E-12
2878,2664.460057,15083.51992,1075.510823,402.0739549,10610.45621,157.5806759,0.043420321,3870.956777,2891.796967,1993.638338,923,39673,7.53E-11,0.037148027,7.22E-13
2879,2176.083719,10343.88421,959.4991216,350.7614142,8987.756624,130.1406618,0.020996516,3502.205976,2332.397864,1681.649087,923,31387.35,1.64E-10,0.049675622,-1.83E-12
2880,2249.211853,10062.49053,958.6318989,278.3507014,8932.822174,128.0931716,0.020187588,3527.083882,2409.494892,1732.757034,923,31201.91,1.37E-10,0.046324492,1.76E-12
2881,2341.46634,10672.25777,974.930436,277.6493302,9548.965466,138.5495497,1.027795294,2199.782025,2345.353493,1771.900508,923,31194.85,1.15E-10,0.032713983,-2.81E-12
2882,2239.024442,9948.519563,922.8247284,261.4910038,8835.901245,126.381005,1.018020133,3319.750205,2349.392412,1704.975585,948,30657.24,1.56E-10,0.038209163,3.24E-12
2883,2545.814795,11741.89424,920.5266588,306.425398,10323.27097,151.1041363,2.340511829,235.947486,1851.431212,1971.755027,948,30998.49,8.30E-11,0.020437668,-5.13E-12
2884,2511.122144,11704.05289,1185.857196,308.3763598,9941.355322,142.6103859,8.729095957,1153.842493,2409.820036,1963.765352,1023,32352.5,1.01E-10,0.031277085,-2.82E-12
2885,2469.973631,13392.29795,2077.225246,582.8782558,9480.576977,134.7577544,608.9059136,2932.242665,3016.427191,1871.137841,1024,37590.39,1.37E-10,0.033429232,-1.06E-12
2886,2413.280091,17099.88931,2114.668307,1116.288035,9196.221284,126.7303853,2052.223039,2813.542886,3162.885933,1794.694269,974,42864.38,1.76E-10,0.043541175,-1.07E-11
2887,2237.25186,17130.34157,2024.949024,1663.36293,8641.809528,115.0873895,3293.091283,2414.640323,3175.229429,1682.989411,871,43249.7,3.00E-10,0.05275199,9.97E-13
2888,1954.325929,15242.85935,1709.331498,935.0469734,8014.345233,99.69459943,5139.980068,1987.771071,3854.761105,1567.107923,932,41437.16,9.73E-10,0.063749365,-9.35E-12
2889,2090.209533,13358.23857,1504.200608,792.7712866,8225.805242,104.9688367,6565.295511,1076.430984,3612.497066,1630.17996,214.64,39175.18,4.44E-10,0.057597381,-5.23E-13
2890,2189.205708,13839.01495,1019.809139,841.8011792,8232.000679,94.2687176,7393.563561,270.2859663,2782.662888,1764.468126,7.81E-11,37801.63,1.98E-10,625.4509169,3.87E-12
2891,1908,12180,924,756,7014,63,6870,1775,6272,1541.596336,6.19E-11,38741.56617,1.92E-09,562.0301648,-3.75E-12
2892,1845,11726,901,735,7021,63,6400,2098,6184,1508.285855,7.10E-11,38272.61824,3.38E-07,208.6676172,3.04E-12
2893,1798,11314,893,649,7023,63,5522,2190,6344,1507,496,37798.95372,0.001222138,0.045058243,-2.30E-12
2894,1838.29255,10977.16281,926.317931,708.337071,7148.134046,84.11759511,4662.369854,2383.045895,6509.673564,1515.18498,768,37502.14,1.25E-08,18.49629133,-7.13E-12
2895,2025.831506,12593.81138,983.3793597,725.712508,7611.333394,88.92039811,3867.752428,3062.73798,6736.1854,1512.429641,1022,40230.06,1.78E-08,0.033997376,5.86E-12
2896,2391.651476,16063.18112,1082.1293,923.4273785,8495.166456,85.50410777,3006.709556,1985.573663,5646.739662,1709.497533,1024,42413.55,2.56E-10,0.030252934,-1.34E-12
2897,2495.479895,17313.91078,1140.016001,1067.972476,8841.762337,91.35822678,1844.145868,2240.651734,5628.090094,1826.582384,999,43488.94,1.65E-10,0.029796201,-1.33E-12
2898,2596.004603,18315.9883,1214.380337,1167.874565,9185.170428,97.36683586,824.6380525,2137.970184,5280.168267,1938.102655,976,43733.64,1.21E-10,0.024223779,3.05E-12
2899,2782.422777,19570.95107,1291.802044,1268.773615,10060.18243,111.1827942,212.2012015,1067.030088,3904.512408,2150.326806,923,43342.37,8.07E-11,0.015234503,5.26E-12
2900,2715.667073,18265.62978,1282.585886,1216.579767,9912.901984,108.6882252,29.40676252,1016.355518,3844.4723,2072.912853,973,41438.17,9.12E-11,0.030146987,7.39E-12
2901,2517.623985,12493.2797,966.6628081,797.2559758,9199.201503,97.4644665,0.029943064,2448.411354,5371.007314,1632.287534,774,36297.18,1.27E-10,0.044579273,5.64E-12
2902,2197.62474,8935.632551,368.7618648,344.1954772,8888.443787,92.93805794,0.025653863,2277.73124,5009.828246,1593.517599,774,30482.65,1.33E-10,0.04921737,3.09E-12
2903,2368.906857,7380.035551,388.7778804,366.242866,9810.096084,108.2461666,0.03840931,956.4816296,3636.500433,1679.587892,725,27419.88,9.30E-11,0.033769331,-3.97E-12
2904,2292.115475,7111.928178,402.3479952,354.1844509,9959.144695,110.5664063,0.040447625,1030.338231,3660.249543,1500.871603,724,27145.76,8.62E-11,0.027024486,2.52E-12
2905,2182.547439,6761.147715,378.7521774,333.9616768,9524.314247,103.4245732,0.034374637,1772.080129,4772.020786,905.1120201,724,27457.36,9.69E-11,0.035138284,4.04E-12
2906,2255.03471,7069.196645,466.3503271,347.2994792,9904.869589,109.5672747,0.039631723,1024.489582,3564.693857,1512.376226,724,26977.89,8.75E-11,0.027321049,-3.97E-12
2907,2322.657813,7583.493896,452.6574749,367.8665541,10262.57884,115.5484826,0.312257536,268.4088337,3142.55269,1808.166476,823,27147.21,8.97E-11,0.033322443,2.22E-12
2908,2516.931078,8750.74076,514.3447865,381.9059179,10009.40658,110.449479,17.52530905,562.4412029,3271.97235,1984.492276,643,28763.18,8.86E-11,0.029744139,1.71E-12
2909,2787.290056,12482.34428,715.6838977,499.7268378,10323.87839,115.2389983,196.8325059,1070.395293,3669.369105,2118.907709,1020,34999.66,8.17E-11,0.007073297,-2.36E-12
2910,2501.244379,15769.76422,1408.890582,1021.301122,9019.229416,94.8870278,597.5225769,4102.197504,5289.397446,1860.124722,1024,42688.53,1.44E-10,0.028992218,5.58E-13
2911,2756.713994,19677.20901,2070.714688,1337.5454,9698.843278,104.8264443,1402.192182,894.9967541,3788.56276,1999.263687,1024,44754.85,1.03E-10,0.018196294,-3.72E-12
2912,2699.16249,19423.83594,1788.029474,1480.721857,9517.965684,101.142135,2494.380785,767.6914199,3913.647808,1971.838327,1024,45182.4,1.08E-10,0.015921284,-1.34E-12
2913,2384.800363,17238.40209,1449.596578,1038.98592,8602.268851,86.86263297,3477.51502,2309.489792,5119.933207,1756.102883,1024,44487.93,2.07E-10,0.02733813,-3.36E-12
2914,2322.721363,15727.47177,1711.262517,950.0019321,8268.560043,81.97022973,4810.589013,2098.325702,4862.104394,1682.059747,1024,43526.47,3.03E-10,12.59670645,7.98E-12
2915,2456.173452,15879.47855,1591.34099,901.9381813,8585.556564,86.92724777,6063.984587,548.6858246,3606.040679,1773.611016,1024,42511.09,1.92E-10,6.647091923,-7.37E-14
2916,2101.891578,12350.45442,1167.389325,645.3261349,7127.211065,65.13627632,5732.054229,3231.419236,5745.801062,1509.259727,1024,40693.17,6.13E-08,6.773056819,-2.50E-12
2917,2015.975957,11639.26642,1125.928273,568.5800653,7121.468169,64.78766852,5365.992918,3329.183645,5532.580504,1506,1024,39293.73,0.001007543,0.032607989,-8.73E-12
2918,1926.60534,11034.53427,1200.358328,620.9809209,7163.743116,65.57623968,5661.175333,3214.089427,5464.760296,1506,1024,38866.1,3.84E-05,15.72322849,-5.60E-12
2919,2021.708779,12689.23465,1213.276913,660.3523688,7409.79698,68.7758643,4870.546955,3034.197032,5827.522682,1551.3761,1024,40370.75,1.45E-09,0.038320102,2.50E-12
2920,2219.033541,15696.78994,1415.979258,907.9362435,8391.253572,82.58015988,3976.884791,1861.78956,4812.405929,1750.776896,1024,42139.4,2.13E-10,0.029887747,2.31E-12
2921,2182.297481,16568.72787,1330.085133,1198.995464,8082.852869,78.3364435,2331.194492,2324.534925,6240.72546,1680.020822,1024,43041.73,3.20E-10,0.0409624,5.55E-13
2922,2467.414795,19623.48214,1679.284716,1403.484235,8944.859719,90.86857082,922.2062237,1179.749168,4217.542558,1925.396742,1024,43478.27,1.26E-10,0.018862829,3.54E-12
2923,2407.249843,18984.24679,1847.654651,1403.074835,8611.232306,85.55586953,65.89703743,2259.077661,4878.986572,1855.899997,1022,43420.84,1.51E-10,0.035558798,-1.01E-11
2924,2392.003661,19000.14022,1781.763353,1731.653744,8567.132439,84.60320911,7.871058459,2187.491906,4375.23638,1790.120408,726,42643.98,1.87E-10,0.03637328,-4.56E-12
2925,2365.926644,16971.9391,1218.595765,467.5121218,8466.684595,83.25341028,0.018649549,2005.904201,4336.006082,1669.340056,971,38556.14,2.33E-10,0.040629851,-6.25E-13
2926,2288.643702,13064.03453,483.0753908,420.1632066,8382.227098,82.28147503,0.017512693,2255.769339,4032.926722,1578.287556,875,33462.38,2.06E-10,0.046535307,6.47E-12
2927,2271.500756,10532.23924,196.2375721,468.5476623,8287.307537,100.8519519,0.015784219,2162.151317,3720.340348,1529.829557,874,30142.97,2.64E-10,0.051721804,-5.49E-12
2928,2589.59086,11643.96663,84.92841924,382.1242234,9544.672789,140.6912915,0.032803561,718.1871746,2332.629773,1758.92333,874,30069.71,1.09E-10,0.037293606,-4.63E-12
2929,2217.422438,10630.8707,43.0202058,336.9249562,8417.533652,122.4148533,1.033794349,2013.496402,3917.236034,1560.264351,874.77,30134.93,2.02E-10,0.057384963,-6.23E-12
2930,2151.130657,11289.75566,59.52804498,351.239615,8898.081866,129.6114469,2.069542109,1277.583845,2978.174808,1678.862634,923.44,29739.43,1.60E-10,0.048116948,2.69E-12
2931,2394.118733,12275.91872,90.8312346,384.2984582,9526.329975,139.4465875,2.221848794,153.3375951,1931.732892,1835.088583,973,29706.28,1.23E-10,0.0446311,-2.19E-12
2932,2425.662566,13439.88,218.7054,381.7945623,9376.013593,135.8232312,27.78133194,315.4598257,1963.341712,1900.182668,1024,31208.6,1.22E-10,0.044887628,3.00E-12
2933,2473.988398,16382.81151,1261.786527,449.1312554,9298.813132,134.5570941,584.4628482,992.7203199,2743.125403,1907.467257,975,37203.83,1.26E-10,0.033742038,-4.68E-13
2934,2383.09914,19264.91843,2098.872156,1327.942898,8742.385283,125.9536461,1709.009092,1198.803303,3210.10522,1764.644357,1023.89,42849.58,1.99E-10,0.043521341,-4.02E-12
2935,2286.186845,19194.68449,2059.074583,1554.176378,8227.339702,117.7299467,2896.142536,1015.011201,3364.190555,1656.310228,843,43213.8,3.59E-10,0.046469732,-2.60E-12
2936,2071.306752,18272.51107,1770.14001,1355.79854,7954.285875,114.4176515,4812.558203,549.7914937,2617.434616,1628.823907,892.47,42039.49,4.49E-10,0.048120063,-1.59E-12
2937,1991.673894,15736.61734,1492.676569,830.7824845,7337.017075,106.2106609,5981.754754,775.6674804,3368.925344,1506,805,39932.28,0.000284297,0.045320947,-2.41E-12
2938,2054.175527,15596.29682,1136.644485,748.8745562,7377.37338,106.7772846,6918.573253,420.3623946,2583.901631,1506,804.34,39231.32,0.001101377,21.99822992,-4.76E-13
2939,2027,15097,1084,580,7276,103,6725,865,3924,1506,805,39968.95219,0.003141176,23.0446719,4.68E-12
2940,1887,13939,1086,611,7278,103,6605,986,4226,1506,805.35,39023.79096,0.004336368,8.554705491,-6.29E-12
2941,1770,12930,1043,568,7281,103,5816,1101,4793,1506,1023.1,37934.05277,0.004564461,0.042661268,2.80E-12
2942,1583.81033,13332.69289,1045.649535,604.3388916,7528.209064,106.6469683,5147.301041,1204.584877,4811.70585,1520.463399,1024.88,37890.59,6.31E-09,19.69284506,1.32E-11
2943,1874.882962,16263.29288,989.7495812,761.7030665,7929.603673,112.3156474,3949.487738,1338.212823,5084.331508,1618.421195,1025.23,40947.19,5.07E-10,0.041074227,1.24E-12
2944,2261.486222,18646.0558,1066.966015,1060.283219,8296.380476,117.6592083,2508.33997,1562.941238,5103.98133,1654.585691,1025.38,43304.02,3.67E-10,0.039174947,2.51E-12
2945,2360.665591,19797.02034,1081.696415,1252.822966,8612.15393,122.2490342,1210.949415,1850.993381,5284.84348,1732.203915,1025,44330.56,2.40E-10,0.038471413,-6.64E-12
2946,2424.400537,20392.83201,1209.958133,1480.381684,8836.525615,125.6269597,385.0600741,1699.101331,4908.730719,1823.827665,1025,44311.41,1.68E-10,0.034730383,4.46E-12
2947,2445.74381,20538.19948,1262.920042,1395.449116,8918.466282,126.7930613,29.9646154,2164.766406,4558.71637,1838.951422,885,44164.93,1.60E-10,0.040608766,-9.17E-12
2948,2411.119668,20356.55556,1175.53001,1151.851537,8787.293173,124.7999922,4.927427525,2260.282335,4135.936954,1756.668602,649,42813.92,2.15E-10,0.045255803,7.27E-13
2949,2286.624219,17507.79951,692.3181036,556.4766113,8587.180248,121.8850803,0.017832937,2074.961689,3684.747093,1642.268804,971,38125.24,2.75E-10,0.039189743,-1.10E-13
2950,1972.476932,13735.26684,479.9898698,441.9345534,8450.957913,120.1149771,0.015935733,1827.476408,3292.476558,1668.272325,974,32962.95,2.22E-10,0.032309778,-1.53E-12
2951,1803.126234,11454.62558,216.2391686,352.2250607,8401.389078,118.5751644,0.014107939,1869.240029,3265.063545,1643.291557,976,30099.74,2.52E-10,0.04952602,4.39E-12
2952,1757.45837,11618.76438,42.26739828,287.4142526,8637.444012,121.6488482,0.016621077,1807.993398,3022.957398,1670.927314,976,29942.84,2.14E-10,0.051993169,9.46E-13
2953,1710.979602,11745.8115,37.48931413,263.2193911,8550.491319,119.8252042,0.029991452,1860.201118,2953.708479,1646.991835,974,29862.69,2.32E-10,0.057752282,-2.88E-12
2954,1808.084379,11136.79392,36.2124318,269.2073286,8535.669128,119.0960095,0.043075851,1563.38236,2923.440905,1657.358607,974,29023.24,2.31E-10,0.048143353,4.12E-12
2955,1939.645358,11393.50433,46.11671441,285.2270344,8789.6626,121.3649185,1.098120669,1133.005669,2807.999265,1668.284527,877,29062.86,2.27E-10,0.048540692,-3.39E-12
2956,2011.599947,12194.42879,90.57527292,289.8780204,8841.128019,121.4894153,8.129253257,1053.695685,2872.207767,1695.413622,1024,30202.51,2.62E-10,0.03579498,2.87E-12
2957,2447.528898,15689.44824,641.1523296,441.7861159,9799.013838,134.6434452,386.1636937,851.1682885,2585.441291,1883.210274,953,35812.53,1.35E-10,0.026411378,4.45E-12
2958,2376.670917,19618.52211,922.6402027,1059.289486,9247.558213,126.7560721,1372.139967,1136.583653,3261.01964,1769.26888,1102,41992.41,1.96E-10,0.039143462,-1.07E-12
2959,2188.140496,20558.44982,1069.058862,990.3712449,8700.580162,118.366363,2501.141826,962.9204997,2911.874695,1677.318398,1103,42781.18,3.13E-10,0.042363793,-1.27E-12
2960,2186.543607,19611.29726,966.9426088,1066.242163,7737.113207,112.3617966,3891.481939,787.8439404,2774.219053,1611.775085,1025,41770.78,5.32E-10,0.040661629,-6.06E-12
2961,2168.904794,18872.60788,874.5024757,846.3200113,7444.994458,108.9895716,4697.539602,707.9055581,2622.249755,1578.865045,1025,40947.84,8.20E-10,0.039155093,6.98E-13
2962,2149.041252,18485.10598,1025.351568,890.843631,7327.727726,107.3311738,5127.612296,605.9880743,2503.062964,1507,1025,40728.98,0.000405857,25.08426147,-7.82E-14
2963,2117.704348,18096.19166,1018.388124,665.3880637,7206.828298,105.5840794,5182.681533,573.1928187,2797.175811,1506,1101.8,40343.64,0.001800691,27.29293209,-4.26E-12
2964,1836.85011,17433.54724,913.8258195,628.1096486,7212.571503,105.5478838,5104.063167,605.9313045,2866.509729,1507,1102,39306.29,0.000215764,9.666188327,6.08E-12
2965,1807.046257,17011.7061,908.8447647,719.6286214,7223.520959,106.7970533,5074.838837,612.9384046,2777.664617,1528.324065,1025,38796.26,3.54E-09,0.049675699,-1.38E-12
2966,2059.67231,16397.17029,805.2391648,597.2333117,7335.391438,107.4752981,4460.71441,672.0834137,3078.895825,1538.947134,1025,38053.88,2.16E-09,23.94259059,6.87E-12
2967,2071.04038,17643.52288,754.8152854,692.0082916,7591.772177,111.1209589,3940.625404,780.5462777,3403.894761,1607.240988,1025,39621.54,5.72E-10,0.047403965,4.35E-12
2968,2113.919422,19557.00987,768.9066676,906.1561536,7936.762219,115.942398,2926.648329,876.8549685,3381.280951,1654.998063,1025,41263.43,3.68E-10,0.049037718,-1.04E-12
2969,2331.320045,20901.0523,729.1837061,1223.012432,8310.179365,121.2268433,1740.267518,1013.848742,3266.484611,1272.945745,1102.05,42011.52,2.14E-10,0.051307814,2.32E-12
2970,2492.826611,22012.69193,741.8419508,1327.235632,8532.287322,124.2950397,615.2519631,847.6533749,2825.303791,1293.356977,1102,41914.7,1.81E-10,0.044593654,-1.06E-12
2971,2496.481446,22181.45629,740.1776206,1131.280033,8579.602771,124.7402269,49.79754059,1062.343991,2702.325361,1290.924749,1025,41384.08,1.79E-10,0.050031767,-2.63E-13
2972,2406.225482,21810.34604,684.6861697,1312.982126,8555.296162,123.9700878,5.853208906,1054.552769,2556.207047,1351.105607,945,40806.17,1.90E-10,0.054695206,-7.80E-12
2973,2281.629301,19147.51604,391.3191326,866.3940821,8253.838332,119.7355785,0.015803191,996.4522127,2338.296436,2154.383954,974,37523.53,2.19E-10,0.05087518,2.52E-12
2974,2358.591174,15153.77186,81.3185525,382.0775417,8557.929939,124.1105907,0.019896881,1085.123893,2412.894393,2106.156054,923,33184.95,1.68E-10,0.043893028,4.33E-12
2975,2317.350605,12454.52814,51.30506523,567.3634849,8372.981905,121.7845828,0.017409252,1021.757524,2201.92475,2025.540005,923,30057.5,2.35E-10,0.053471725,-1.00E-12
2976,2314.858236,12054.72623,42.08406656,326.5067691,8348.617698,121.4792215,0.016860604,944.4003862,2203.508676,2031.298304,923,29310.44,2.25E-10,0.056446342,-1.05E-12
2977,2226.684185,11379.0032,33.48248589,319.2569348,8180.058596,118.0009181,2.054598428,953.0437307,2504.99065,1902.794979,874,28493.31,2.34E-10,0.06027847,-4.05E-13
2978,2021.273353,10454.58777,30.25064523,324.4240036,8106.352495,116.4447312,1.048889932,955.5574831,2638.106894,1903.506993,873,27424.49,2.44E-10,0.063258888,1.42E-12
2979,1934.887786,9999.438143,36.75911926,325.7839628,8210.562408,117.6082039,2.106048667,729.4825028,2943.772607,1862.2342,873,27035.57,3.25E-10,0.064981242,-2.14E-13
2980,2140.44743,9311.666161,41.70474912,330.9454836,8137.71688,115.0467946,27.03002333,734.5285861,3169.789386,1945.822613,905,26859.63,4.13E-10,0.068106894,6.95E-13
2981,2269.518476,10112.31179,93.86403647,383.7848615,8268.106597,116.6517984,604.7343657,756.7354143,3224.444364,2099.150341,973,28902.24,2.87E-10,0.062045771,-1.47E-12
2982,2182.035928,11330.56663,139.3874161,640.0464036,8236.561038,116.3453417,1878.541248,772.7124162,3404.036392,2112.888667,974,31787.06,2.67E-10,0.061483028,-5.21E-12
2983,2209.382274,11815.28317,104.9939138,1017.044825,7885.763377,111.3039941,3242.135021,655.1781327,3460.959738,2039.596845,974.16,33515.74,4.41E-10,0.061288237,-5.83E-12
2984,2058.626852,10710.86551,2.592037515,960.0433229,7343.602454,103.1978485,5085.771507,590.5340538,3484.086077,1921.878392,974,33235.13,1.16E-08,0.068059298,6.22E-12
2985,1914,9679,7.24E-10,782,7324,103,6690,578,3708,1819,924,33520.92996,0.003784778,0.066256477,-1.27E-12
2986,1828,8775,5.08E-10,742,7336,103,7990,329,2777,1816,922,32583.64674,0.00709702,34.34616577,3.73E-12
2987,1602,8063,3.51E-10,656,7336,103,8560,663,3808,1314,627,32702.97695,0.005932619,29.01712123,-2.72E-12
2988,1676,7767,2.75E-10,574,7346,103,8615,764,3982,714,624.44,32154.50126,0.010547709,10.92819016,4.39E-12
2989,1590,7499,2.67E-10,563,7358,103,8151,845,3950,711,624,31393.93442,0.01112997,0.054452501,-7.45E-12
2990,1703,7606,3.10E-10,638,7360,103,7050,921,3911,1310,626,31227.93539,0.010546062,0.054063727,-2.94E-12
2991,1902,8535,5.88E-10,573,7368,103,5625,954,3837,1911,971,31778.93717,0.004105965,0.058728758,-1.03E-12
2992,2007.327499,10684.62634,36.67886551,796.2903282,7605.307246,106.2591447,4047.873566,1065.111408,3611.535549,2056.567197,1024,33041.52,1.79E-09,0.05714313,3.73E-12
2993,2143.022486,13238.0277,114.0894897,1219.100733,8097.529423,113.1823083,2433.920031,1251.560979,3415.683453,2131.414637,1024,35181.48,5.18E-10,0.051236756,5.84E-13
2994,2240.737105,14850.96241,180.9107525,1307.160721,8493.935241,118.7200561,937.9880095,1208.94413,3197.715123,2257.477912,1024,35818.5,2.25E-10,0.051455677,-1.42E-12
2995,2289.549548,15333.24308,211.6292457,1391.239112,8651.150455,120.996459,87.16470113,1373.516963,3203.634612,2304.942907,1024,35991.01,1.87E-10,0.057088421,-6.62E-12
2996,2294.475526,15991.18973,206.3305032,1813.12499,8665.538676,121.229148,91.62450897,1225.31047,3034.76523,2257.844461,957,36658.37,2.26E-10,0.063241494,5.29E-12
2997,2289.604016,15112.66785,280.939945,1081.389241,8657.802419,121.0509649,0.017491245,1120.440131,2876.084234,2120.489517,954,34614.43,2.24E-10,0.055814196,5.57E-12
2998,2159.39869,12848.87535,327.9249791,453.9073554,8729.256951,122.0229437,0.018397431,1092.638069,2517.018225,1984.362373,845,31080.37,1.55E-10,0.053332996,-5.17E-12
2999,2123.374056,10826.84333,297.0860927,452.2361327,8670.929947,121.4909284,0.017576928,984.4404545,2203.570559,1941.025593,846,28466.97,1.77E-10,0.04466671,-9.22E-13
3000,2122.920203,10334.55411,323.6706144,350.6958833,8725.260017,122.6082669,0.018308373,906.4449107,1881.261398,1956.797697,846,27570.19,1.65E-10,0.041405362,-3.97E-12
3001,2101.611291,10357.81792,389.5417016,326.0297283,8444.568503,118.4365273,2.086398474,723.734496,1495.703789,1898.684176,844,26702.17,1.97E-10,0.044527677,-2.31E-13
3002,2119.129789,10222.078,424.7656566,311.3285888,8353.253373,117.0589984,1.065512574,587.057064,1110.333793,1917.692201,844,26007.72,1.91E-10,0.042974353,-1.35E-12
3003,2132.927574,10200.70695,298.6992483,308.5900539,8345.067762,116.9790631,2.130037797,428.657468,907.6106934,1951.569282,863,25555.89,1.98E-10,0.048134022,-1.86E-12
3004,2107.961046,9985.687803,290.9992882,302.7292321,8320.300785,116.4181124,31.49090138,436.6259091,836.0620823,1968.953721,863,25260.18,1.87E-10,0.048880828,8.25E-14
3005,2108.944031,10078.66847,334.1511769,374.1243764,8162.243558,114.0089437,641.5544324,495.8506781,842.7246081,2013.096374,904,26069.32,2.26E-10,0.046651491,-1.30E-12
3006,2049.10652,10438.25944,363.9015278,380.1212716,8033.421726,112.1626329,1922.621521,499.0242905,866.0000878,1967.678833,907,27539.25,2.87E-10,0.047849426,-4.07E-12
3007,2100.417029,10265.95193,334.4094981,926.6456157,7891.643644,110.0940084,3270.281088,472.440241,928.5529693,1988.419993,926,29214.81,3.30E-10,0.046017792,-5.55E-12
3008,1964.736978,9660.029466,309.9853827,1133.574864,7410.252233,103.1464147,5144.51236,369.4683298,987.0348271,1881.446036,924,29888.14,1.02E-09,0.04689057,1.92E-12
3009,1956,9502,254,984,7407,103,6800,380,1267,1818,924,31394.94983,0.001078624,0.049090274,-5.75E-12
3010,1583,9169,3.80E-10,814,7394,103,8110,406,1598,1712,875,31735.2259,0.007574579,28.76652943,-7.58E-12
3011,1634,8595,2.95E-10,664,7388,103,8760,452,1932,1619,824,31947.56128,0.005272531,23.43344596,-6.13E-12
3012,1565,7861,3.49E-10,594,7392,103,8770,457,2329,223,824,30111.01927,0.004008261,6.976724933,1.46E-12
3013,1570,7880,3.00E-10,563,7400,103,8451,464,2878,711,9.12E-11,29853.94166,0.008197169,166.0501455,-1.34E-12
3014,1878,8088,3.15E-10,574,7390,103,7205,568,3304,1082,8.30E-11,30048.25641,0.009375484,143.734215,-6.22E-12
3015,1947,8892,8.12E-10,594,7395,103,5705,350,2308,2018,226,29537.94471,0.00656166,0.048724523,-1.54E-12
3016,1734.945509,9707.955643,204.8138018,662.55425,7489.453267,104.1230776,3993.600522,668.3984957,3317.561987,2021,1009,30913.35,0.001523197,0.055029541,-3.30E-13
3017,1981.108633,11950.79456,354.738128,1008.684429,8121.57108,112.9562175,2360.654305,776.68151,3216.042547,2158.364591,1101,33142.54,4.33E-10,0.055996068,3.81E-12
3018,2261.718322,14062.11506,556.40239,1104.561278,8562.50181,118.9046853,907.4042697,687.7876435,2782.589332,2296.68442,1101,34441.62,2.02E-10,0.049210474,-4.77E-12
3019,2337.989335,15106.63787,656.6283255,1305.25597,8839.747214,122.7372193,85.41334716,716.5554676,2559.575195,2343.049535,1025,35098.54,1.71E-10,0.04947585,-2.12E-12
3020,2325.089902,15874.62681,638.6828836,1805.32188,8788.948245,121.9834772,102.5107191,605.0679803,2337.62467,2279.049278,1023,35901.85,2.18E-10,0.055848012,-2.60E-12
3021,2201.77938,15292.16163,463.5912772,1287.836134,8789.68389,122.0423649,0.018966499,648.8938484,2096.457072,2229.930418,797,33929.34,2.06E-10,0.054977844,2.82E-12
3022,2245.09147,12930.2568,354.712172,486.6168413,8743.763493,88.9615829,0.018422137,683.3600525,1842.754742,2035.682764,873,30284.17,1.56E-10,0.048340315,2.42E-12
3023,2111.419882,11235.11378,293.2287258,403.7921487,8681.462117,80.22677401,0.017489111,667.1717155,1390.954568,2011.073058,874,27748.41,1.69E-10,0.050258369,-1.53E-12
3024,2083.85804,11092.21341,282.1795304,413.9923428,8606.978178,79.39343715,0.016328125,610.9908552,1035.765307,2002.317304,874,27081.66,1.72E-10,0.044728506,3.46E-12
3025,2153.736103,10967.88206,301.4340472,294.6828587,8484.782669,118.3092206,4.146359662,572.0414014,771.8246646,1954.370648,874,26497.16,1.97E-10,0.050030775,-2.91E-12
3026,2062.634602,10705.84501,341.9809805,270.3589868,8407.892962,117.1435947,2.094651208,569.4127384,637.2052583,1929.072943,873,25916.59,2.32E-10,0.051729658,-1.73E-12
3027,2088.306057,10761.36245,385.3153482,272.5152081,8492.571938,118.3125713,2.160723554,442.6727913,589.6016035,1833.843914,795,25781.61,3.05E-10,0.052604751,-4.31E-12
3028,2124.695735,10735.53444,293.9102171,300.0992962,8450.609109,117.5965744,34.08322757,469.0434756,684.9992031,1828.828667,795,25834.34,3.28E-10,0.059945438,3.67E-12
3029,2069.94787,11258.62995,403.8954787,380.7994152,8368.91396,116.5991438,655.5448992,510.6587657,855.8618303,1931.567559,795,27347.36,4.29E-10,0.058867839,-1.82E-12
3030,1929.541537,12326.04008,319.3002361,394.836768,7977.626327,97.98650162,1894.144384,471.5556664,910.1760806,1971.947549,954.14,29247.22,6.32E-10,0.075133115,1.13E-12
3031,1916.613783,12421.65651,323.4415854,634.7000476,7941.322982,70.22242559,3290.400825,454.4171953,1150.884625,1972.191142,905,31080.78,6.35E-10,0.071121945,2.65E-12
3032,1971.254585,11741.61332,415.8988962,788.9246211,7453.080096,63.76389374,5012.939568,382.2817259,1259.312596,1880.526377,905,31874.52,6.12E-08,0.075675798,2.43E-12
3033,1942,11401,296,697,7402,63,6510,337,1621,1712,875,32855.92458,0.003734067,0.071686366,-1.10E-12
3034,1714,10782,242,638,7401,63,7845,347,1989,1614,820,33412.86137,0.010308709,42.12832228,2.99E-12
3035,1520,10089,312,646,7404,83,8510,371,2328,1416,627.36,33271.19673,0.011250126,35.15201674,-2.69E-12
3036,1486,9561,267,637,7403,103,8530,444,2613,817,626,32474.72637,0.011263248,12.26236822,-1.44E-12
3037,1466,10051,2.80E-10,636,7406,103,8184,503,2737,816,627,32518.69121,0.01243099,10.29636147,-6.24E-13
3038,1430,10560,3.77E-10,638,7395,103,6930,558,2539,1212,725,32081.40783,0.013184418,8.578982865,4.69E-12
3039,1471,11603,9.01E-10,614,7392,103,5520,528,2402,1910,776,32318.9264,0.006097961,0.067498657,6.49E-13
3040,1918.582128,13444.28686,42.1414955,926.3611595,7740.879744,107.5749084,3967.125598,601.4693537,2272.677452,2071.945921,1023,34115.98,1.39E-09,0.064618313,-8.78E-12
3041,2057.453744,16160.49038,321.0968918,918.3904261,8259.172685,114.5073028,2380.641969,826.0803639,2108.330211,2158.257293,1025,36329.36,4.46E-10,0.061264316,-1.90E-12
3042,2167.632399,17444.76559,581.7135941,1414.326083,8667.631375,119.9124015,924.2841988,803.1216383,1995.233887,2326.168603,1025,37469.73,1.86E-10,0.059766851,6.37E-13
3043,2285.98448,18170.79273,592.043974,1445.979213,8883.864187,122.8921811,80.88817876,922.0012129,1892.983434,2370.670624,996,37764.03,1.62E-10,0.07021892,4.57E-12
3044,2381.725017,18630.11886,627.890139,1950.349906,9192.514354,126.7823063,21.340218,668.7352449,1719.672644,2393.563454,361,38073.63,1.53E-10,0.062145618,-5.40E-12
3045,2220.131048,16864.1047,542.4966994,947.4726058,8740.829172,120.7785996,0.018197134,839.5376282,2057.219161,2259.617673,597,35189.14,2.06E-10,0.065481911,7.90E-13
3046,1854.246908,13272.14231,543.0947003,511.5205051,8598.30604,118.4705817,0.016336412,829.5731708,2094.583176,2062.246782,902,30786.14,1.82E-10,0.060510477,9.15E-15
3047,1791.558307,10941.83669,575.6733745,445.854003,8374.547526,115.8056243,0.01336704,792.1851704,2068.527937,1968.875952,905,27979.82,2.73E-10,0.057951311,1.60E-12
3048,1596.340761,10298.54255,505.7500489,389.8898793,8322.155704,115.2215707,0.012509285,733.9943712,2139.726321,2007.100855,905,27013.68,2.22E-10,0.054573902,-1.82E-12
3049,1587.136944,9666.992372,503.7369517,362.827909,8244.330658,114.5789308,0.113630332,766.9931527,2243.226521,1981.556876,905,26376.44,2.40E-10,0.053945953,4.29E-12
3050,1582.172384,9003.567305,503.3791515,359.626622,8226.401445,114.302706,0.077643712,818.1905178,2383.659456,1998.138895,904,25893.46,2.31E-10,0.056125965,4.19E-12
3051,1633.49966,9035.296883,505.6246211,311.4345419,8343.53493,115.9081123,0.139205133,762.8435196,2476.846426,1959.973972,772,25917.04,2.91E-10,0.061870692,-1.15E-12
3052,1733.315114,9376.133605,515.9920567,262.7688397,8494.690539,117.8616321,148.2524434,878.0508775,2451.027963,2092.497464,913,26983.53,2.33E-10,0.06053401,3.52E-12
3053,2023.520904,11924.47772,607.7640649,338.171304,9055.929178,125.4982979,850.9485688,1453.774122,2671.402428,2362.561626,1024,32437.99,1.64E-10,0.058214835,5.08E-12
3054,2199.96292,16431.54396,618.8509595,807.2550817,8858.733947,122.5848889,2020.492718,1494.345064,2730.187203,2303.177492,1025,38612.07,2.02E-10,0.064233328,4.75E-14
3055,2021.391989,17839.24495,579.0754677,854.8248213,8370.529398,115.5735002,3002.065463,1193.617155,2832.285121,2223.299156,1025,40056.84,2.91E-10,0.067025665,-1.68E-12
3056,1816.946463,17590.08703,545.241122,828.5831884,8111.17318,112.1858919,4583.635504,542.4601484,2182.656008,2199.009789,1025,39536.91,3.33E-10,0.068322569,-2.24E-12
3057,1586.082948,15510.44421,318.8115104,740.7906846,7514.394387,109.3908386,5859.609498,731.0221106,2827.291557,2078.703059,975.36,38251.83,1.18E-09,0.070805582,-4.20E-13
3058,1827,14747,264,609,7398,103,7150,609,3100,2020,978,38763.23553,0.006631357,41.75783458,-3.15E-12
3059,1868,14773,5.10E-10,635,7397,103,7545,609,3216,2020,1025,39155.51062,0.005364017,35.4840126,-1.34E-11
3060,1890,14391,6.97E-10,692,7393,103,6820,591,3101,2021,1026,38014.82898,0.003121637,13.16789451,5.79E-12
3061,1810,14332,5.45E-09,626,7392,103,6176,781,2937,2033.879087,563,36744.30911,6.20E-09,9.569982222,-2.15E-12
3062,1893.753674,15387.86087,24.35398808,580.0588824,7679.7074,106.7664809,4936.033008,995.211951,3089.105054,2096.797167,583,37365.05,7.62E-10,7.598470891,-5.01E-13
3063,1984.865144,16705.60713,226.9321522,649.6205417,7988.838561,110.8790105,4113.732334,1372.707133,3432.610558,2175.747436,1020,39781.48,4.00E-10,0.059997209,-8.33E-16
3064,2134.610354,18911.2705,326.001519,833.6753601,8238.643008,113.9534792,3176.364258,1204.978025,3253.655412,2173.241179,1025,41391.33,4.14E-10,0.063091211,-4.19E-12
3065,2211.872742,20221.67672,363.5634245,1019.424442,8516.806802,117.465475,2117.523274,972.1051367,2902.187739,2252.186902,999,41693.75,2.60E-10,0.062652783,-5.57E-12
3066,2328.201413,20625.11548,394.0754305,1317.261663,8814.742582,121.3287894,929.1531271,1058.720093,2754.954334,2345.159979,998,41686.65,1.82E-10,0.062888879,-2.77E-12
3067,2421.054276,20587.06105,430.3683417,1317.807865,9104.169759,125.2166656,110.6274202,1338.054704,2597.799603,2417.400399,771,41220.49,1.48E-10,0.070084994,9.78E-13
3068,2403.3322,20111.53206,422.3933425,1503.799098,9017.542232,124.160404,21.48176585,1634.317148,2160.006689,2393.88991,977,40769.39,1.57E-10,0.064853541,4.06E-12
3069,2417.118163,17509.29647,371.0263894,909.6364071,8889.83068,122.3651476,0.020405846,1502.68025,1918.719323,2128.801505,1024,36793.43,1.88E-10,0.064743364,9.23E-12
3070,2488.805815,13481.65424,318.7628427,374.4347953,8863.71439,121.5206228,0.020153017,1373.38053,1888.33242,2201.67069,924,32036.25,1.43E-10,0.046497942,1.67E-12
3071,2244.457514,11353.82823,291.1230923,322.7869522,8531.828991,117.4864108,0.015560055,1261.43631,1860.650201,2103.698458,923,29010.27,1.93E-10,0.041720869,-4.56E-12
3072,2241.188942,10746.0115,309.465455,288.1278451,8475.170129,116.9447571,0.014678692,1155.56651,1760.256788,2067.834782,923,28083.54,2.20E-10,0.041385536,-2.51E-12
3073,2285.952719,10756.56324,300.2947002,277.3329672,8641.616901,119.7987686,2.20321091,604.6945253,1523.901476,2109.094408,923,27544.41,1.79E-10,0.042917056,5.15E-12
3074,2323.596676,10106.80173,294.1268388,263.4835143,8366.13161,116.1982175,0.093132584,805.069654,1755.074291,2081.524531,923,27035.05,2.08E-10,0.050191117,6.38E-12
3075,2384.17915,9843.83383,345.537417,270.8879715,8471.682967,117.6013883,1.176629697,757.2196139,1979.812366,2066.423979,924,27162.29,2.25E-10,0.065311617,1.11E-12
3076,2382.273931,10256.46718,394.0114688,270.2561049,8349.70355,115.8606537,59.48174296,685.6277595,2277.504757,2215.38657,1024,28030.5,3.08E-10,0.073721671,2.92E-12
3077,2472.131691,12930.14976,703.4521514,356.8148901,8885.047694,123.0372768,755.7576232,722.135221,2836.46138,2323.691345,1025,33133.62,2.00E-10,0.059034105,2.00E-12
3078,2390.538291,16326.25886,962.6658107,807.5047679,8680.842975,120.0987433,2023.432807,906.033427,3317.832269,2294.296559,1025,38854.44,2.23E-10,0.064508594,-4.09E-12
3079,2341.099302,16666.60576,725.5820018,905.7279421,8340.870387,115.2415226,3122.672094,749.1865988,3961.087631,2204.890971,439,39571.9,3.44E-10,0.064207816,-2.82E-12
3080,2236.351791,14485.88607,636.3186262,744.9643078,7671.52409,106.6949471,4881.511897,647.4700297,4253.612168,2072.059505,443.8,38180.13,1.46E-09,0.06343348,-1.19E-12
3081,2066,12390,599,745,7375,73,5805,719,4596,2019,917,37303.93523,0.001352976,0.063415498,9.29E-13
3082,1788,11752,600,636,7378,103,6160,848,5056,2019,923.36,37225.35858,0.003152959,37.99827069,3.16E-12
3083,1727,11254,600,748,7375,103,5980,862,5644,2020,1025,37303.58142,0.003355733,34.4152196,-3.91E-12
3084,1637.533246,11561.54476,620.3807668,634.9174953,7729.561998,107.5936222,6094.503145,529.3030975,4073.483778,2057.790948,1025,36060.39,1.63E-09,11.22285168,3.57E-13
3085,1560.803692,11160.2122,564.9252361,612.4615898,7493.100667,104.4769159,5086.246724,864.6298224,5919.19801,2019,873.46,36250.38,0.001736076,8.133118612,3.28E-12
3086,1935.013903,12228.94463,638.1905301,564.1745405,7869.80198,109.4797646,4264.279566,1006.387954,6232.887561,2052.64114,773,37667.42,2.22E-09,7.3815732,2.38E-12
3087,2411.134905,15454.91542,711.6536938,826.6979002,8729.347269,120.8019987,3543.221691,836.4048071,4771.103492,2301.736973,898,40604.97,2.22E-10,0.04814684,1.78E-12
3088,2522.63026,16769.74442,701.7509913,815.1489108,8524.012512,117.7305819,2157.227417,1272.252863,6392.241731,2259.026245,1024,42555.71,2.68E-10,0.055935124,-1.61E-11
3089,2589.27928,17706.19095,726.5954868,962.7721161,8773.912843,120.9395482,1177.40147,1449.718733,6138.968212,2299.888273,1005,42950.61,2.20E-10,0.056915802,-4.05E-12
3090,2655.147517,18482.24643,753.2064569,1165.43291,8946.72444,123.0311222,438.2811117,1481.690759,5070.901883,2376.760687,1004,42497.37,1.70E-10,0.053316892,6.11E-12
3091,2687.844833,18732.96484,769.0576539,1428.017763,9057.444192,124.5263268,31.9235842,1356.319199,4315.627011,2419.168196,1004,41926.83,1.51E-10,0.06360007,-3.02E-12
3092,2602.591381,18621.88846,651.9833754,1704.052421,8907.749843,122.6501667,15.44572585,1361.212417,3627.06519,2345.206765,849,40808.78,1.88E-10,0.065744639,-6.60E-12
3093,2504.626627,16060.36448,546.1347406,876.555757,8757.662445,120.6007462,0.018546624,991.8543818,3356.909741,2193.118888,923,36330.8,2.19E-10,0.046349788,-1.55E-12
3094,2344.985822,12604.0389,305.7640213,309.6120994,8599.807553,118.2124325,0.016553246,1177.248656,3173.397626,2119.609135,726,31478.65,1.90E-10,0.042796085,1.87E-12
3095,2257.528051,9728.910166,375.1663968,304.4239913,8498.218573,117.14688,0.01519536,1318.269794,3246.973752,2028.813717,724,28599.41,2.77E-10,0.056517342,1.46E-12
3096,2195.509214,8693.364507,281.8282993,296.9049915,8499.579457,117.7228175,0.015497703,1403.189829,3305.975124,2042.236858,723,27559.27,2.17E-10,0.056594263,5.77E-12
3097,2034.044913,8699.019625,285.5443758,269.0337091,8535.093613,118.550442,2.219683338,1462.654178,3198.671873,2017.895599,429,27051.67,1.71E-10,0.058011566,-3.36E-12
3098,1901.311809,8360.923216,275.5637214,268.1900186,8233.428486,114.4497927,1.092430214,1412.882792,3343.771154,1955.572288,428,26295.13,2.26E-10,0.055707872,1.63E-12
3099,1815.222346,8276.755694,275.0751085,262.7953013,8264.620981,114.8287378,0.14323396,1626.098449,3274.344212,1845.816032,722,26477.64,2.51E-10,0.060095013,3.77E-13
3100,1963.663316,8256.034382,290.8737761,289.3956721,8542.232477,118.4444873,23.64167952,1842.659325,3183.866176,2115.142829,922,27547.9,1.98E-10,0.05411963,-3.83E-12
3101,2411.639099,11287.41281,378.1858407,430.314586,9130.366397,126.2316856,609.9876177,1806.385954,3414.410628,2414.18903,1023,33032.08,1.57E-10,0.043651818,4.97E-13
3102,2401.916368,15477.20429,419.2105804,942.7286921,8852.462294,122.174186,1948.030802,1494.486506,3607.123689,2331.521728,1024,38620.81,2.02E-10,0.049139177,1.07E-11
3103,2288.065002,15043.0112,349.7452494,1248.934421,8180.048427,112.9883027,3021.60607,1385.301794,3783.789756,2170.089067,1024,38607.52,4.48E-10,0.05928784,4.08E-12
3104,2010.980698,12728.20642,261.759541,999.3743361,7574.702643,105.2190592,4968.049625,1672.807843,3953.589475,2033.442274,923,37231.07,8.42E-09,0.061912492,3.46E-12
3105,1550.806088,10158.2678,132.9028959,591.5331445,6049.006327,83.45699169,7407.507199,1974.64916,4698.676044,2360.407725,822.37,35829.54,1.81E-10,0.043374785,7.14E-13
3106,1325.006825,10008.47093,72.26942714,587.9171059,6114.137149,89.65802322,8066.291714,1678.272304,4437.390139,2210.779915,822,35380.95,3.35E-10,31.24353382,-1.31E-13
3107,2019,11223,5.55E-10,622,7355,103,7625,1393,4226,2019,821,37369.22076,0.003732387,36.77550874,-1.55E-12
3108,2090,10998,4.86E-10,603,7382,103,7645,1247,4046,2019,821,36940.04877,0.0044823,13.94674557,2.91E-12
3109,2096,11212,4.82E-10,630,7381,103,7496,1020,3736,2019,1023,36705.04975,0.004004541,10.94624314,-4.98E-12
3110,2034,11871,8.000000002,618,7381,103,6265,703,3413,2058.568277,1024,35471.75206,1.89E-09,6.816212599,-3.93E-13
3111,2199.996708,14832.88058,52.84515502,692.4249113,7704.766118,107.3211585,5332.629324,540.0952077,3023.604063,2141.895719,1023.94,37652.34,5.74E-10,0.058948603,-4.76E-12
3112,2204.656669,18153.79352,104.9512756,900.5413392,8180.4888,113.4275749,4060.806075,503.1307592,2852.923789,2208.004685,1024,40306.66,3.59E-10,0.064491449,1.28E-11
3113,2499.056893,20361.7877,164.3270275,1112.554748,8638.728045,119.4498308,2539.100979,475.5758066,2574.050611,2276.321529,1024,41784.89,2.48E-10,0.063174889,-6.50E-12
3114,2602.532936,21583.5164,184.1173342,1357.159924,8983.840163,123.8080721,1110.891378,506.0233032,2417.300949,2403.532499,961,42233.67,1.62E-10,0.052952159,-6.78E-12
3115,2660.557731,21966.75196,200.4148425,1447.460433,9201.465118,126.6859419,130.8240907,577.2408416,2409.749497,2457.293174,843,42021.39,1.42E-10,0.053630863,4.54E-12
3116,2644.359042,21763.23003,193.6052156,1576.926584,9184.645653,126.4568381,21.71606312,654.1732938,2672.087665,2421.199541,190,41448.34,1.55E-10,0.05992611,6.94E-12
3117,2390.25833,18432.55006,191.4245846,1021.601948,8638.416216,119.3195814,0.017178507,807.6845889,2743.693766,2336.286981,1004,37685.19,1.98E-10,0.063239773,-4.26E-13
3118,2280.485015,13725.1821,359.7655222,501.4152693,8760.030733,120.2291807,0.018768171,1023.588922,2848.139242,2059.483013,875,32553.28,1.70E-10,0.057766795,-3.67E-12
3119,2281.135663,10598.27114,339.8404683,428.8802295,8508.129241,117.454436,0.015542405,1107.233512,3170.382676,1904.337023,824,29279.61,2.00E-10,0.069928285,5.07E-12
3120,2138.413677,8873.710654,332.5716767,384.4269384,8461.256381,117.3507621,0.015106066,1197.79699,3699.227266,1899.732013,822,27926.43,2.00E-10,0.071463714,1.01E-12
3121,2223.651846,7776.461576,333.8736053,358.4436587,8506.555656,118.4823958,2.234581754,1347.507653,3961.321985,1892.151647,479,26999.61,1.96E-10,0.074604123,-4.71E-12
3122,2246.712812,7029.872722,334.5813602,343.9254907,8410.094498,117.2991598,1.115548767,1552.783256,4066.299429,1894.424084,476,26473.03,2.02E-10,0.078360308,8.13E-13
3123,2199.850359,6771.530797,341.2426172,249.9040871,8700.663224,121.1386899,1.201540999,1755.475107,4361.450498,1888.646098,4.44E-11,26213.28,2.10E-10,177.823018,4.09E-12
3124,2096.556124,6806.236017,331.5009227,274.7591783,8332.73647,116.2199718,75.6618869,1755.174982,4816.204463,1991.854228,321,26917.82,3.53E-10,0.084243597,9.10E-12
3125,2284.978991,8648.711157,363.560185,309.8039752,8466.982832,118.1318307,737.519681,2021.187622,5416.521598,2247.700355,1012,31627.03,2.88E-10,0.068228051,-1.88E-12
3126,2429.857201,11560.47659,395.4884878,854.946566,8595.329653,119.7619782,1977.221162,2314.506544,6107.764073,2285.479279,1023,37663.76,2.46E-10,0.071537067,2.70E-12
3127,2450.407798,11575.2134,237.0215755,972.8073017,8117.716352,113.1095896,2976.992113,2490.921822,6572.53435,2159.098692,803,38468.75,5.04E-10,0.072999394,2.79E-12
3128,2252.986332,9566.033728,64.01123085,835.0423177,7540.473203,105.7294889,4197.898752,2424.939235,7001.729437,1942.258889,972,36903.03,3.17E-09,0.072613616,-1.74E-12
3129,2150,8422,47,701,7336,103,4920,2357,7098,1911,974,36018.92785,0.00276575,0.069380936,-5.75E-12
3130,2064,7948,47,707,7328,103,5190,2399,7282,1911,974,35952.93499,0.004706644,0.060300585,-8.32E-12
3131,2198,8384,47,593,7308,103,4990,2432,7190,1911,974.2,36130.13992,0.003744575,0.056331875,6.54E-12
3132,1944,8399,48.00000001,532,7305,103,4570,2417,7100,1911,974,35302.94044,0.002743932,0.056816177,-7.63E-14
3133,1669.61203,8485.910926,50.86988736,571.7489333,7341.568282,103.7824095,4312.356062,2496.390493,7227.333327,1911,968,35129.57,0.001460951,9.000889525,1.08E-12
3134,2060.150667,8809.596306,74.83758213,562.3512984,7826.01598,110.3741899,3497.749949,2624.652273,7580.049229,2007.474121,430,35576.07,6.77E-10,7.18159501,-8.82E-12
3135,2385.685832,10733.35096,95.36836226,773.5910073,7981.913915,112.1992979,2637.985785,2554.370216,7391.712518,2181.622855,1016,37863.74,4.35E-10,0.060744977,-4.27E-12
3136,2495.168081,12788.12264,124.9374822,912.4329561,8359.503026,117.4200838,1860.151518,2510.678099,7095.600667,2258.326968,1024,39546.28,2.85E-10,0.061524009,-5.33E-12
3137,2550.516016,14269.80089,349.1334369,1423.850651,8539.512739,120.0518376,1063.911674,2015.833592,6395.113477,2317.950939,1024,40069.61,2.19E-10,0.065255472,-3.54E-12
3138,2562.725711,15112.75657,529.3763757,1622.564475,8640.733102,121.5181514,398.8169092,1790.231803,5670.013746,2411.137186,1024,39883.81,1.64E-10,0.064029704,-4.44E-12
3139,2560.197635,15628.53083,613.3714789,1610.782903,8719.509961,122.5828354,47.76948187,1828.795642,4544.589854,2390.548731,1024,39090.61,1.74E-10,0.069347764,-9.46E-12
3140,2537.194134,15513.30064,626.2368306,1543.343363,8654.213212,121.6629701,12.84483163,2030.296156,4143.55944,2324.594331,930,38437.17,2.14E-10,0.075910724,2.28E-12
3141,2500.517849,14148.68998,591.4217048,1103.976898,8544.854993,120.199071,0.017372799,2146.607618,3630.16451,2000.499045,875,35661.89,2.28E-10,0.059044274,1.19E-12
3142,2393.303909,11998.38359,548.7791629,560.5922832,8202.821282,115.1132988,0.012644362,1973.407377,2913.100693,1955.191939,876,31536.65,2.46E-10,0.05618305,-3.49E-12
3143,2388.347606,9913.693201,431.1849254,465.3861582,8156.611968,114.9340129,0.012303106,1962.805133,2625.540363,1907.627132,877,28843.08,3.09E-10,0.062802175,-9.17E-14
3144,2228.713617,9058.586255,333.5478321,429.7478058,8222.626034,116.4582637,0.013594206,2326.280897,2507.172261,1945.083279,875,28043.17,2.54E-10,0.059838449,-3.43E-12
3145,2238.890692,9141.865748,334.4116848,390.8901219,8182.769082,116.8836092,2.229146949,2178.691153,2127.698196,1969.320375,875,27558.59,2.26E-10,0.059808564,8.32E-12
3146,2275.502413,9285.776065,334.3381793,245.2408115,8116.480757,116.3237763,1.116421347,1822.772777,1807.963132,1985.417029,874,26864.87,2.13E-10,0.061361927,4.02E-13
3147,2317.732338,9794.702665,496.0430111,235.2597291,7995.997373,115.0501883,1.140390544,1391.589259,1586.19539,1947.243727,875,26744.19,2.48E-10,11.76407077,-5.09E-12
3148,2246.319083,10167.59627,534.0146509,271.7678268,7952.942674,114.9349403,53.28381822,910.941899,1274.84595,2072.697402,924,26523.27,2.45E-10,0.074513521,3.22E-12
3149,2313.859451,11218.12262,554.2636673,435.3144632,8118.655263,117.7052704,670.2210214,809.1710232,1119.795788,2278.665326,1024,28659.7,2.60E-10,0.073896213,9.03E-14
3150,2277.315225,13382.52962,405.7603276,768.174791,8200.682293,119.204708,1914.342286,733.620514,1035.881124,2309.752745,1101,32248.19,2.30E-10,0.073638756,-1.16E-12
3151,2232.537425,15499.52688,368.9391694,1108.440317,7970.306914,116.1696696,2623.598011,542.749061,852.1595059,2246.703822,1102,34663.06,3.02E-10,0.070775803,2.98E-12
3152,2212.91959,16453.82164,97.4783665,1223.873446,7333.848037,110.4197744,4107.034456,401.6469153,736.4907046,2160.210973,1075,35912.67,5.12E-10,0.073902005,3.31E-12
3153,2175.627552,16003.44272,67.77169441,1210.500255,7104.609799,107.3151866,4777.759886,381.970055,743.2797178,2140.51599,1025,35737.72,5.98E-10,0.072856682,8.78E-13
3154,2167.256912,15878.072,57.1170077,752.5504586,7018.574031,106.2724951,5209.742917,364.4642314,783.4254667,2066.399551,1025,35428.81,1.80E-09,0.065066196,5.49E-12
3155,2174.084725,15574.07424,54.195973,615.026301,6973.624865,105.6920106,5128.110031,395.8047951,844.2278775,2104.835219,1025,34994.62,8.46E-10,0.056040177,-3.74E-12
3156,2183.791982,15256.67348,55.70191975,650.2106727,7025.375928,106.4199101,4842.227751,380.5086944,942.8320235,2111.616365,1025,34580.31,6.43E-10,0.048727874,1.54E-13
3157,2178.913068,15244.02246,58.58497139,673.8691153,7139.844839,108.0467155,4338.00424,404.8687334,967.7474353,2142.685572,1025,34274.34,4.79E-10,7.247148568,2.48E-12
3158,2267.844918,15830.19831,65.47834238,690.1930742,7371.101548,111.1192605,3678.05196,440.836861,1109.503893,2160.559601,1024,34742.3,4.53E-10,6.587770067,1.79E-12
3159,2439.563999,17377.51461,313.4591974,738.364376,7751.525523,116.4721407,2773.029436,543.5916741,1304.635364,2275.208848,1024,36657.31,2.69E-10,0.055171821,5.69E-12
3160,2546.05176,18761.95532,564.9343929,1162.657519,8076.262726,121.0038827,2011.192231,686.684491,1509.114533,2336.594932,1024,38800.39,2.16E-10,0.061792696,2.76E-12
3161,2678.787739,19557.97689,602.2046464,1459.580438,8237.92311,123.3667831,1149.27563,781.462105,1638.667033,2317.918435,1101,39648.1,2.25E-10,0.062813663,-5.36E-13
3162,2726.965327,19646.97101,603.2931281,1570.599073,8381.149029,125.3884912,447.6141488,1017.039705,1609.749723,2400.118022,1101,39629.82,1.74E-10,0.067655653,-3.26E-12
3163,2730.896924,19485.46208,631.4689305,1505.16684,8470.486512,126.6552777,65.5501105,1302.128014,1421.682664,2492.690553,1073,39305.12,1.39E-10,0.067903084,1.46E-11
3164,2742.90982,19399.89911,622.0189996,1305.153147,8445.088053,126.3045413,54.78773048,1239.538124,1417.713602,2457.332862,1007,38817.67,1.51E-10,0.075992519,1.94E-12
3165,2725.208887,17785.10875,576.3646219,851.4215391,8422.947764,125.8916067,0.022224861,947.6029001,1296.101207,2213.577575,923,35867.19,1.65E-10,0.057077012,7.45E-13
3166,2690.265348,14972.67305,476.1677505,375.5741504,8335.222502,124.0370866,0.021079245,857.5900966,1194.208004,2185.897308,923,32134.61,1.66E-10,0.046379339,1.89E-13
3167,2579.42551,12532.58825,378.9118431,345.8402516,8337.184582,123.9417324,0.021153265,900.4712232,1173.807697,1959.525082,826,29157.67,1.75E-10,0.047327205,2.86E-12
3168,2523.844641,11366.4686,335.4180254,304.3711376,8180.926719,121.8133243,0.019003358,1107.285684,1016.983553,1970.387183,826,27753.47,1.68E-10,0.047866977,2.21E-13
3169,2499.74583,10408.47724,333.6270226,256.2636148,8149.95525,122.0266532,2.332504618,1274.466173,917.4612842,1984.862745,825,26774.17,1.60E-10,0.048319779,2.74E-12
3170,2487.347153,10079.9036,331.7372905,245.6883414,7988.932303,119.8058676,0.114214634,1168.991471,921.1626974,1997.137996,824,26164.77,1.54E-10,0.050932973,2.49E-12
3171,2568.746724,9958.574261,331.2224103,239.6637733,7944.949437,119.1910211,1.172913817,990.6502678,965.0514124,1937.871549,824,25871.24,1.83E-10,9.853769563,2.15E-12
3172,2450.006247,9574.043459,327.0961581,234.9746852,7842.187704,117.6141687,41.59765867,1108.83112,993.1107895,1951.646863,824,25465.05,1.85E-10,0.058852385,8.49E-13
3173,2469.250072,9873.266941,335.5326278,275.1026029,7808.606417,117.1884567,562.8905742,1156.519231,941.1738063,2012.778211,873,26425.25,2.24E-10,0.058940192,-9.66E-14
3174,2459.103368,10826.01562,334.193673,335.5360173,7737.980357,116.0424668,1697.372911,1080.188606,949.6780882,2014.691769,876,28426.73,2.26E-10,0.072871455,-4.52E-12
3175,2391.857681,11746.46994,202.8535528,557.1552044,7559.009126,113.4181816,2739.931453,961.7326147,980.4755857,2254.998131,1025,30532.82,2.99E-10,0.081467739,8.09E-13
3176,2278.97911,12327.02007,62.51004125,712.7726566,7175.684134,108.1013093,4485.486427,765.0935306,919.2874024,2179.849625,1023,32037.7,4.56E-10,0.084308283,-2.92E-12
3177,2177.842103,12490.00848,49.49419178,814.1688686,6866.299278,103.9653928,5439.449243,603.7916355,820.1500401,2104.538183,1024,32493.62,9.23E-10,0.087410217,-1.39E-12
3178,2142,12703,47.00000001,706,6797,104,6140,312,751,2020,1024,32745.91511,0.001011239,0.083881034,-1.55E-13
3179,2134,12777,47,596,6801,103,6540,463,958,2045.470663,1024,33488.38504,3.70E-09,0.085619141,6.47E-12
3180,2092,12277,47,539,6810,103,6975,478,1059,2020,1024,33423.91509,0.003662647,0.081245081,1.94E-12
3181,2008,11672,47,227,6810,103,7099,501,1104,2019,1024,32599.90773,0.004058717,14.0882073,-5.77E-12
3182,2156,10947,47,295,6802,103,6430,466,1277,2020,1002,31535.25448,0.003359191,9.742157622,-1.14E-11
3183,2178.46222,11201.72801,49.48867696,582.454025,6892.476286,104.3751809,5421.148771,364.6476388,1567.530464,2044.09822,1002,31408.33,4.68E-09,0.07948788,4.02E-12
3184,2336.848737,13930.91304,69.48956455,893.5549008,7492.166959,112.903485,4239.220405,220.6028301,1869.604168,2163.758119,1002,34330.98,5.39E-10,0.082213619,6.98E-12
3185,2327.256609,16339.73058,87.35437307,1327.333647,7842.376231,117.9675925,2750.71444,194.9399307,1908.744944,2264.725368,1101,36262.06,2.87E-10,0.083716166,-6.48E-12
3186,2427.308091,18307.74721,110.8604426,1345.114803,8238.477569,123.5615054,1249.446422,237.9243393,1735.711945,2378.742266,1101,37255.82,1.90E-10,0.074597305,2.47E-12
3187,2516.60256,19229.40885,143.8634947,1328.856075,8495.828122,127.1710065,187.3655775,301.9040172,1573.383709,2465.490038,1043,37412.8,1.52E-10,0.073448909,6.31E-13
3188,2513.235927,19365.1788,149.5478109,1525.166328,8479.650726,126.95017,160.4171613,342.9502878,1503.097797,2436.568831,1022,37624.69,1.63E-10,0.073835782,-1.51E-12
3189,2472.834244,18160.86655,113.7596812,1142.252197,8436.935619,126.3014136,0.022622732,413.4795536,1446.912817,2199.852646,671,35184.14,1.74E-10,0.077350156,-3.50E-12
3190,2384.700506,14415.19289,98.37179976,592.3690036,8138.652008,121.4953305,0.018532395,415.8181316,1339.25253,2068.055889,872,30445.85,1.73E-10,0.076620983,-3.10E-12
3191,2385.371657,11901.67369,95.03012928,437.0520938,8100.137624,120.8893258,0.018070026,503.5167929,1314.579957,2006.649294,870,27734.85,2.07E-10,0.068632546,8.74E-14
3192,2411.048012,11110.25449,96.24892913,417.2334425,8260.249947,123.0067459,0.020208834,653.4369379,1366.172286,2054.826551,480,26972.44,1.77E-10,0.057551615,-8.65E-12
3193,2358.836612,10460.83366,90.92887486,238.8958628,8062.209042,120.9764565,1.331604538,1056.962638,1379.414365,2071.43944,476,26317.77,1.65E-10,0.058554889,2.77E-12
3194,2341.052682,9561.528119,104.4952737,214.4678275,7970.788457,119.7061572,0.113536991,1520.946174,1379.112596,2031.594219,476,25719.74,1.87E-10,0.06504294,4.01E-12
3195,2297.772237,9053.513958,160.3684798,214.5404361,8145.039101,122.3054883,2.22491831,1865.851975,1398.803037,2005.506945,458,25711.01,2.04E-10,12.91657412,4.62E-14
3196,2111.456714,9933.449036,213.9631721,242.5835194,8499.266845,127.2131387,92.64725111,2049.223721,1513.977545,2038.168932,4.32E-11,26821.87,1.69E-10,0.079874356,4.32E-12
3197,2363.350665,13320.18536,525.3334045,301.4982924,8709.748077,130.1586206,975.2173682,2387.514978,1563.955151,2459.4157,4.44E-11,32736.3,1.55E-10,0.07761291,7.57E-14
3198,2442.06139,17262.90971,741.7421225,761.1153527,8432.017943,125.9050875,2484.026062,2466.56434,1501.606122,2381.181884,3.83E-11,38599.04,1.91E-10,0.090009614,2.05E-12
3199,2305.16787,17474.85359,710.0789917,812.0665781,7778.766832,116.4164901,3858.150979,2392.731928,1355.246861,2256.086102,3.58E-11,39059.47,3.06E-10,0.096217866,4.21E-12
3200,2135.266877,15473.98135,692.2683069,737.16589,7161.174666,107.9633253,5658.27629,2364.292338,1242.567117,2119.548937,3.63E-11,37692.01,8.02E-10,0.495095213,-4.80E-13
3201,1886,13670,661,630,6802,103,7015,2292,1243,2021,3.56E-11,36322.50111,0.001982024,0.496904229,4.71E-12
3202,1989,12893,606,581,6798,103,8165,2171,1344,2020,3.93E-11,36669.50748,0.00469661,0.48781852,-1.89E-12
3203,1895,12519,583,577,6796,103,8740,2177,1358,2019,4.30E-11,36766.51174,0.008124829,0.480136301,5.79E-12
3204,1860,12416,567,567,6802,103,8755,2011,1376,2017,4.43E-11,36473.51384,0.008285132,0.477874926,3.81E-14
3205,1890,12385,615,500,6796,103,8284,1951,1407,2017,4.47E-11,35935.2103,0.008770171,12.78093315,9.40E-12
3206,1916,12437,622,526,6804,103,7160,1983,1470,2018,4.76E-11,35028.57809,0.00523964,10.41666792,5.57E-12
3207,1922.148479,14506.08358,621.8860397,624.9792622,7076.31042,106.9229098,5988.285213,2203.281203,1673.621789,2101.438281,3.96E-11,36824.47,1.02E-09,0.487176387,4.15E-13
3208,2073.49554,17014.41077,722.1950822,743.9833337,7551.291139,113.7680227,4419.242935,2433.192082,1955.887075,2183.650769,4.49E-11,39210.64,4.69E-10,0.47674374,6.68E-13
3209,2192.645087,18484.98332,740.2688834,1164.386786,7922.691204,119.1988273,2761.514792,2740.174615,2010.108984,2338.17372,4.52E-11,40473.67,2.27E-10,0.476220704,4.24E-12
3210,2342.056855,19908.46929,767.9821559,1378.337803,8314.215326,124.8513471,1241.971945,2761.672657,1876.908822,2450.593373,4.96E-11,41166.59,1.65E-10,0.469573686,1.68E-12
3211,2519.708192,20406.89158,774.6016936,1418.328781,8534.7537,128.069589,191.1752839,2588.161095,1736.062861,2523.345941,4.38E-11,40821.02,1.40E-10,0.078720881,-5.24E-12
3212,2477.399629,20378.96438,745.3105598,1910.902178,8408.707257,126.2699815,157.3068146,2298.591565,1588.397168,2435.298042,3.94E-11,40527.06,1.70E-10,0.087572114,8.64E-12
3213,2386.666675,18537.71915,754.6165441,909.1554213,8254.865879,123.8542462,0.020246841,2142.465501,1481.485571,2324.562808,4.79E-11,36915.34,2.19E-10,0.07204544,5.49E-12
3214,2433.101995,14780.33995,759.0375362,399.10336,8252.634721,123.1957414,0.020236214,2013.540805,1395.67335,2131.847008,6.30E-11,32288.44,1.68E-10,0.054703306,-8.93E-13
3215,2368.757149,12606.36437,735.4803308,321.7795058,7993.350729,119.4546218,0.01662083,1833.78154,1260.767432,2040.773034,7.61E-11,29280.48,2.23E-10,0.045328674,-4.97E-12
3216,2366.21061,11514.76905,730.8563682,318.8393998,8010.600317,119.7986531,0.016968337,1788.161874,1271.46172,2052.768988,7.85E-11,28173.44,2.14E-10,0.043946117,-3.08E-12
3217,2370.30267,11046.84916,721.9934607,275.4766903,8033.430779,120.78997,2.328164496,1731.324434,1242.378296,2113.317024,6.81E-11,27658.14,1.73E-10,0.05064473,3.72E-12
3218,2469.220235,10461.40623,728.6746985,250.9805542,8069.033246,121.3692825,0.107005529,1677.68898,1278.774818,2144.623009,5.94E-11,27201.82,1.58E-10,0.058055275,-2.22E-12
3219,2454.447427,10367.0648,742.7138659,244.7277462,8072.13619,121.2921674,1.195353245,1648.142934,1290.613254,2254.797102,4.99E-11,27185.73,1.76E-10,11.40084516,3.37E-12
3220,2460.161635,10949.42804,757.7436911,270.5305232,8287.153097,124.4626187,78.04407146,1584.793885,1339.548161,2382.768975,5.33E-11,28234.57,1.73E-10,0.064699304,-3.90E-12
3221,2540.789039,14835.98818,788.1943796,362.0050523,8687.958407,130.1344829,824.4423913,1634.212636,1410.863625,2497.64719,6.23E-11,33712.18,1.42E-10,0.055382978,-1.95E-12
3222,2518.481464,18886.97461,772.110713,1124.77786,8305.198863,124.4770553,2150.0938,1510.396672,1365.893841,2415.821848,5.17E-11,39174.16,1.72E-10,0.066726374,3.79E-12
3223,2378.752665,18986.92431,746.9798739,1347.170519,7676.246517,115.22341,3368.836562,1360.803223,1282.593127,2235.542137,4.77E-11,39499,3.35E-10,0.072339668,5.03E-12
3224,2074.003552,17472.9396,710.7873848,986.6288809,7031.759365,86.22532108,5224.682409,1252.786917,1327.874847,2051.46512,4.70E-11,38219.08,2.80E-09,0.073393306,5.58E-12
3225,2064,16338,685,684,6792,63,6715,1120,1456,2015,5.21E-11,37931.53008,0.003687739,0.466229727,-2.70E-12
3226,2098,15555,686,669,6794,63,8120,1080,1714,2016,4.65E-11,38794.91634,0.009445309,0.074214548,2.77E-12
3227,2222,14870,674,538,6790,63,8675,982,2073,2017,4.15E-11,38903.90693,0.010005578,0.083068898,1.41E-12
3228,2183,14092,670,529,6791,63,8695,1084,2403,2016,4.15E-11,38525.90462,0.012215256,0.08316549,-1.64E-12
3229,2148,13784,666,527,6788,63,8164,1041,2696,2017,4.19E-11,37880.80048,0.011822,13.18770293,2.21E-12
3230,2142,14053,648,568,6782,63,6960,1028,2936,2017,4.52E-11,37186.42904,0.007091244,10.56387094,-8.10E-13
3231,2184.401266,15476.20608,669.5061987,723.7255917,6916.176845,64.80393719,5550.229651,1014.436237,3471.117751,2052.529939,4.13E-11,38123.05,2.95E-09,0.083494688,8.28E-12
3232,2343.43056,17554.06851,692.302017,1100.603528,7438.943636,72.11483306,3912.421721,1024.903297,4146.892723,2156.776891,4.44E-11,40442.38,5.64E-10,0.077716871,-5.33E-12
3233,2474.57221,18759.85595,720.7910764,1220.293154,7886.839642,78.31277119,2261.991017,1219.50833,4620.023278,2298.259317,4.49E-11,41540.37,2.61E-10,0.076747983,-3.28E-12
3234,2505.379971,19232.74544,751.2265799,1049.050044,8297.953282,84.03605573,885.4994612,1765.882541,4966.859048,2475.477248,4.95E-11,42014.04,1.55E-10,0.069669841,-5.67E-12
3235,2552.387292,19042.68554,758.8346305,1015.518394,8469.937311,86.42501418,102.680265,2096.298939,4833.54729,2496.814165,4.37E-11,41455.05,1.48E-10,0.078836299,2.84E-12
3236,2601.796482,17958.50156,757.612991,959.4280281,8382.470885,85.18612062,135.9615688,2170.943286,4994.514059,2440.3942,4.35E-11,40486.73,1.68E-10,0.079184116,-1.62E-12
3237,2400.000218,14834.07113,746.7727136,731.3503815,8238.781952,83.06988221,0.020272608,2243.848757,4892.953377,2166.565692,4.64E-11,36337.36,1.90E-10,0.074378643,-4.66E-12
3238,2368.192167,11086.26169,737.6206219,242.265195,8059.611577,80.18983397,0.017943459,2190.370435,4678.758742,1916.860759,5.00E-11,31360.08,2.07E-10,0.068969102,-3.40E-12
3239,2411.976383,8294.820296,699.5868836,183.5598547,8026.754295,79.44533354,0.017310878,2281.753776,4417.996069,1778.031914,5.55E-11,28173.88,1.87E-10,0.06211567,-2.22E-12
3240,2460.880461,7395.550065,731.9339254,120.5099952,8100.01411,80.30898523,0.018219985,2241.56836,4131.169881,1808.831876,6.17E-11,27070.73,1.69E-10,0.055879215,1.35E-12
3241,2305.497457,7004.497435,726.9684565,105.9637177,8036.746179,80.24536342,2.330971621,2407.644979,3930.541141,1818.632872,5.89E-11,26419.01,1.64E-10,0.058572942,-6.32E-12
3242,2047.374814,6543.085703,713.7385178,100.2801584,7981.429028,79.34836451,0.082567498,2716.360013,3733.613469,1801.91565,5.05E-11,25717.16,1.72E-10,0.06828509,2.54E-12
3243,2079.732317,6109.086436,669.5945253,96.36444567,8066.880527,80.79574949,0.161779541,2912.937935,3572.411567,1819.440801,4.46E-11,25394.66,1.95E-10,12.74608264,-3.02E-13
3244,2150.780618,6387.083176,738.3144651,98.07428658,8068.926236,80.77159063,50.55524777,3177.608209,3414.3761,2221.164929,3.64E-11,26387.56,2.12E-10,0.094859041,-2.30E-12
3245,2425.354274,9966.712148,723.3453489,341.9136333,8861.179192,91.82529388,546.998951,3266.487851,3445.546039,1974.348237,4.26E-11,31643.63,1.28E-10,0.08096789,-2.90E-12
3246,2326.02633,15619.66397,769.619691,794.8211423,8365.090394,84.68732608,1315.394875,3476.418402,3218.073204,2400.895835,3.78E-11,38370.6,1.82E-10,0.091168428,5.04E-12
3247,2285.490231,17929.29799,662.2203013,972.8501607,8103.281933,81.70407584,1801.820542,3414.670618,3100.442971,2348.211269,3.83E-11,40699.9,2.16E-10,0.09009453,5.96E-12
3248,2309.770493,17884.31835,727.4279253,779.5341126,7808.586393,77.44278364,2814.038528,3256.018295,3041.075124,2228.425156,3.96E-11,40926.55,3.48E-10,0.087157617,1.44E-12
3249,2214.377036,17431.96847,708.0715234,806.7810768,7538.373063,73.35058055,3464.18318,3089.716889,2836.182832,2181.635095,4.15E-11,40344.14,4.58E-10,0.499747455,6.75E-12
3250,2215.635558,17417.56396,692.0669524,599.4179585,7241.787221,71.21641285,4059.674707,2952.038613,2659.982162,2129.106927,4.29E-11,40038.41,7.09E-10,0.08047156,5.26E-12
3251,2197.103201,17459.99034,690.0553556,625.3157829,7155.875416,70.26771938,4364.157196,2798.324987,2577.755,2069.738557,4.69E-11,40008.11,1.72E-09,0.473556833,5.86E-12
3252,2160.040887,16703.61142,682.0572404,568.4621153,7057.029316,68.93433345,4590.688713,2744.100642,2534.430918,2056.231043,4.50E-11,39165.51,2.41E-09,0.076624316,-4.39E-13
3253,2167.750841,16223.66818,674.1768465,521.2324823,7038.043618,68.74845813,4559.227095,2791.005953,2487.713232,2100.051242,4.42E-11,38631.54,9.43E-10,0.077948916,2.72E-12
3254,2182.494548,16295.53301,683.83799,580.1344054,7208.841576,71.0316543,4173.441597,2817.413321,2568.924341,2175.904038,5.19E-11,38757.49,4.63E-10,0.066485513,-1.46E-12
3255,2276.027441,18236.35546,701.5871916,702.4129876,7503.610939,75.0880877,3674.039917,2837.956708,2527.495649,2260.011469,4.55E-11,40794.51,3.01E-10,0.0758474,-7.72E-12
3256,2301.479321,19897.47119,708.1546799,975.0180276,7633.543729,75.91556914,2952.867506,2827.062459,2601.357051,2265.319181,5.02E-11,42238.12,2.94E-10,0.068710931,-9.29E-12
3257,2331.305217,20203.76922,731.1824261,1008.277529,7800.075091,78.12985229,2043.038907,2915.514611,2570.743909,2319.298941,5.25E-11,42001.27,2.38E-10,0.065700094,-4.48E-12
3258,2394.928353,20515.79481,751.4522726,1019.347344,8005.508404,80.99854295,1024.115135,2996.140884,2456.559397,2395.390917,5.22E-11,41640.17,1.88E-10,0.066057346,-7.07E-12
3259,2478.244717,20712.04672,766.2803794,1030.422125,8193.084925,84.12839115,184.4175165,3056.256339,2289.335176,2447.9364,15,41257.09,1.65E-10,0.062693182,1.15E-12
3260,2463.16315,20303.73089,763.131678,1040.518031,8082.785495,83.19499172,21.39422691,3024.012392,2120.097617,2408.198864,495,40805.15,1.82E-10,0.077334986,6.28E-12
3261,2438.504109,17419.38583,684.819837,721.1328321,8030.603539,82.48012404,1.020505394,2901.890124,2031.745409,2147.509822,515,36974.03,2.00E-10,0.062137252,2.35E-12
3262,2396.659281,14135.14347,307.2174829,146.0270838,7939.307261,81.15151585,0.019106859,2720.905719,1844.921227,1981.929538,516,32069.23,1.68E-10,0.051680883,2.56E-12
3263,2376.786242,11578.24754,152.2675449,111.3194598,7877.463491,80.34382312,0.018256656,2610.648682,1745.268616,1973.131762,515,29020.44,1.67E-10,0.055420852,9.43E-13
3264,2267.348373,10630.57835,153.3919828,105.0766972,7962.283835,81.51084139,0.019485096,2620.087769,1711.434688,2020.132412,516,28067.81,1.46E-10,0.054436325,3.71E-12
3265,2230.548987,10666.73909,156.3364075,95.27672351,8041.471721,82.52468785,1.328836848,2508.120827,1661.596519,2006.832469,296,27746.73,1.51E-10,0.046267256,5.15E-12
3266,2178.246148,10408.92966,143.5097888,64.13297666,7769.823445,78.79344096,1.066498699,2344.150984,1519.817933,1932.59167,815,27256,1.87E-10,0.06254175,6.01E-12
3267,1967.731928,10167.78906,153.3128833,63.42828776,7892.514579,80.45842407,2.165395597,2367.822976,1542.779803,1955.390763,824,27005.9,1.75E-10,11.49409992,-3.65E-12
3268,1959.791928,10437.37662,312.67255,87.46560609,8126.877889,83.67838624,118.3660368,2351.407422,1622.653333,2206.715148,622,27928.93,1.63E-10,0.074923563,-1.71E-12
3269,2249.824344,13736.39299,547.795177,254.6775157,8399.337064,87.58573413,1013.585711,2427.072546,1654.838677,2439.89332,633,33443.94,1.60E-10,0.06308252,3.81E-12
3270,2225.142271,18171.6525,788.3288176,966.5632426,7952.640928,81.4626055,2388.459469,2249.104794,1533.141923,2369.735285,704,39430.16,2.01E-10,0.071838082,-5.71E-12
3271,2031.177851,18367.79325,659.6236775,811.854689,7260.826283,72.17428511,3703.417141,2144.647144,1454.211997,2169.215613,746,39420.86,5.16E-10,0.081934606,-1.06E-12
3272,1855.80913,16877.79046,786.8641459,677.1161567,6663.586648,64.05732427,5454.953177,1920.683237,1336.925399,2018.146185,699,38354.85,8.72E-07,0.081861232,-4.17E-12
3273,1848,15836,746,536,6372,63,6990,1868,1344,2016,1022,38640.9005,0.00667104,0.09283016,2.31E-12
3274,1618,15181,719,533,6376,63,8160,1766,1372,2017,1025,38829.91784,0.01033012,0.07182787,-1.19E-11
3275,1454,15177,712,602,6376,63,8625,1613,1327,2017,1025,38990.92001,0.012068746,0.067924078,-7.32E-12
3276,1508,14755,684,489,6452,63,8475,1590,1291,2017,1025,38348.9211,0.012218648,0.066683954,-7.39E-13
3277,1592,14272,664,460,6596,63,7808,1634,1271,2017,994,37370.92544,0.010333715,0.064223708,-6.85E-13
3278,1924,14216,663,447,6580,103,6690,1667,1286,2018,1025,36618.93517,0.005928576,0.05889998,-5.08E-12
3279,2313.099547,15951.69971,676.4203434,572.9270699,6713.080888,105.1034525,5535.228857,1817.004051,1346.094496,2085.677999,1025,38141.27,1.30E-09,0.066415034,2.86E-12
3280,2423.173831,18724.8687,700.7452221,688.3976795,7000.502333,111.0717758,4224.842704,1912.656501,1491.089803,2125.560851,1025,40427.84,7.66E-10,0.069396812,-2.20E-12
3281,2553.263676,20399.72348,727.2495619,982.8287212,7232.918178,115.189291,2670.898973,1979.71625,1592.208825,2254.247194,1025,41533.18,3.15E-10,0.064147764,6.83E-12
3282,2662.702615,21809.72177,748.964321,1048.0671,7331.163707,121.3587107,1215.811005,1851.993286,1684.385159,2352.314789,1025,41851.42,2.16E-10,0.062462717,6.98E-12
3283,2726.760353,22211.62699,766.8381652,1109.734142,7553.533579,124.4384261,218.425746,1715.531044,1663.384681,2462.752892,1025,41577.96,1.60E-10,0.066021345,-9.44E-12
3284,2735.187656,22405.13956,764.7349268,1215.572959,7560.271187,124.5877828,17.43044093,1471.204781,1598.844628,2428.961076,1025,41346.87,1.74E-10,0.065001311,-3.29E-12
3285,2561.401186,20486.83091,525.2522032,806.3250083,7414.103321,123.561147,2.058491009,1320.711387,1536.803583,2331.412501,1025,38133.4,2.14E-10,0.05973709,4.13E-13
3286,2512.916205,17109.07823,261.5037405,171.0841627,7234.92858,120.7439598,0.017606688,1237.200276,1462.963648,2251.08565,924,33285.45,1.83E-10,0.072057736,-6.64E-13
3287,2495.563918,14646.81569,121.2776482,117.0518065,7000.713448,119.6851217,0.016493293,1138.177593,1451.745824,2219.914875,974,30284.9,1.96E-10,0.062417934,6.04E-13
3288,2344.925724,13628.78701,111.9896587,102.2460708,7069.083798,120.7942138,0.017659531,1111.348335,1457.248533,2242.810324,974,29163.2,1.81E-10,0.051322862,-6.90E-13
3289,2213.755299,13484.62028,100.0839866,71.60418004,7064.028017,120.7404794,2.3168545,1037.847999,1435.738024,2242.908456,972,28745.59,1.80E-10,0.053575459,-1.02E-13
3290,2341.727101,12976.2016,104.0984602,70.14076846,7181.93876,121.9693538,2.113371318,1031.995239,1427.141527,2269.535552,629,28155.8,1.66E-10,0.061735391,1.47E-12
3291,2299.782816,12961.78074,105.7298859,66.61868687,7303.081144,104.9464675,4.235619335,968.2711216,1379.679525,2340.418535,527,28045.39,1.87E-10,16.15454264,1.76E-12
3292,2332.232761,13376.74445,127.2222577,83.98194617,7346.86718,96.08902606,122.5710792,917.8626652,1360.371071,2316.904881,889,28969.78,2.19E-10,0.067318458,3.74E-12
3293,2645.312144,16441.3966,188.7759421,267.7678094,7819.250765,103.5460117,1000.637662,1006.856571,1496.597722,2462.966897,732,34165.05,1.52E-10,0.058119647,-4.65E-12
3294,2511.054196,20945.43806,178.2129811,835.8384558,7396.524565,97.97716792,2342.606696,919.3910078,1146.847668,2369.648982,884,39627.47,2.01E-10,0.069778708,-1.74E-12
3295,2454.933583,21825.61135,137.4999986,892.8801703,6928.532339,91.72281008,3521.734471,770.4765349,1063.218352,2210.643893,610,40507.18,3.91E-10,0.073506353,-5.06E-12
3296,2265.840804,20174.14133,74.29592909,851.8190081,6314.535695,83.3360842,5284.930418,579.2554574,894.117266,2070.455597,580,39172.65,1.72E-09,0.077592697,-2.61E-12
3297,2159,18900,47,662,6047,80,6565,473,843,2017,935,38727.90968,0.004424252,0.085897804,-4.32E-12
3298,2188,17878,46,559,6038,81,7625,229,652,2016,918,38229.93154,0.007579435,0.060883137,-4.04E-12
3299,2257,17536,46,514,5830,81,7910,403,818,2017,994,38405.89489,0.008677184,0.096429124,1.39E-11
3300,2242,16940,46,496,5826,81,7605,400,886,2017,994,37532.93139,0.009214799,0.059395683,4.35E-13
3301,1917,16810,47,517,5808,87,6946,396,879,2017,1025,36448.93481,0.008012119,0.057178829,-2.07E-11
3302,1955,16950,47,463,5788,91,5940,392,879,2018,1025,35547.93851,0.00351609,0.057978834,3.23E-12
3303,2046.742077,18729.04941,60.44504222,600.3532629,6158.921975,94.43075343,5080.609173,424.0021217,998.830009,2061.365496,1025,37279.65,2.38E-09,0.099325991,-2.91E-12
3304,2438.912529,20776.2724,83.69652284,757.2191719,6589.012249,100.5930262,3800.406946,487.1959675,1139.989794,2179.271065,1025,39377.51,4.83E-10,0.059671578,-4.66E-12
3305,2543.694739,22025.35901,119.7307261,1166.139789,6885.388273,105.8670443,2426.899259,538.0264898,1132.630383,2250.462374,1025,40219.14,3.19E-10,0.058088087,2.06E-12
3306,2628.544739,22817.02385,156.0916451,1399.15297,7148.13716,108.5552879,1102.911869,595.529536,1089.197402,2361.972524,1025,40432.07,2.10E-10,0.046978097,-6.38E-12
3307,2691.655435,23011.97399,157.5137345,1256.614274,7346.903213,111.2651552,200.0199594,622.3305227,1028.918898,2414.410585,1025,39866.56,1.80E-10,0.045764577,1.17E-12
3308,2700.464201,23092.72461,145.1763303,1234.238602,7400.931624,116.1410185,21.15863632,616.6959594,988.324098,2412.63017,921,39649.44,1.82E-10,0.045253471,4.08E-12
3309,2690.38642,22001.44279,284.0482704,707.0876935,7435.759446,124.7970606,1.087290916,609.6198153,986.6433853,2203.218466,347,37391.05,1.71E-10,0.040633447,1.17E-12
3310,2592.748557,18291.05292,360.0958995,343.5419946,7147.657972,119.6447158,0.01750233,547.4059093,854.3546142,1909.761638,819,32985.25,2.11E-10,0.031726066,6.63E-12
3311,2491.777007,15705.55508,338.7824355,281.2969296,6897.663519,117.3892008,0.0151306,519.3168308,829.0179309,1865.045905,825,29870.81,2.42E-10,0.04997407,-4.16E-14
3312,2440.476743,14363.68019,338.4412991,267.9636337,6885.798715,119.543012,0.016326694,544.1572362,868.925388,1925.820059,825,28579.77,1.92E-10,0.05260326,9.81E-13
3313,2519.706583,13663.25251,342.1061426,237.5639753,6779.006163,118.920757,4.292146002,530.228966,874.2704728,1892.367695,825,27786.66,2.15E-10,0.055414356,5.67E-12
3314,2499.346951,12837.07954,350.2803214,232.5046212,6802.342302,118.8922689,2.116619256,534.2877816,844.7197687,1890.876811,825,26937.39,2.16E-10,0.05698938,-1.93E-12
3315,2505.114315,12224.55797,333.7184941,207.5084889,6970.063487,117.1323846,2.196424556,543.4372292,833.7884451,1902.419144,825,26454.85,2.10E-10,10.08638182,-4.25E-12
3316,2486.301625,11441.58166,336.8514376,247.590206,6982.598783,115.692929,121.3757704,547.7266917,894.285233,2107.020173,924,26204.96,2.22E-10,0.064511413,-3.22E-12
3317,2518.102307,12317.5131,345.8672392,389.6561526,7041.341851,115.4511346,947.8284392,563.790002,1001.443856,2252.469848,943,28436.41,2.98E-10,0.053929238,1.26E-12
3318,2522.010712,13916.63843,362.1921504,701.0039943,7191.144946,117.5261261,2342.263395,597.0586297,1220.516169,2278.556416,1,31249.87,2.72E-10,0.040971214,-1.99E-12
3319,2391.997192,15352.13728,366.1778736,1001.966039,6770.878989,113.8542619,3611.808182,504.5496185,1444.476696,1189.985931,1,32748.78,4.24E-10,0.052065767,-2.05E-12
3320,2300.255232,14548.88871,340.6750111,1279.717218,6310.775511,107.4357615,5547.147148,409.8361142,1868.665066,572.4512104,6.25E-11,32883.82,1.56E-09,402.0269845,-1.76E-12
3321,2219,14392,354,861,6060,104,6970,364,2228,522,5.33E-11,33613.96935,0.008214407,460.0224362,7.62E-12
3322,2221,13318,292,670,6060,104,8195,367,2510,522,5.04E-11,33902.08933,0.013974683,356.8966933,-6.82E-13
3323,2226,11425,291,620,5949,103,8675,396,2832,522,5.21E-11,32638.03405,0.013576598,400.9523783,-4.77E-12
3324,2218,10636,169,576,5832,103,8740,439,3463,522,5.46E-11,32298.21157,0.01473629,399.7736979,-4.83E-12
3325,2206,9806,53,412,5834,102,8216,500,4089,519,4.95E-11,31257.7725,0.011039107,479.2164622,3.41E-12
3326,2147,9116,52,396,5830,102,7225,486,4630,1814,5.46E-11,31169.65425,0.011451954,628.3343022,-1.71E-12
3327,2128,9061,52,472,6010,102,5775,260,3245,1813,684,29601.93166,0.002236114,0.066101798,2.72E-12
3328,2219.240962,10580.36843,60.84055421,610.1734195,6228.988882,106.4003816,4172.979148,504.6074185,4494.640221,2057.024317,1022,32057.2,2.48E-09,0.063738789,-1.51E-12
3329,2379.7215,12870.21026,97.85391509,798.2012547,6762.896548,72.3270146,2663.63809,619.004544,4574.624248,2194.119614,1025,34057.54,4.34E-10,0.056986873,-2.41E-12
3330,2508.519806,14262.78606,123.9736095,1146.143453,7141.307101,77.55102659,1209.280852,709.4550268,4454.85476,2292.562631,881,34807.39,2.65E-10,0.044327019,2.90E-12
3331,2593.58668,14912.58455,139.6522221,1131.68906,7396.383008,81.03900349,192.4972918,778.2589416,4573.707481,2430.124945,517,34746.48,1.73E-10,0.043184166,1.68E-12
3332,2612.530076,15054.87495,137.0117485,1381.218334,7349.30927,103.9642403,175.0807575,826.2635752,4651.259259,2248.448884,517,35056.92,2.13E-10,0.041091782,7.67E-12
3333,2647.311558,14497.83212,135.0852269,757.3562878,7360.835448,102.2962698,2.117534924,843.0072669,4638.264229,2089.540273,517,33590.61,1.72E-10,0.036210793,3.86E-12
3334,2613.070785,11817.98441,123.7322463,244.8007817,7281.030944,98.32219333,0.018646064,868.4593006,4713.264633,1824.967181,517,30102.63,1.89E-10,0.021123057,-1.73E-12
3335,2351.756134,9740.479678,108.3941627,128.5646217,6951.893994,96.55646267,0.016745385,857.1361185,4731.932174,1676.637276,517,27160.33,2.22E-10,0.037366794,-9.40E-13
3336,2301.756364,8805.369308,111.841218,114.8346527,6781.172487,94.23770372,0.01423409,809.8122526,4711.393946,1679.880089,517,25927.27,2.18E-10,0.042255474,4.39E-12
3337,2495.06398,8169.793377,109.8249952,89.462106,6787.939621,93.66273663,2.272024418,788.0814054,4600.722423,1678.985579,267,25082.77,2.19E-10,0.038248894,1.74E-12
3338,2295.312487,8374.799796,118.8094804,73.9516773,7162.780666,96.56971285,1.133789155,549.0930453,3183.395827,1715.835812,671,24242.64,1.91E-10,0.042293587,2.60E-12
3339,2188.473142,7328.912089,103.5528721,58.40550338,6775.096347,90.78931605,2.171366583,792.2838842,4169.697791,1624.832881,675,23800.4,2.84E-10,8.815191937,-3.61E-12
3340,1918.111842,6890.062543,104.1319975,56.97778453,6720.043948,89.94314215,108.5878208,733.7242039,4370.711164,1621.676084,675,23288.92,3.11E-10,0.050530028,-6.32E-12
3341,1889.076269,7280.700398,95.04160949,58.83862032,6549.94472,86.65356223,800.5317051,780.540262,4468.330114,1601.703222,675,24286.31,3.65E-10,0.050481909,-5.20E-12
3342,2190.886999,7299.085223,62.10052563,305.781921,6307.744112,83.3877701,1906.127171,748.4822989,4540.210702,1618.06574,774,25835.82,6.82E-10,0.052462831,-3.22E-14
3343,2129.775396,7646.273021,62.00612537,579.0421369,6319.178906,83.70956333,3124.270791,733.1010708,4660.126293,1706.970847,824,27868.41,8.23E-10,0.044149105,-4.03E-12
3344,2148,7123,47.00000001,660,6052,90.00000001,4905,695,4747,1623.451557,624,28699.14136,1.74E-08,15.3101964,-3.31E-12
3345,2134,7434,46,653,6053,92,6365,630,4590,1614,623,30217.34293,0.002453472,16.65461887,-1.46E-13
3346,2152,7524,47,492,5932,92,7455,629,4505,1614,623,31053.035,0.008925117,11.95607739,5.94E-12
3347,2204,7597,47,553,5845,92,7990,599,4404,605,623,30547.00898,0.00309533,11.98792115,1.05E-13
3348,2188,8547,47,430,5844,81,8085,604,4350,605,429,31196.80666,0.01144687,13.18189069,6.86E-12
3349,2196,8407,50,552,5854,81,7712,626,4154,603,428,30647.64573,0.011982935,15.34228336,-3.64E-12
3350,2216,8339,50,360,5960,81,6645,709,4499,1316,525,30679.69568,0.01142363,20.29289304,3.92E-12
3351,2234,8911,68,574,6054,81,5245,775,4484,1410,530,30365.96793,0.001725436,0.0303415,-4.06E-12
3352,2277.496439,11326.93262,79.37270627,974.0286005,6197.016073,82.94431036,3633.495639,777.1359366,4024.651555,2099.561658,1019,32491.6,1.03E-09,0.035533279,-4.97E-12
3353,2479.465979,14071.2589,93.215953,1194.352807,6824.601196,90.19035662,2250.944402,911.444392,3707.162263,2238.811656,1025,34886.42,3.36E-10,0.027903108,-2.76E-12
3354,2554.693689,16232.00893,114.4791891,1291.767347,7145.968105,94.57053565,932.3120972,938.1046313,3365.050089,2380.811357,1025,36074.74,1.98E-10,0.025969133,-1.70E-12
3355,2605.244157,17373.08156,133.2042809,1314.208935,7409.013991,98.17321764,133.2701875,890.3976846,2729.109139,2427.941699,1025,36138.62,1.74E-10,0.024848739,-9.52E-12
3356,2665.761242,17976.59724,143.5334408,1270.982578,7571.582439,101.0865214,160.70729,597.0149169,1970.752977,2443.916012,997,35898.9,1.66E-10,0.034656006,-1.14E-12
3357,2584.5139,16404.96926,249.9717554,1137.730535,7148.548902,99.29908413,1.140453497,878.8505741,2295.800563,2155.047671,917,33872.85,1.90E-10,0.022698002,-9.34E-12
3358,2567.80429,14317.44877,363.2798312,427.441513,7161.712663,110.6671221,0.020334556,834.9585772,2105.848194,1789.694099,288,29966.85,1.56E-10,0.025397826,-1.15E-12
3359,2538.478926,12866.98727,363.1392257,192.5959242,6940.876471,121.4496413,0.016576869,761.633986,1919.72677,1410.086603,178,27292.96,1.86E-10,0.031392331,-5.52E-13
3360,2503.671967,12252.609,337.1447586,169.9887002,7065.612268,112.6305631,0.015816825,765.5330143,1859.657283,1418.685332,178,26663.52,1.83E-10,0.028701489,-5.49E-13
3361,2494.827707,11949.26722,451.2831881,149.5369438,7042.977657,118.2908349,0.27600325,727.4182185,1834.669736,1393.803209,175,26337.32,1.99E-10,0.030721498,2.53E-13
3362,2498.730374,11729.0702,380.5470333,127.4282116,7030.680624,121.0273188,0.10501736,667.3649807,1813.322247,1391.699492,178,25937.94,1.98E-10,0.035497176,1.48E-12
3363,2426.377786,11493.84606,467.0245473,118.1782281,6798.715695,118.4572966,0.170684929,606.0854588,1728.229202,1777.828329,374,25908.87,3.50E-10,0.043292374,-3.15E-13
3364,2429.893094,11138.05504,568.4774161,118.824676,6860.34762,119.1145571,129.9896514,671.7172319,1753.65665,2207.889139,1014,27011.93,3.39E-10,0.035075851,-3.06E-12
3365,2588.454892,14119.46515,712.0153078,151.5883555,7436.039102,120.9596717,980.8518076,801.2046637,1914.930264,2395.027839,1025,32245.5,1.72E-10,0.037054738,-1.35E-12
3366,2539.747367,18187.68291,697.3839938,771.3383766,7222.137845,113.9638931,2323.495666,715.8679613,1760.044213,2314.509102,1025,37671.13,2.28E-10,0.041324197,2.29E-12
3367,2370.316991,18615.30288,587.7105018,951.2214407,6645.182237,108.1911498,3472.021382,554.7617783,1627.641786,2199.264915,1024,38155.56,3.72E-10,0.055061113,2.97E-12
3368,2260.010173,17557.53238,409.3648681,921.8600223,6282.641758,109.187007,5129.756564,497.1226711,1745.220192,2104.008049,783,37778.91,8.28E-10,20.79368636,2.59E-13
3369,2170,16789,461,764,6064,111,6160,484,1762,2043.575888,781,37566.65237,3.31E-09,22.9235147,-1.13E-12
3370,2162,16363,526,522,6142,114,7085,543,1796,2015.762362,574,37826.33995,1.57E-06,16.42240724,-2.24E-12
3371,2160,16727,526,584,6152,118,7430,586,1739,2017,536,38558.07582,0.000894797,16.92328027,-1.35E-12
3372,2154,16706,426,382,6152,118,7250,604,1647,2017,780,38221.80942,0.006887479,14.18369228,-1.13E-11
3373,2168,16346,407,387,6142,109,6675,643,1667,2018,1023,37570.06178,0.008073926,14.93014722,1.40E-12
3374,2176.830048,16488.85274,357.7424767,385.0739893,6158.908541,91.21001219,5688.887752,716.4485933,1828.099765,2018,1025,36915.41,0.003341437,19.64057502,1.55E-12
3375,2361.512581,18041.51729,450.5802126,575.9644121,6692.872852,102.0985394,4759.258162,1140.221605,2123.4457,2127.028845,1025,39399.46,7.12E-10,0.040198044,4.80E-12
3376,2502.262369,19381.05172,549.0879126,891.6944818,6959.541384,102.1312337,3457.175542,1344.469508,2455.811786,2200.923092,1025,40869.11,4.14E-10,0.039033206,-7.09E-12
3377,2583.753961,20016.44072,563.3288514,1116.635359,7125.7789,105.1137957,2108.699791,1539.476617,2650.978564,2318.803235,1025,41153.98,2.42E-10,0.029794736,3.17E-12
3378,2664.07153,20820.76424,583.5772748,1080.166713,7338.473652,108.8779688,913.4458817,1638.375933,2655.103241,2409.635639,1025,41237.46,1.83E-10,0.032071942,-5.64E-12
3379,2737.226352,20953.33597,523.00291,1221.739448,7612.465653,111.5728479,170.3305322,1682.133401,2766.453928,2007.614876,1025,40810.85,1.44E-10,0.025916513,1.18E-12
3380,2647.518936,20628.7857,594.6200795,1001.627121,7523.307565,119.1387285,26.85790905,1651.64996,2766.028178,1956.22079,859,39774.72,1.61E-10,0.034972131,-1.90E-12
3381,2559.047159,17475.56697,306.8360355,844.776089,7275.699445,124.004159,2.177090089,1694.236792,2988.203275,2155.522715,923,36349.04,1.92E-10,0.029729572,-3.74E-12
3382,2546.803792,13710.61474,352.224404,302.368908,7221.505179,129.5009475,0.018879124,1469.105172,3072.911611,2049.670868,754,31608.7,1.73E-10,0.024501241,-4.90E-13
3383,2516.176297,10897.2096,335.4576145,153.1286539,7050.626936,133.401918,0.016263905,1315.845341,3210.021637,1963.362795,641,28216.21,2.23E-10,0.037059097,-3.60E-12
3384,2434.915676,9258.436342,332.3470932,112.6256405,6920.587021,132.323359,0.014158724,1392.057453,3363.672643,1981.341981,872,26800.29,2.07E-10,0.031367941,2.85E-12
3385,2353.623243,9012.694103,354.693063,113.7707671,7347.040543,135.9356776,2.379727193,969.8445474,2840.92169,2006.863406,824,25961.74,1.42E-10,0.026767699,1.25E-12
3386,2040.162773,7576.262629,328.2173316,100.59075,6811.375147,128.8347194,1.087295086,1595.615989,3781.600945,1839.185873,771,24973.89,2.52E-10,0.043453292,-2.17E-12
3387,1887.889402,7685.109153,342.7391825,105.2925662,7116.198126,134.0028923,1.257005766,1652.961222,4055.417808,1524.607399,7.70E-11,24505.43,1.98E-10,0.044757205,1.55E-12
3388,2230.225884,8621.567905,345.1304874,103.0857903,7013.476948,133.4945451,120.726726,1649.209895,4009.189969,1304.107965,6.62E-11,25425.01,2.36E-10,105.2061146,2.17E-12
3389,2483.914742,12098.22707,365.6118338,200.9750476,7108.691441,136.5646017,856.0919076,1693.424998,3926.370743,2282.762415,8.85E-11,30851.34,2.03E-10,301.2948033,-1.88E-12
3390,2507.845532,15864.22813,377.1736852,724.4422194,6742.911449,132.1312384,1947.609958,1584.579604,3787.251274,2262.556019,623,36553.68,2.82E-10,0.049103805,2.85E-12
3391,2440.046906,16528.57997,232.9618946,912.4030459,6491.683219,124.6839195,3015.956709,1600.07636,3897.934404,2199.223015,224,37667.5,3.81E-10,0.049439107,1.66E-12
3392,2272.846083,15470.90254,79.85402687,802.9299241,6034.949289,128.112919,4751.211804,1739.84463,3555.828703,2080.611599,7.04E-11,36793.52,1.22E-09,123.5715135,-1.15E-12
3393,2256,14385,63,572,5746,124,6050,1661,3392,2017,5.98E-11,36068.63971,0.002869055,197.35742,-3.55E-12
3394,2252,13903,64,517,5742,112,7500,1548,3284,2018,6.27E-11,36634.61858,0.007939775,305.3734839,3.41E-13
3395,2275,13748,47,542,5732,127,8155,1645,3258,2018,1,37527.11273,0.012372589,20.87489282,1.67E-13
3396,2252,13207,46,474,5764,126,8325,1762,3060,2017,1,37014.32472,0.012931914,19.66234592,-2.47E-12
3397,2252,12617,46,428,5764,111,7930,2067,2810,2018,1,36020.51925,0.011051544,23.46969728,-5.81E-12
3398,2278,12860,46,447,5825,92,6925,2358,2636,1345,539,35323.13596,0.007801274,27.8562379,5.19E-12
3399,2303.053434,14453.79105,56.58032576,504.2045233,5894.953015,96.97674847,5625.506445,2511.061922,2587.070963,1880.975573,559,36473.12,6.88E-09,0.054001923,-5.51E-13
3400,2492.924123,16668.06455,94.9682006,812.2209361,6201.435243,110.0790492,4289.902756,2712.400474,2797.044894,2016.199483,610,38805.2,5.11E-10,0.039710462,1.94E-12
3401,2590.648377,17963.7639,105.6013003,1013.04454,6671.671331,120.4468755,2679.466228,2849.006776,2991.287166,2244.336448,719,39948.24,2.96E-10,0.032942487,4.80E-12
3402,2715.547396,18854.37071,108.7238055,968.7035571,7032.32196,133.8657513,1225.548436,2884.492684,2968.219818,2351.02744,1021,40263.79,2.03E-10,0.031553006,1.07E-11
3403,2716.140023,19348.76365,122.8085026,1083.072852,7558.532924,148.1009004,233.2952819,2698.349155,2747.803901,2186.26872,819,39662.1,1.55E-10,0.035911569,-1.87E-12
3404,2751.10052,19557.2793,129.5971053,874.5561158,7688.419829,152.405476,23.3647476,2750.959352,2441.484342,2185.764624,369,38923.9,1.55E-10,0.031415811,-3.12E-12
3405,2633.150673,17014.79759,165.0759259,683.2255536,7358.208308,148.9758421,4.247811185,2729.160516,2174.673557,1945.946122,722,35579.43,1.97E-10,0.031898461,8.53E-12
3406,2226.881131,13074.24118,355.5801483,219.6178459,7337.559754,147.8464787,0.018707001,2789.554972,1956.857761,1942.941088,725,30776.05,1.78E-10,0.049067414,-1.58E-12
3407,2074.128027,10330.069,376.6862966,142.2946211,7373.552275,149.7076981,0.019187383,2687.089463,1890.63139,1932.17898,725,27681.3,1.77E-10,0.056940929,4.74E-12
3408,2423.922427,9133.565302,384.815255,104.7807486,7470.24366,151.5636483,0.02016871,2614.584484,1762.852721,1948.991968,724,26719.29,1.68E-10,0.050383821,-3.22E-13
3409,2605.126973,8717.98971,375.4564899,80.78273097,7422.84281,148.8706012,5.407698173,2534.814396,1625.765192,1921.749142,724,26162.75,1.83E-10,0.055742996,8.53E-13
3410,2571.534271,8658.144155,344.6204778,76.3293385,7332.131405,148.4880505,2.161097702,2442.323171,1480.053405,1948.754023,724,25728.48,1.67E-10,0.059394814,5.63E-12
3411,2581.885934,8688.542653,378.295854,76.48843332,7289.411964,150.1307141,3.320064528,2428.859046,1477.832681,1928.103261,727,25729.8,1.82E-10,0.070604248,6.00E-13
3412,2606.243863,9114.500323,355.683403,76.60666509,7211.241391,148.2658707,69.13384723,2358.238862,1500.527558,2317.73633,1022,26773.9,2.07E-10,6.278113526,3.47E-12
3413,2820.369138,12269.99512,536.4651295,181.7826584,7789.311643,158.8525764,653.2308074,2604.703579,1643.938092,2495.129973,1022,32163.05,1.34E-10,12.7287191,5.25E-12
3414,2919.086689,18073.3671,428.5143985,820.2781993,7846.462234,159.5944322,1752.054707,1511.837265,1567.035729,2524.619238,625,38227.8,1.34E-10,0.049989816,5.23E-12
3415,2686.538924,18210.72484,569.4161862,1447.267367,7032.393414,145.3190974,2768.936077,2110.272458,1472.977348,2241.365311,678,39363.15,3.00E-10,0.061027641,-8.00E-12
3416,2546.350124,17099.13103,400.531753,1157.960793,6849.91338,139.8695345,4434.151636,1881.406277,1404.042368,2168.13456,505,38555.8,4.41E-10,30.69146047,-5.31E-12
3417,2379.726364,15846.07025,315.4518071,894.7471354,6396.504121,132.648833,5919.201894,1616.042234,1302.543748,2052.851443,421,37234.16,2.13E-09,42.62783022,2.76E-12
3418,2309,15268,80,543,6220,131,7245,1548,1304,2011,418,37033.00313,0.004217901,43.99264793,2.34E-13
3419,2320,14694,54,441,6218,130,8135,1718,1353,2010,890,37934.75147,0.007685768,28.24084613,4.32E-12
3420,2308,13356,50,383,6231,130,8385,1917,1452,2012,1024,37222.02916,0.009293157,25.96154813,1.74E-12
3421,2258,12544,50,408,6228,130,7798,2050,1550,2013,1004,36002.4213,0.007597281,30.57110444,-1.13E-12
3422,2217,12739,52,438,6224,130,6660,2181,1777,2013,1004,35397.90502,0.003847135,37.09113571,5.83E-12
3423,2347.189262,15050.67253,69.62293625,621.3180958,6568.940874,135.2266006,5406.983789,2358.884967,1962.967437,2107.168889,1025,37653.91,8.33E-10,0.065377798,8.13E-12
3424,2486.872852,17595.96788,87.0620818,855.3008786,6889.956906,139.9486925,3873.537039,2490.91132,2194.83931,2162.303991,1025,39801.65,5.18E-10,0.050953174,2.00E-12
3425,2613.859579,18671.6523,127.9882105,1069.387906,7177.161905,143.5999532,2417.021196,2563.844693,2323.782649,2279.786778,975,40363.04,2.73E-10,0.045172447,-6.12E-12
3426,2696.919776,19287.4501,140.5219131,1173.464797,7316.321533,147.2091772,1107.043917,2622.207193,2384.990995,2389.800435,974,40239.89,1.89E-10,0.039832642,1.92E-12
3427,2753.819979,19908.35954,120.2541836,990.4623071,7373.072283,149.8640711,228.3717824,2527.566025,2348.759392,2455.4032,1024,39879.89,1.53E-10,0.042765638,-3.20E-12
3428,2743.07089,19560.77143,119.647235,932.9515263,7341.269849,150.2021637,169.1532516,2597.552596,2406.8679,2383.721531,1024,39429.17,1.81E-10,0.038368679,1.11E-12
3429,2712.772716,17130.61441,178.5300303,656.5336756,7350.914303,149.7412448,4.34598058,2528.845089,2522.909655,2172.726468,927,36334.91,1.79E-10,0.023570284,-3.39E-12
3430,2774.397241,13931.47743,409.9199357,157.4595258,7708.427798,155.3743817,0.023778618,1346.313977,2196.435298,1950.480385,801,31431.28,1.50E-10,0.029753504,3.89E-14
3431,2654.434313,10952.3756,378.2211409,83.69443231,7342.770046,149.0178284,0.017963937,1812.56101,2249.685853,1841.662086,824,28288.39,2.04E-10,0.050274548,-2.96E-12
3432,2661.695925,9793.863742,380.5450131,82.74291851,7358.944355,148.220872,0.018275699,1810.001237,2199.469482,1880.254961,800,27115.71,1.79E-10,0.046781429,-1.12E-12
3433,2647.667071,9313.107175,472.0042226,61.25072147,7329.79685,147.6935018,0.35422426,1792.907889,2089.442202,1896.815807,800,26550.99,1.69E-10,0.049664769,-2.75E-12
3434,2620.364637,9099.397413,387.2219744,54.98792557,7283.832408,146.9077273,0.151563292,1706.568693,1940.484236,1866.81324,799,25905.67,1.86E-10,0.059817325,5.87E-12
3435,2593.918005,9083.633282,404.6022046,53.52889604,7231.179794,146.7545664,3.286157613,1675.220769,1940.676818,1868.100543,824,25824.83,2.28E-10,0.071035671,1.56E-12
3436,2631.0123,9773.94095,367.7703839,73.4817662,7327.011435,146.0573199,117.9585355,1614.482967,1955.466487,2084.067756,923,27007.73,2.35E-10,6.519900264,-1.30E-12
3437,2789.620462,13126.62933,398.3467314,418.1168548,7801.857071,143.175593,627.1580162,1706.8809,2076.90521,2416.510261,1024,32516.12,1.67E-10,13.08043237,-2.00E-12
3438,2692.591886,18801.75359,407.8807726,857.2034804,7634.126584,140.7170816,1418.124603,1565.168488,2016.871023,2438.615414,1101,39074,1.65E-10,0.052921181,5.05E-12
3439,2621.777313,20792.16159,378.9516468,1055.417434,7294.147915,126.4878836,2066.49602,1544.578014,1964.201681,2314.099107,1101,41259.26,2.27E-10,0.05860281,4.51E-12
3440,2571.544358,20777.49992,104.7584985,1326.698673,7087.566886,121.6986959,3547.147769,921.1406048,1681.536227,2272.968204,1076,41461.7,2.59E-10,26.85984048,-4.96E-12
3441,2443.440754,19878.87737,75.3029714,750.9201911,6636.105038,114.9330289,4417.162042,1221.469013,1793.332335,2135.414552,1076,40509.8,6.12E-10,33.15729206,2.49E-13
3442,2375.626531,19369.36857,63.93168389,451.0382959,6446.676743,112.0882649,5210.286491,1140.098925,1764.15717,2064.076828,1075,40041.32,1.88E-09,31.02950013,-7.60E-13
3443,2362.568548,18478.58384,58.2057038,459.2763977,6312.487151,112.5035689,5725.529218,1132.956327,1792.69002,2036.928589,1025,39479.02,5.13E-09,17.70936042,-3.46E-12
3444,2367.443026,17928.16173,55.25207966,634.0545485,6143.341903,91.69059937,5806.840703,1012.209582,1743.646876,2017,923,38704.76,0.000683956,17.88036456,-7.22E-12
3445,2436.450787,18338.53993,63.43697004,482.1630619,6261.5091,94.48896549,5353.615679,1030.114855,1769.236732,2059.525498,655,38523.88,1.94E-09,20.20157888,1.19E-11
3446,2492.698797,19201.24315,69.72164774,513.9296359,6439.559993,96.80393096,4730.945892,990.6757529,1850.586111,2108.345831,795,39264.11,8.52E-10,25.40073794,8.19E-12
3447,2586.159899,20374.21306,107.4665046,799.8811618,6772.795991,132.1041791,3836.110954,1286.567532,1876.501146,2217.872585,1099,41088.62,3.59E-10,0.05300883,-1.51E-12
3448,2644.108268,21622.16322,129.6109446,1345.128061,7124.515076,142.2483138,2950.304027,1467.007588,1968.23283,2275.81548,1071,42740.09,2.82E-10,0.043809741,-5.59E-12
3449,2646.903104,22335.42678,139.5731857,1228.753478,7360.091732,152.9349825,1984.944638,1501.337316,2033.653328,2353.320627,1075,42811.9,2.14E-10,0.039169243,5.69E-12
3450,2749.43133,22736.77153,148.720011,1163.073394,7556.149397,151.9412946,1059.086745,1521.615963,1999.367228,2438.550979,999,42523.67,1.69E-10,0.037868764,7.04E-12
3451,2773.826114,22791.61993,151.2032168,1015.324531,7665.499582,123.1620833,360.1270105,1486.616461,1906.284312,2502.174959,974,41749.79,1.40E-10,0.048198754,8.38E-12
3452,2800.387483,22271.12292,155.4692791,784.2594094,7727.820301,125.9273447,73.23920006,1774.344115,2055.323949,2459.24481,500,40727.1,1.54E-10,0.038807314,-6.01E-12
3453,2682.814584,19446.50178,113.8198041,836.7268246,7424.774949,121.6300869,2.364919228,1530.601133,1951.385677,2240.768941,968,37319.35,1.97E-10,0.038694299,3.48E-12
3454,2646.351719,16014.9739,101.0025107,126.7011939,7397.267207,135.6809343,0.018737146,1437.269238,1843.255215,2056.676654,830,32589.17,1.65E-10,0.027311715,-4.67E-12
3455,2618.581038,13263.01483,90.89786085,105.0600096,7158.299377,147.2360052,0.016733986,1325.039216,1731.288482,1980.493349,829,29248.89,2.04E-10,0.036902971,-2.05E-12
3456,2646.814047,12066.8865,93.29075342,86.484192,7115.950293,147.9763713,0.01755505,1276.268316,1579.175048,2022.140821,829,27863.96,1.76E-10,0.043899031,6.38E-12
3457,2629.308975,11659.40046,94.47626845,81.58718208,7064.308729,148.1847734,0.301193692,1233.451543,1554.260517,2009.35586,834,27308.59,1.83E-10,0.045500516,3.89E-12
3458,2614.60657,11007.95418,90.03489365,78.0701735,7065.289548,146.63683,0.14522936,1115.982236,1566.187681,2030.825675,834,26549.68,1.70E-10,0.053018963,-6.52E-12
3459,2579.975858,10518.15132,89.23886125,74.91676782,7057.802618,145.6524925,2.292138857,1146.300204,1676.457704,2137.515548,883,26311.23,1.78E-10,0.073510241,1.69E-15
3460,2623.650126,10495.34895,103.7000174,76.52559544,7360.928339,148.5964629,103.3011869,1266.420947,1876.435162,2207.175516,953,27209.48,2.14E-10,5.6023013,1.20E-12
3461,2808.604355,13443.65312,201.7096576,191.2190097,8015.484378,156.2457659,502.021652,1405.307284,2249.112578,2432.909217,1014,32405.3,1.59E-10,14.96701993,2.36E-12
3462,2835.122865,18568.4663,421.0815719,818.0297538,7916.338411,153.2318936,1115.868656,1114.122184,2364.805892,2470.481793,1004,38781.49,1.52E-10,0.05931947,2.42E-12
3463,2738.273535,20989.6635,538.6360697,1286.719887,7614.927641,149.0106608,1661.430457,913.2723682,2402.379862,2341.889064,1025,41661.14,2.06E-10,0.063041298,-9.83E-14
3464,2716.306205,21289.09764,474.963764,1231.661424,7490.34362,148.2896395,2338.494848,874.5710146,2435.641296,2319.065979,975,42264.92,2.17E-10,28.51542684,1.37E-11
3465,2687.378284,20792.17305,572.8456706,1011.099613,7428.606961,145.9842919,2954.52406,907.3159324,2720.826188,2328.609371,377,41890.97,2.10E-10,35.39341984,2.02E-12
3466,2599.01491,20058.0527,586.6201216,681.3741447,7178.472617,142.0340465,3303.768715,898.4942757,3034.495359,2179.985524,795,41424.56,4.26E-10,32.75240952,3.26E-12
3467,2604.218852,18910.25608,583.4562129,566.8709712,7172.581404,140.0439693,3640.056802,1021.221144,3500.455005,2221.876839,728,41068.81,3.10E-10,20.22727667,-3.77E-13
3468,2573.409797,17533.63954,571.0878903,545.1171367,7100.522868,140.5172937,3456.25587,1095.540852,3894.676373,2184.3784,795,39869.26,3.91E-10,20.88602501,4.87E-12
3469,2654.50639,18015.7743,312.3242105,526.0976857,7358.598296,144.3935436,3530.974974,650.8671986,3136.311084,2252.274591,669,39230.48,2.68E-10,20.64227086,-2.01E-12
3470,2605.933194,17520.13461,305.1971295,486.7833512,7216.516374,142.1629779,2955.245366,1062.66422,4148.79937,2082.99117,646,39145.33,3.66E-10,27.09776723,1.65E-12
3471,2646.546893,18217.51238,309.8861903,632.982244,7237.580974,144.0129788,2550.448175,1117.601436,4226.257403,2233.676825,970,40286.45,3.28E-10,0.055499496,3.77E-12
3472,2664.181572,19114.27676,339.0689658,754.3207443,7253.223654,146.4319667,2112.350203,1303.871779,4135.063071,2322.728218,973,41118.46,2.37E-10,0.056934317,4.43E-12
3473,2694.479276,19399.10734,361.4465154,867.0372632,7404.013246,148.25601,1385.399347,1193.158059,4037.474168,2347.446894,1024,40861.77,2.19E-10,0.04811512,4.95E-12
3474,2727.700719,19494.86809,326.4690419,774.8409932,7524.700086,148.7560701,685.2414684,1318.541883,3613.233068,2403.40656,1025,40042.71,1.86E-10,0.047979251,2.10E-12
3475,2793.89352,19549.90925,96.3240903,863.4694119,7881.474333,152.3930914,152.2482753,1257.275244,3543.890754,1974.208745,1024,39289.04,1.49E-10,0.046709255,-2.88E-12
3476,2738.502104,18816.4187,93.1882746,632.3683939,7782.587675,151.1549349,17.59373395,1453.98121,3350.463484,2348.180099,994,38378.39,2.08E-10,0.04861271,-4.79E-12
3477,2680.154244,16439.53426,218.6238757,534.4544537,7685.303679,150.0203892,2.405427361,1364.037573,3010.781618,2261.105828,973,35319.39,1.86E-10,0.031348401,-1.08E-11
3478,2514.041761,13515.06561,335.2436537,98.86671414,7666.145881,152.1124669,0.01886723,1186.293516,2978.665852,1941.890727,726,31114.27,1.77E-10,0.07505186,4.47E-12
3479,2596.224005,10882.81725,318.7484918,79.7334915,7393.870578,147.1000687,0.014663086,1138.071429,2709.780528,1818.743882,724,27809,2.83E-10,0.104381357,-5.49E-12
3480,2624.560985,9942.155447,323.1684211,78.8527173,7482.843498,149.3625882,0.015885259,1132.272863,2316.243426,1759.292399,723,26531.67,2.27E-10,0.098229955,-6.60E-12
3481,2596.237356,9385.299597,322.2090388,75.8218937,7402.602071,147.9566447,1.247502701,1091.09514,2103.709397,1758.25218,723,25607.33,2.31E-10,0.100819644,1.02E-12
3482,2575.095515,8792.128942,316.6368868,74.13263544,7228.86256,145.8873882,1.135463041,980.6953532,2149.081548,1740.645664,723,24727.2,2.47E-10,0.101955378,2.44E-12
3483,2557.364429,7930.333435,318.4082138,73.69694714,7152.096858,146.7627192,1.271623169,1099.489247,2400.771085,1762.341845,722,24164.43,2.29E-10,0.106402257,-2.09E-12
3484,2408.995192,7507.513963,321.6727123,86.50076263,7127.824587,144.0534551,56.30988278,1314.771032,2363.673273,1992.221624,721,24034.84,2.21E-10,9.696483008,-1.61E-12
3485,2572.870111,8358.541104,459.0450916,192.5726907,7433.039161,149.7905708,464.2175432,1435.937993,2466.235688,1952.37998,724,26185.5,2.02E-10,23.12993247,1.06E-12
3486,2695.476725,10137.92467,729.5066494,449.9150112,7646.81157,149.7099613,1177.204832,1466.779108,2345.566386,2030.305867,724,29553.12,2.14E-10,0.080782873,-4.64E-15
3487,2638.102572,11578.37566,845.0979,816.9985794,7508.364528,146.6952257,2080.035385,1727.131474,2598.116819,1957.896127,724,32620.74,2.67E-10,0.074271433,2.24E-12
3488,2509.979086,11643.86486,977.7984547,871.2031367,7178.182771,141.0612037,3064.871994,1655.021815,2836.72337,1885.646198,724,33452.73,3.82E-10,35.62288719,-7.11E-13
3489,2436.654304,10331.4679,970.0814756,709.8347207,6934.487715,136.9916196,4217.348723,1640.350908,2857.306507,1737.200341,724,32648.27,5.71E-10,47.45421579,5.54E-12
3490,2345.072454,9213.564371,838.9730886,547.1539895,6696.633935,132.9826278,5068.673858,1929.072919,2910.592985,1522.971173,724,31887.51,2.23E-08,42.18140108,3.56E-12
3491,2260.594255,7797.477733,886.6756754,451.106953,6539.899142,128.2275427,5879.986846,2164.340108,2887.967173,1041.959649,722,30735.51,3.06E-09,24.72507699,3.10E-12
3492,2247,6802,860,448,6534,128,6460,2226,2961,1114,379,30134.05387,0.00243827,24.94369407,-3.53E-12
3493,2244,5836,408,406,6552,130,6530,2311,3198,1160,231,28974.85058,0.0047941,31.14462642,-2.56E-13
3494,2228,5389,291,405,6360,129,5955,2503,3479,1363,230,28290.84444,0.003783077,41.15177514,1.11E-12
3495,2245,5272,291,423,6356,128,4920,2618,3987,1612,815,28666.91826,0.000548471,0.081195033,-2.21E-12
3496,2266.400543,7003.290045,308.5329233,707.0624975,6861.307417,138.9889188,3758.292794,2977.148545,4566.592092,1723.608424,824,31135.15,7.25E-10,0.074200068,2.10E-12
3497,2510.675169,8899.657694,198.7688328,996.0112966,7241.626584,144.4839398,2347.878515,3190.884161,4586.604452,1952.374824,793,32861.89,3.05E-10,0.075469281,-1.02E-12
3498,2873.865743,11105.65498,101.4232313,1065.984792,8162.291795,157.9246481,1184.872193,1913.418107,3772.00267,2202.521995,792,33331.89,1.42E-10,0.070155484,-6.03E-13
3499,2750.611918,10460.82319,79.10833045,920.9675095,7850.250966,150.8220041,250.7928792,3057.080643,4415.979977,2117.371062,787,32840.73,1.62E-10,0.078476257,3.67E-13
3500,2787.343158,10614.25373,82.48125845,710.2189552,7940.40158,154.0599675,18.28452803,3106.400947,4473.208004,2092.184472,768,32746.76,1.79E-10,0.076603931,-1.46E-12
3501,2813.960795,9760.328878,84.80941807,734.7170444,8018.46585,157.0307832,1.494702667,3068.998462,4587.768846,1829.110841,702,31758.62,1.52E-10,0.065621697,7.23E-13
3502,2731.544375,7299.522579,90.42163736,208.8621129,7806.945273,152.7973657,0.020121241,3027.396716,4695.794084,1666.263812,652,28331.5,1.62E-10,0.068076451,-1.76E-12
3503,2409.124612,5647.572953,87.46334957,105.5791417,7778.606081,112.1299311,0.01967105,3039.750426,4219.366782,1615.193074,674,25688.73,1.83E-10,0.076021925,-1.50E-12
3504,2429.147618,5441.072291,85.89766778,104.3562028,7757.495381,111.2825539,0.01900228,3284.485739,3971.931512,1136.353067,388,24709.97,1.64E-10,0.071035688,5.63E-13
3505,2433.611511,5860.191235,89.1757055,89.99869113,7781.825344,110.1236919,1.304632914,3285.386397,3767.940614,854.862912,4.86E-11,24044.15,1.53E-10,230.270734,1.51E-12
3506,2580.60084,5733.931793,85.16909659,71.12911843,7781.469437,109.0753385,2.186348778,3358.476417,4110.243916,317.7112956,5.11E-11,23263.45,593,293.5436004,-1.36E-12
3507,2548.584916,5551.819955,80.58114328,67.29560526,7589.230712,105.4781434,2.277884083,3510.205149,4275.390397,262.6481103,4.68E-11,22554.27,766,673.2420143,-9.09E-13
3508,2463.176542,4919.615072,69.61875417,63.10938768,7287.514433,99.6340531,144.5119796,3423.059633,4301.867112,205.2426829,5.72E-11,21960.16,375,642.1896493,1.59E-12
3509,2313.265891,4305.869128,54.21573239,143.8363549,6845.912048,91.71828311,702.9359523,3420.44361,4310.046641,220.2623524,443,22832.13,9.05E-10,19.3759926,4.56E-12
3510,2389.679001,4250.749936,65.45669279,287.9441005,7067.180157,95.52830618,1556.657812,3511.05749,4128.253316,870.9807448,616,24839.41,4.48E-10,0.07755539,-2.11E-13
3511,2299.042382,4813.794695,76.01311606,723.6136438,7240.750566,98.40351118,2658.4696,3359.892875,4154.628986,1306.360425,439,27169.9,3.71E-10,0.069799731,-6.07E-12
3512,2414.23571,5404.163059,66.76294543,1194.465901,7150.827929,96.74094899,3829.277683,3264.560138,4011.772251,1296.89118,412,29111.88,3.87E-10,29.81774571,-6.08E-13
3513,2326.316259,5419.412257,58.6567626,1174.738347,6959.121184,93.34638836,4704.390396,3249.006408,3979.167373,1242.20777,412,29584.08,6.11E-10,34.28314581,1.35E-13
3514,2267,5581,50.00000002,761,6796,90.00000002,5690,2852,3911,1137.276313,412,29513.93653,3.72E-08,33.33978043,-3.04E-12
3515,2260,5797,50,639,6808,89,6375,2614,4113,871.2382594,362,29956.79214,1.40E-09,21.44611457,1.57E-12
3516,2256,5805,50,477,6815,90,6850,2603,4210,818,361,30312.04104,0.000574023,22.95838847,1.03E-12
3517,2269,5268,50,375,6825,100,6505,2585,4204,820,366,29335.23718,0.000825254,31.7619905,4.46E-12
3518,2268,5439,174,362,6830,114,5610,2589,4124,1614,799,29876.98301,0.006100274,46.01088934,2.46E-12
3519,2136.243167,6012.086546,473.5445862,374.4199458,6967.278989,130.161668,4779.895572,2556.321381,3918.569775,1840.672723,919,30108.11,4.27E-09,0.084353839,-4.91E-13
3520,2384.127274,8503.187635,510.9078946,666.6652408,7487.431796,140.3803062,3651.271849,2622.593828,3795.988295,1998.04518,902,32662.53,4.08E-10,0.06929864,-2.29E-12
3521,2346.026829,10886.6169,569.1872484,990.6158028,7835.612145,147.225046,2172.351028,2774.581823,3473.625487,2188.244979,934,34318.02,2.19E-10,0.067292374,-1.60E-12
3522,2717.621017,12684.51475,578.1789474,892.7902586,8088.025798,151.7632471,1009.132096,2582.94719,3120.870401,2270.145245,935,35030.93,1.73E-10,0.058954495,-7.49E-13
3523,2748.770629,13580.38054,570.1266103,1041.397763,8185.060164,152.850268,201.9561249,2198.393723,2960.024546,2294.199925,935,34868.1,1.52E-10,0.060297752,2.81E-12
3524,2777.878385,14049.08851,575.5967465,1120.085457,8277.442196,155.2656614,21.66688146,1780.77965,2764.514321,2231.618116,933,34686.87,1.83E-10,0.065920505,-2.11E-12
3525,2707.719123,13408.86594,583.6803866,877.8880457,8249.603325,154.9144744,2.463012357,1698.150691,2618.802152,2133.233163,898,33333.26,1.71E-10,0.060314434,-5.89E-13
3526,2662.60789,11258.21223,362.655707,140.0503046,8327.948603,156.8964145,0.02320657,1687.373221,2470.664633,2008.674572,824,29899.05,1.40E-10,0.056779948,8.46E-13
3527,2695.851292,9841.79538,344.6372765,99.17065811,8548.766917,159.6926992,0.025797306,917.0564028,1803.523864,2028.920745,823,27262.36,1.29E-10,0.081032016,4.50E-12
3528,2553.159571,9269.883924,318.4763774,85.2256131,8166.823021,151.5103528,0.018769942,1092.332332,1852.34089,1938.328513,823,26251.01,1.60E-10,0.089363972,-2.87E-12
3529,2513.438286,9096.029774,378.8700296,81.67989151,8058.003174,149.4771309,2.28817339,902.2635547,1630.942367,1931.919289,823,25549.33,1.59E-10,18.5816698,-9.45E-13
3530,2488.544309,8829.398649,354.7116974,80.63287988,8080.75378,149.5336786,3.203475819,793.8302106,1500.021668,1904.458826,772,24931.73,1.63E-10,25.35917407,2.60E-12
3531,2490.975378,8689.921604,318.4671029,80.14519112,8085.745411,149.7348584,2.307290182,865.9790106,1489.046278,1849.465241,681,24637.89,2.05E-10,64.89736405,-2.40E-12
3532,2548.5264,8745.207016,326.4733542,72.10508914,8251.261908,152.7249724,100.6147165,847.1488956,1490.869631,2080.096753,4.30E-11,24373.12,2.00E-10,241.9087373,-3.84E-12
3533,2578.678087,10641.91887,524.4780663,116.9453126,8317.044525,153.7076687,666.8673513,876.1185939,1396.576296,1819.720979,4.97E-11,26027.07,1.77E-10,1064.985753,2.73E-12
3534,2399.716489,12598.99608,580.6564958,364.0638957,7811.489228,142.5159395,1498.743948,698.428316,1124.662982,2079.530575,4.38E-11,28225.44,3.27E-10,1073.363947,-5.23E-12
3535,2314.214567,13892.3335,581.0061182,637.0926349,7533.177783,138.4829798,2531.562137,683.4383406,1006.980847,2142.948197,4.81E-11,30654.3,5.51E-10,806.9371049,6.14E-12
3536,2235.372395,14337.94862,560.9623135,843.9218253,7317.033476,134.6912151,3654.140707,711.4620355,885.5918667,2090.247648,4.92E-11,32141.63,1.00E-09,629.7420975,4.55E-13
3537,2144.680763,13782.94738,551.1322135,959.9924661,7085.960766,130.4190192,4762.398526,649.8168841,842.4755384,2059.791463,5.06E-11,32387.59,1.89E-09,582.0250218,-3.52E-12
3538,2124,13576,548,733,7027,129,5885,634,854,2018,5.17E-11,32767.53038,0.001968173,760.46765,-8.19E-12
3539,2124,13265,500,578,7080,129,6835,591,889,1818,5.18E-11,32726.01771,0.004141765,1082.97815,-6.82E-12
3540,2119,13091,516,467,7110,128,7205,519,931,1818,5.02E-11,32814.72453,0.007252451,1089.268213,-4.55E-12
3541,2115,12390,477,388,7122,129,6885,528,959,1815,4.92E-11,31819.95641,0.006045861,988.0375468,-7.28E-12
3542,2124,12476,426,422,7138,128,6025,654,1040,2018,4.89E-11,31954.33948,0.009134136,496.6513899,-2.96E-12
3543,2123,13081,539,436,7130,128,4875,711,1118,2018,432,32590.91677,0.001481628,0.081747673,4.23E-12
3544,2271.78518,14383.16354,599.1545612,782.8558979,7571.888407,135.9466489,3774.270559,1047.833301,1451.359776,2115.290927,546,34679.47,8.12E-10,0.078794806,2.26E-12
3545,2436.229381,15636.20153,616.6846966,1228.814569,8043.720746,144.0521859,2422.021383,1426.424641,1760.12524,2269.43313,289,36272.64,2.86E-10,0.067504652,3.37E-12
3546,2546.948279,16444.74475,627.0969737,1250.86591,8334.099655,150.4348744,1204.290695,1649.636954,1972.734494,2401.025497,226,36807.81,1.83E-10,0.068083347,6.94E-13
3547,2609.830347,17091.99273,628.5910752,1036.438572,8538.545767,153.4288511,309.2497972,1913.299371,2018.156262,2457.25591,139,36895.72,1.48E-10,0.068682717,-8.94E-12
3548,2633.55054,17229.10187,629.0667574,793.0789321,8613.170299,155.2388191,23.7988655,2044.368858,2105.632769,2407.903821,320,36954.86,1.70E-10,0.051527712,-1.86E-12
3549,2546.785314,15574.88113,483.2836311,570.3436465,8526.883582,154.3613464,0.421476581,2074.941398,2212.626933,2038.027754,866,35048.5,1.95E-10,0.056206713,6.84E-12
3550,2607.337876,11865.45891,360.7996888,158.288509,8652.167375,130.3426738,0.022709202,2024.154324,2094.318443,2006.778172,825,30724.6,1.40E-10,0.068684075,-4.09E-12
3551,2555.842947,9420.914599,356.5631182,131.9304205,8544.687971,152.4147652,0.020760855,1991.351103,1887.987709,1856.560268,773,27671.19,1.57E-10,0.083663125,4.06E-12
3552,2504.053033,8717.838454,341.1655127,128.4483864,8390.028875,151.2256845,0.018110653,1794.017555,1850.267441,1846.177555,771,26494.15,1.56E-10,0.090606628,5.00E-12
3553,2510.747032,8106.891527,340.1727535,118.5167695,8463.847962,153.4436897,1.267414175,1943.65584,1839.340403,1828.838327,467,25753.11,1.61E-10,20.61171846,-1.77E-12
3554,2464.0047,7652.653293,377.0121009,119.0475063,8420.018068,152.8945333,2.223034295,1885.423347,1936.8533,1814.117464,105,24905.17,1.58E-10,24.07734609,-3.94E-13
3555,2460.307195,7607.269925,495.7649539,100.5919734,8242.895922,148.5752411,0.251441505,1788.479603,1945.959429,1781.197657,105,24619.72,1.82E-10,56.57334187,4.97E-13
3556,2579.470975,8440.300033,333.3082121,110.7036586,8601.483059,155.1909843,66.79157539,1180.455125,1806.821326,1949.718783,463,25620.8,1.57E-10,66.44373218,3.71E-12
3557,2726.908258,10881.41811,379.5400264,173.9287803,9026.29631,162.6924255,479.2580428,2016.790639,2113.130622,2300.567299,1,30183.7,1.33E-10,77.8305107,-9.95E-14
3558,2415.540213,14710.51718,402.5223275,712.0743167,8854.865559,172.6259123,1135.226107,2509.521931,2122.655044,2442.497519,244,35657.66,1.49E-10,64.38610574,-5.68E-13
3559,2648.33121,17118.79021,392.804496,957.3096261,8599.913235,171.9489527,1915.395297,2710.226887,2307.495675,2394.071484,1,39170.94,1.75E-10,46.34706825,-1.69E-12
3560,2548.650261,17175.11746,448.0590691,1229.664616,8182.392976,159.6762447,2792.018455,2596.212869,2460.153674,2285.110823,6.07E-11,39734.07,2.52E-10,142.9864457,-4.38E-12
3561,2388.152064,16454.2679,573.9221442,1098.571068,7927.172766,142.6299567,3586.282335,2371.956031,2674.16554,2208.361176,5.95E-11,39069.31,3.63E-10,356.1709776,5.68E-14
3562,2319.640028,16008.09903,540.1610036,901.6558883,7807.186465,140.4427918,4380.935532,2282.384863,2767.174105,2146.433748,6.40E-11,38816.31,5.62E-10,477.8034549,6.42E-12
3563,2320.9439,15780.97455,437.2107788,760.0461394,7771.841059,140.5510066,4787.360596,2430.870651,3009.297733,2142.919712,7.01E-11,38763.09,5.08E-10,818.9261294,-2.73E-12
3564,2300.155693,15633.67112,351.2660839,639.232766,7693.707996,137.9939214,4662.500398,2325.135845,3293.930076,2099.792984,6.69E-11,38312.17,8.18E-10,825.2168863,2.84E-12
3565,2229.30128,15842.47862,433.7158876,538.556496,7815.030697,140.078974,4453.840216,2128.996016,3657.505071,2135.481305,6.81E-11,38285.35,5.45E-10,1089.634565,-2.27E-12
3566,2220.340433,15910.22033,317.344205,491.888701,7802.059073,139.5594605,4024.454249,2422.349958,4088.222552,2147.361945,6.53E-11,38811.79,5.32E-10,752.0109108,7.62E-12
3567,2261.900538,16545.41449,307.7062123,563.3706474,8083.710141,144.1211116,3512.094951,2684.124999,4368.791488,2240.070896,5.62E-11,40124.39,3.10E-10,586.9154777,-6.71E-12
3568,2350.840211,17767.50416,322.2814996,883.6723306,8316.171684,149.6709241,2630.042537,3011.155803,4497.332919,2345.479806,5.49E-11,41643.91,2.12E-10,630.2418725,6.14E-12
3569,2438.546809,18686.92169,330.0934835,945.2042781,8566.450797,153.3318612,1571.958821,3295.961889,4270.471261,2405.140445,6.19E-11,41898.66,1.81E-10,765.4213322,3.41E-13
3570,2507.067684,18804.61694,332.5766631,927.5816356,8687.544362,154.695532,696.3896071,3165.802847,4117.475951,2473.716831,6.04E-11,41121.18,1.53E-10,746.2880534,9.89E-12
3571,2461.542365,18151.28051,329.3208967,757.0800523,8858.614203,159.1741831,165.3215239,3128.755307,4212.388752,2518.032758,5.74E-11,39770.5,1.30E-10,971.0105547,4.32E-12
3572,2376.605708,17423.68841,328.2865862,743.4845248,8749.889749,157.3804565,14.24953237,2828.47856,4007.487029,2413.053425,6.21E-11,38321.68,1.70E-10,720.9239827,-9.44E-12
3573,2210.61661,14886.0053,310.2097707,498.6241262,8251.021203,148.3447355,2.305236863,2338.718067,3535.401145,2233.588057,934,35348.77,3.03E-10,0.064248679,-1.10E-12
3574,2283.64029,11645.69593,204.7360714,85.72521736,8448.578431,153.216896,0.018361071,2187.970969,3111.295138,1942.784948,824,30887.58,1.73E-10,0.082251933,-4.90E-12
3575,2361.870143,9707.795912,83.8911476,73.44268115,8336.438533,150.3850047,0.01664082,1807.642901,2759.817537,1877.055424,823,27981.26,2.09E-10,0.09592534,1.92E-12
3576,2360.741706,9010.36277,82.69413415,72.50513972,8316.590991,150.9555994,0.016330278,1486.547927,2686.148308,1924.987923,823,26914.46,1.68E-10,0.090827873,-4.74E-12
3577,2449.245362,8939.870048,87.64389859,72.5799277,8348.330589,151.4382114,2.23357956,1177.487696,2370.439698,1903.702317,823,26304.59,1.76E-10,21.38132711,-6.32E-13
3578,2445.879575,8710.263492,84.46410004,71.71003558,8330.279384,150.1517723,1.197083348,1112.248003,2219.03235,1872.293035,735,25704.7,1.85E-10,27.8188301,-2.81E-12
3579,2478.126704,8593.539605,96.52144118,71.53533938,8538.250306,155.2377008,2.314775335,1244.81854,2413.50892,1903.927819,3.42E-11,25434.62,1.69E-10,63.16115106,3.65E-12
3580,2486.30519,9544.56398,89.5956185,68.63876285,8439.656072,153.1223424,32.33354703,1261.913055,2187.790704,2275.63946,1,26477.52,2.13E-10,63.03873151,3.20E-13
3581,2662.439838,13228.98412,164.568703,108.4324514,9347.645756,166.4412194,308.1253843,1330.706779,2378.21346,2490.337179,5.31E-11,31137.62,1.27E-10,1048.274886,-1.82E-12
3582,2528.781994,19034.83092,424.0441131,626.7566984,9086.865195,161.6834003,719.6301367,1046.237117,2153.615909,2477.560043,5.02E-11,37339.85,1.41E-10,920.1555242,1.59E-12
3583,2392.396863,21957.46399,615.0776231,924.6588734,8573.45035,153.263245,1206.278701,929.6069172,2053.022815,2331.480894,1,41080.8,2.17E-10,56.90026789,-3.49E-12
3584,2402.34071,22498.17655,611.0420261,1216.076988,8575.591469,153.360826,1933.268579,842.2178258,2165.558673,2365.260622,4.51E-11,42199.09,1.95E-10,563.8042658,-1.30E-11
3585,2275.994634,22149.78603,600.4768059,1215.453347,8261.437319,146.4039475,2257.384392,718.0738204,2193.6292,2299.185216,1,42052.23,2.42E-10,66.59470917,-4.82E-12
3586,2301.463723,22419.49572,572.5078128,954.0157472,8332.329089,147.6086414,2612.520795,646.2197092,2330.895073,2287.7333,5.39E-11,42410.81,2.52E-10,193.9796131,7.79E-12
3587,2304.319419,22800.13361,550.4666886,955.6048188,8389.858701,148.9656278,2836.742057,628.0580834,2471.493422,2271.895806,5.68E-11,42721.27,2.54E-10,636.268237,7.73E-12
3588,2328.208501,22798.06527,600.8507935,660.3469052,8407.944048,148.5495619,2831.834631,639.0132622,2443.893874,2240.488333,6.46E-11,42138.8,2.96E-10,960.3951744,-3.18E-12
3589,2315.471621,22748.17412,581.1772659,583.5517239,8262.86547,144.7719603,2654.675732,599.3693427,2250.094809,2222.076012,5.99E-11,41979.6,3.25E-10,382.6280545,-3.41E-12
3590,2385.500708,22874.1317,587.1422599,484.2672983,8442.940049,147.9950172,2550.406137,679.2233417,2364.216393,2282.621015,5.53E-11,42312.32,2.52E-10,486.1239223,4.77E-12
3591,2384.918785,23315.94015,594.0897444,638.2498155,8411.603688,149.0649915,2211.795625,676.711797,2201.170258,2302.60286,105,42951.93,2.47E-10,39.21771567,-1.85E-12
3592,2320.182003,23916.61272,702.1075804,1332.060978,8561.977191,151.0776259,1727.857369,662.5947771,2140.875224,2317.253716,106,43896.69,2.34E-10,41.90918564,-3.38E-12
3593,2362.907391,23924.52815,806.2132305,1420.401237,8693.688145,152.8445898,1042.063539,672.7299742,1966.951225,2387.706648,241,43619.66,1.90E-10,51.37412605,5.78E-12
3594,2397.904698,24030.99787,762.6808368,943.3896712,8869.596748,156.2883682,516.2785415,653.1156963,1817.974871,2452.687362,115,42661.9,1.60E-10,54.01466416,-1.16E-11
3595,2430.245261,23655.48069,756.67669,774.8989531,8984.865654,157.8525953,113.2089719,700.9350874,1749.019834,2481.59056,1,41734.25,1.40E-10,71.52429305,-2.86E-12
3596,2424.146997,23380.89419,299.0607994,740.8848031,9103.331543,160.7864622,8.288519824,762.4905107,1711.66185,2447.663173,4.67E-11,40761.15,1.56E-10,278.0588441,-1.22E-11
3597,2281.536976,20370.46703,82.901426,666.5599246,8723.624203,153.5368709,1.360013912,602.5116515,1523.875839,2185.632013,894,37485.93,2.38E-10,0.075951258,2.20E-12
3598,2279.666528,16386.38495,108.7291008,155.8641679,8726.002736,153.415499,0.017946757,597.7447702,1400.411617,2117.932604,926,32852.08,1.93E-10,0.08991759,3.02E-12
3599,2305.000255,13375.47602,112.7674277,86.59273771,8771.663008,153.1573477,0.018540711,617.0753428,1275.793277,2132.207495,926,29755.65,1.82E-10,0.101456199,1.11E-12
3600,2305.670694,11999.46157,123.1957765,104.9436302,8856.017303,155.1367515,0.019232471,695.4281327,1146.686474,2182.515452,926,28494.97,1.49E-10,0.105017416,9.44E-13
3601,2320.590997,12000.31266,143.6061566,81.54058675,8895.079224,155.3574923,0.272368125,566.4384403,1065.810343,1859.311972,727,27793.95,1.52E-10,21.37023495,-2.97E-12
3602,2289.430013,11758.60196,180.6862949,79.49435589,8734.264015,151.3491008,1.222030649,457.8111231,989.1869988,1818.108985,723,27154.8,1.63E-10,28.35487696,8.31E-13
3603,2167.754278,11741.44818,233.4152139,69.14064719,8754.989647,150.7433504,2.312354594,552.732151,952.1803085,1826.550387,720,27103.75,1.54E-10,67.51651549,-7.19E-12
3604,2214.028226,11982.01557,428.8427033,60.16823047,8851.12086,112.7378526,61.59757439,588.9095001,982.671288,2332.313333,341,27879.39,1.74E-10,76.01513733,-3.82E-12
3605,2437.369302,14967.2274,737.552455,123.3421676,9711.209208,127.4782817,503.2123268,859.4343775,1222.339036,2513.468247,5.16E-11,32363.78,1.21E-10,838.852806,-1.93E-12
3606,2394.476085,19687.52947,938.1828496,626.2487573,9490.225421,122.8956401,1187.231593,838.3283395,1136.998131,2473.59808,4.83E-11,37649.2,1.42E-10,1246.514371,-7.05E-12
3607,2370.880003,21917.74576,1227.072095,1009.830164,8886.80122,111.8768535,1955.047217,804.9921368,1006.24486,2323.691469,4.71E-11,40835.69,2.23E-10,778.4917745,-1.02E-12
3608,2369.112135,21766.12077,1265.648347,1210.136002,8738.40166,108.4201949,3015.95564,792.2192899,1003.626816,2304.441383,5.16E-11,41432.62,2.39E-10,1141.46224,1.14E-12
3609,2283.614891,21109.8522,1262.342401,1015.845502,8394.367896,126.3103634,3884.966401,674.1614332,874.4644467,2209.796038,5.26E-11,40866.37,3.67E-10,969.3515685,6.93E-12
3610,2267.957015,20986.13401,850.1807739,971.4959346,8292.375032,139.2820584,4503.540557,630.5657815,919.7435921,2161.751405,5.43E-11,40727.81,5.07E-10,995.2161549,4.66E-12
3611,2225.324798,20788.77343,589.5556814,764.8344946,8142.578733,137.7240832,4926.049538,705.550931,945.9433108,2135.868589,5.35E-11,40393.74,6.02E-10,968.4635904,2.61E-12
3612,2227.553653,20830.93606,545.2572885,506.1424393,8162.504883,137.7066827,4904.332306,672.0860347,944.8042034,2141.375251,5.40E-11,40085.08,5.75E-10,987.6188061,-2.73E-12
3613,2236.117978,20823.7492,571.3740249,552.8525968,8205.513633,139.4350178,4650.757299,622.5456269,932.5987301,2141.15835,5.42E-11,40034.38,5.67E-10,841.7224584,-1.08E-11
3614,2295.333276,21404.63751,584.8394422,539.5594897,8395.375179,142.3071017,4001.618622,628.2653795,1017.944024,2208.718957,5.26E-11,40387.48,3.59E-10,831.1189797,-7.84E-12
3615,2358.91018,22252.32651,587.6582415,642.940309,8520.303815,145.0488497,3299.691965,661.9744095,1003.937851,2243.136067,4.49E-11,41389.16,3.20E-10,326.7681972,7.84E-12
3616,2372.708104,23292.34946,588.3303918,928.4818188,8684.328485,149.4219634,2648.90021,723.6278288,1099.395649,2255.093894,1,42699.43,3.01E-10,44.20780053,-1.00E-11
3617,2494.692414,23895.52529,563.1878896,1175.742242,9062.003043,155.3654188,1645.212412,841.9422052,1216.824056,2369.086633,4.73E-11,42954.73,2.01E-10,464.8516003,-7.84E-12
3618,2588.780884,24384.79072,589.0994547,1043.366886,9144.071894,156.9045927,778.4016224,749.6538282,1137.079004,2415.147301,4.44E-11,42685.66,1.76E-10,301.6361849,-3.30E-12
3619,2608.722526,24170.406,590.5366579,865.9252032,9225.466994,157.8164981,175.4304898,763.8163269,1065.291216,2459.45574,1,42007.82,1.51E-10,76.04765329,-5.17E-12
3620,2609.018692,23074.38701,582.7670393,798.170306,9262.576473,158.5146998,13.86869705,734.0175616,1046.433207,2449.486309,188,40840.15,1.59E-10,77.08999694,-7.25E-13
3621,2577.463361,20696.93551,317.7489296,779.5974178,9131.323154,156.1118402,2.409276492,651.6040127,977.9899821,2245.165831,675,38211.27,1.94E-10,0.079315497,-2.47E-12
3622,2580.876309,17076.93764,82.64602773,278.4370739,9056.309672,156.3220759,0.019166333,586.0311078,912.0410307,2154.24114,851,33734.79,1.72E-10,0.071243677,2.86E-12
3623,2562.919534,14223.60578,31.69910581,59.84454364,8991.694509,154.9169838,0.01814488,574.7583214,822.3902455,2157.381285,923,30502.15,1.69E-10,0.078450549,3.18E-12
3624,2493.304691,12928.69404,29.59019706,58.42957848,8916.732239,152.4846875,0.016957133,600.3273248,770.7931651,2154.26497,921,29025.55,1.64E-10,0.087850565,-4.61E-12
3625,2493.557058,12445.0591,35.16858029,57.13093434,8984.186731,154.5013667,2.25968361,624.8549113,709.9874865,2153.967015,529,28171.49,1.58E-10,18.18286477,5.57E-12
3626,2219.902864,12360.40971,31.62519623,54.75768131,8874.012363,152.5494599,1.221632103,568.8344557,608.6681393,2095.216255,504,27447.65,1.80E-10,23.54776097,1.89E-12
3627,2253.049944,12300.42045,38.11096568,55.23112937,9002.851265,154.697683,2.35565243,574.9314758,627.6731672,2105.744072,1,27063.48,1.73E-10,52.58580573,2.82E-12
3628,2096.266767,12723.95237,38.22617028,74.04201433,9035.702747,153.506012,84.23658215,555.2701635,628.9944521,2276.257292,1,27613.82,2.26E-10,53.63457118,3.03E-12
3629,2659.885873,15652.85659,84.50103221,131.1131905,9815.131227,168.0168841,534.7526976,637.8780997,806.4754383,2245.385117,6.88E-11,31938.01,1.29E-10,797.9861508,1.93E-12
3630,2317.468792,20037.58816,233.9315859,571.4203787,9260.198792,157.18256,1245.04112,498.1763579,676.6259165,2372.199405,131,37293.93,1.84E-10,206.9030678,8.55E-12
3631,2409.387013,22116.36809,581.5541869,890.713602,8959.04048,151.9268922,2141.210526,421.4123041,621.9140453,2305.610748,428,40923.04,2.38E-10,104.0978867,-2.02E-12
3632,2374.708662,22359.70996,613.711036,1118.142304,8834.909882,150.652843,3199.925077,381.2386076,626.046312,1418.877851,606,41545.09,2.36E-10,138.8325398,-3.15E-12
3633,2109.096749,21220.0119,574.4853596,910.4564729,8293.522285,140.1205911,4081.446522,307.2926305,551.569064,2106.739748,398,40576.86,8.85E-10,115.8813224,4.97E-12
3634,2017.832345,20407.08186,560.3339459,922.4464584,8252.588332,138.4732849,4989.506683,330.098995,585.0726836,2125.35445,291,40488.37,7.07E-10,131.4190357,-5.26E-12
3635,2009.336938,19980.37755,549.498534,819.8469135,8111.280222,136.7947114,5267.4871,329.7201266,628.2779263,2090.243169,541,40274.08,1.05E-09,189.7831855,-4.26E-12
3636,1874.187842,19281.51261,450.6742682,530.0393273,7994.249256,114.4928902,5525.161079,278.6283961,680.5938032,2066.670921,677,39260.86,1.67E-09,212.3503989,-8.81E-13
3637,1744.716103,19359.07151,174.5604283,515.2116016,8117.017162,114.5127028,5681.156977,349.5385117,812.8058498,2086.569502,5.80E-11,38788.23,1.13E-09,166.930349,-1.27E-11
3638,1967.488929,19758.11605,61.87617011,401.4244987,8069.378902,132.7599067,5108.323827,373.2205244,905.08734,2068.127873,5.46E-11,38530.54,1.78E-09,315.2640247,-6.03E-12
3639,1972.166551,20172.43779,66.06365684,576.2042685,8109.342232,136.8342959,4281.399766,510.2246824,954.9727421,2104.716691,721,39544.91,9.48E-10,60.45268064,7.89E-13
3640,2271.014616,21305.00912,87.99879031,698.3995763,8545.226324,145.0424659,3277.54401,685.182622,1098.148925,2206.70221,667,40946.07,3.91E-10,41.19866202,-7.32E-13
3641,2351.135587,21913.66017,100.3866087,824.0335478,8801.771523,149.8513893,1987.925269,746.9471228,1143.826704,2311.659266,690,40943.5,2.42E-10,77.69718799,1.98E-12
3642,2399.837535,21832.37006,107.8900141,1012.672821,9018.66885,152.9691476,997.8569966,775.4827753,1110.284707,2400.98442,586,40334.94,1.83E-10,60.07732113,5.61E-12
3643,2463.449319,21768.24847,110.55806,703.8983709,9197.395587,156.8382107,280.3522329,878.7244366,1100.896516,2478.159497,250,39337.95,1.47E-10,50.57070301,-7.01E-12
3644,2521.585196,21380.46451,103.9876132,691.7540915,9300.162968,159.658721,15.19734469,961.5492536,1078.338538,2428.282391,1,38594.5,1.70E-10,47.48062403,1.08E-12
3645,2377.15568,19660.49194,84.35095589,637.6232218,8957.391503,154.4546357,2.330864767,872.0012583,948.8779837,2177.506563,892,36764.13,2.50E-10,0.054609226,-9.71E-12
3646,2144.299272,16873.92802,77.31890234,96.4842553,8950.63513,153.1635684,0.018253403,817.4907288,922.150732,2004.488589,875,32914.94,1.98E-10,0.037453692,-6.24E-12
3647,1741.364227,14264.44541,74.27983392,56.42579104,8935.846006,148.4592602,0.017853148,772.2752725,837.9340057,2042.641224,875,29748.63,1.73E-10,0.058886634,3.15E-12
3648,1750.255845,12647.12768,74.23874389,58.59101498,8929.310472,153.6745732,0.017910406,786.1368209,812.479931,2029.806371,875,28116.58,1.73E-10,0.059358139,4.41E-12
3649,1789.169779,11674.65588,77.77786942,56.72789934,8973.097621,153.2175757,2.20157327,737.6151938,785.7050351,2056.093352,875,27168.37,1.53E-10,12.89177581,-5.46E-12
3650,1834.038655,11003.49138,76.50923193,54.93237794,8931.239081,152.3785954,1.212623234,724.4373409,704.2154009,2008.812407,873,26349.98,1.67E-10,14.28708912,-1.95E-12
3651,1699.454332,10930.59435,79.39466708,53.42923353,8890.571383,152.5342755,0.285243994,682.5687673,681.641421,2026.711966,549,25710.39,1.59E-10,35.79564149,1.83E-12
3652,1647.549104,10628.33757,74.46784627,71.60391662,8655.375748,148.5685868,64.4866855,659.8009177,641.4651883,2020.782032,853,25424.4,1.83E-10,41.03759276,5.14E-12
3653,1758.693013,11706.34046,92.34709129,84.34269685,8896.399171,152.451642,446.3258733,735.6301439,687.861025,2125.197972,904,27476.97,1.94E-10,112.6190849,2.94E-12
3654,2046.68843,13319.78026,117.8229111,310.4057634,8977.22734,153.8950389,1159.729933,774.7777345,792.7776443,2168.162404,923,30654.52,1.85E-10,89.74745929,-2.87E-12
3655,2271.974253,15483.12073,124.4786908,705.7329085,8744.314601,147.8338547,2043.348064,713.09062,726.9833832,2103.960894,923,33928.87,2.37E-10,58.96800011,-2.30E-12
3656,2227.023131,16444.38515,100.7051443,791.1805191,8379.070736,141.4858242,3023.879964,569.5659526,640.4875085,2006.774544,923,35156.9,3.54E-10,90.65847101,-8.00E-12
3657,2108.000903,15882.90107,86.09339119,739.9431464,8128.686086,137.3056058,3966.607898,606.126514,641.1350182,1946.863328,923,35089.76,5.71E-10,76.90295893,-1.69E-12
3658,2029.253952,15132.91674,65.61583445,540.0132993,7868.617678,132.8835977,4955.862495,590.1386851,671.6910828,1866.351627,924,34684.63,1.81E-09,92.71499041,1.31E-12
3659,1886.685,14418.92679,54.28824444,446.4678151,7702.843654,129.8988032,5369.692939,522.6456153,643.2868361,1870.996342,923,33835.31,1.51E-09,133.4220409,-2.84E-14
3660,1536,13638,48,418,7594,129,5700,503,691,1849.569785,924,32877.31028,2.92E-09,153.259506,6.96E-12
3661,1351,12932,48,431,7459,128,5610,491,745,1841.797579,924,31828.1916,3.61E-09,132.6059804,-2.76E-12
3662,1330.112144,12441.78522,48.14667306,452.2320523,7493.79465,129.0666942,5062.316202,477.6210921,771.2004935,2072.737996,1024,31191.63,1.56E-09,111.3832212,-3.55E-13
3663,1474.266664,13544.18261,63.5883943,473.6541289,8034.200752,135.4072849,4462.039978,561.8891978,893.5922882,2169.763139,1025,32795.35,5.00E-10,42.23444061,9.88E-13
3664,2073.964084,15548.62823,78.440519,681.6019954,8369.925804,139.8998943,3531.497854,649.01603,939.0284325,2194.799201,1025,35201.78,4.21E-10,30.02204265,2.22E-12
3665,2324.919414,16702.85924,93.32761513,978.8430078,8686.386865,144.8072774,2296.362536,775.634925,961.4314807,2296.393377,1025,36231.36,2.57E-10,54.60573469,4.90E-13
3666,2371.773893,17502.55733,102.7127072,1514.940534,8950.634899,150.5873341,1158.012748,714.9983489,920.2413052,2396.726708,1025,36763.59,1.85E-10,44.5958057,7.39E-12
3667,2425.190733,17966.17622,107.2257749,1198.498093,9159.587846,140.6249641,282.6112787,665.6035865,834.4153628,2429.101834,1025,36195.9,1.66E-10,38.135693,-2.33E-12
3668,2500.397897,18166.98794,104.2111861,767.2056236,9334.051036,130.5994796,8.733604882,698.8984642,844.3979008,2437.998471,1025,35980.45,1.66E-10,38.03160781,-6.76E-12
3669,2483.318168,17485.82987,97.05789339,714.077479,9287.510451,130.8906786,2.357286515,607.5308719,797.3298035,2283.079837,973,34861.95,1.76E-10,0.032340137,-1.12E-12
3670,2082.090916,15493.05246,105.368207,214.8244701,9389.761338,133.515285,0.023783469,564.5823379,713.4627676,2132.117317,726,31554.76,1.39E-10,0.038881048,-3.15E-12
3671,1747.532651,13214.35511,112.4025084,237.2786596,9223.504349,130.3169942,0.021378549,508.7287295,619.3527692,2090.193075,724,28607.63,1.54E-10,0.056221591,2.15E-13
3672,1764.126024,11999.21014,111.3764135,137.7801169,9177.51332,129.6452752,0.020681674,506.0760033,591.3074948,2081.313698,724,27222.31,1.51E-10,0.059172448,3.13E-13
3673,1704.881995,11324.60377,109.7583852,134.1339724,9017.744481,140.9890312,2.238133391,470.1645567,511.419792,2052.057165,724,26178.24,1.58E-10,13.7512772,-1.88E-12
3674,1674.092223,10612.24859,108.825169,131.6978991,8907.606686,143.0629317,2.234964975,508.4237354,499.6698728,2012.790266,724,25306.09,1.68E-10,18.56234223,9.91E-12
3675,1650.920085,9929.781494,109.1661366,129.302957,8818.009279,145.5352753,2.232747522,487.5978477,510.6017875,1985.507404,725,24451.77,1.84E-10,41.88501393,5.09E-12
3676,1632.208759,9337.143488,105.9375563,128.0203228,8741.975675,146.665887,150.527131,409.9395844,486.1194419,2021.40481,725,23837.28,1.81E-10,47.66265582,6.36E-12
3677,1600.039114,9976.364102,81.14200569,150.7293207,8614.402274,143.4518185,809.5499853,361.4913048,470.6826782,1975.55669,725,24723.57,2.22E-10,184.8392927,0
3678,1816.320819,10503.58577,79.56336149,187.0918605,8417.695412,140.1469647,1846.696209,304.2096336,437.4663535,1914.271619,725,26209.18,3.23E-10,162.8680043,-6.39E-12
3679,2015.707746,10883.21075,83.52073248,465.0395103,8297.442866,111.9707134,3185.2133,274.3655885,445.3103213,2000.883339,922,28603.38,3.80E-10,81.28486456,-2.52E-12
3680,1976.483255,11439.97747,67.63788023,639.2038332,8026.993468,105.2546309,4630.31836,233.6465983,434.9388367,1907.39538,924,30258.42,8.15E-10,127.4297131,-2.52E-12
3681,2000.952145,11443.6162,47.69890425,736.2523612,7712.103325,102.1699924,5730.138342,183.4480207,415.2539416,1833.745047,925,31027.71,7.90E-09,102.6682795,4.14E-12
3682,1989,11650,47,681,7690,102,6465,179,437,1818,925,31865.52661,0.003488715,117.4699016,-6.25E-13
3683,1958,11818,47,691,7696,102,6775,189,480,1818,925,32358.28258,0.001557329,140.7158578,4.46E-12
3684,2048,11327,47,538,7694,120,6635,214,510,1818,925,31701.97945,0.000757291,174.0197967,-2.90E-12
3685,2072,10730,47,480,7689,126,6480,234,517,1816,925,30969.48358,3.99E-05,146.5163767,2.84E-12
3686,2080,10625,47,576,7594,124,5815,273,550,2043.084395,1024,30618.59953,4.30E-09,132.4848675,-3.07E-12
3687,2151.228158,12168.34016,57.5859423,521.8053118,7710.213058,130.4076699,5062.024458,373.0183244,624.5570588,2084.395928,1025,31864.44,1.30E-09,44.13606974,7.60E-13
3688,2177.218141,14546.7924,77.31906083,807.4786374,8148.162971,138.5893777,3876.061071,475.9868749,799.9204536,2186.379895,1025,34228.51,4.47E-10,30.39888456,7.10E-12
3689,2334.93192,16494.94874,115.6351353,1086.742804,8594.921683,145.2935756,2482.934411,538.6868541,868.1830505,2275.700999,1025,35919.37,2.81E-10,43.60917082,-1.80E-12
3690,2476.178901,17710.871,143.9283104,1206.461074,8915.661997,149.8114773,1207.497916,586.1626198,874.0119043,2375.111411,1025,36631.56,1.98E-10,39.13660634,-1.04E-11
3691,2539.63389,18011.08107,148.5336942,1278.525284,9142.357582,153.5839473,295.3994674,653.9541886,846.8728542,2396.960745,1024,36457.98,1.80E-10,32.92272242,-5.33E-13
3692,2585.548751,18261.87704,143.8609045,922.8800862,9166.496516,158.0422521,16.82145938,621.1113324,827.4670542,2422.714584,1022,36109.43,1.73E-10,39.38997503,4.31E-12
3693,2571.733096,17651.7846,131.9409519,833.744061,9113.190536,157.3230324,4.414297161,533.4553603,793.7669802,2321.670448,697,34809.97,1.84E-10,0.053361965,2.58E-12
3694,2200.669288,14613.45653,114.8648729,229.3604494,8889.215909,153.1138436,0.020058981,568.1066087,738.5997361,2287.710428,922,30717.06,1.58E-10,0.057721264,-1.31E-13
3695,1966.99485,12075.48824,110.1957736,305.0647878,8966.117613,151.396228,0.019036801,567.9918139,746.1814966,2211.872802,724,27825.26,1.69E-10,0.062645167,-3.86E-12
3696,1845.444328,11347.09341,105.3980247,247.6964098,8883.929179,149.0077355,0.016969092,553.4644369,731.4548818,2161.75225,723,26748.19,1.91E-10,0.067625402,-1.09E-12
3697,1710.141868,10852.40719,100.8481707,162.1484466,8849.72546,148.6288912,1.230674502,567.871288,709.0417608,2158.366292,724,25969.92,1.86E-10,14.49004679,-1.79E-13
3698,1685.814558,10204.40516,105.0997059,160.3587013,8804.037281,131.6247927,1.237972426,533.4185641,750.0237559,2127.786472,839,25319.76,1.94E-10,23.04695885,-4.09E-12
3699,1812.164457,10392.47322,120.5802269,164.9169455,9249.41196,154.3833779,0.294011086,692.2937343,842.4811408,2256.089421,4.53E-11,25106.89,1.49E-10,578.1984945,6.82E-13
3700,1714.621688,11599.82279,108.6423674,103.4331048,8721.001746,149.0034974,102.6055473,721.163768,753.9155964,2306.37828,4.21E-11,26217.43,1.98E-10,63.158389,-3.91E-12
3701,2037.749092,14943.58858,135.6505386,239.7449402,9637.785979,163.7402932,616.9303681,755.8999729,913.5101497,2310.033188,1,31531.67,1.36E-10,223.9631057,-4.23E-12
3702,2459.064389,19083.18,212.1316659,755.7940866,9343.500192,157.756796,1290.655397,617.225655,826.2413253,2400.910703,669,37578.27,1.66E-10,237.1902153,-9.52E-12
3703,2473.043246,20804.14181,528.41398,894.9027344,9146.408546,153.9272666,2046.474579,697.3617881,877.970421,2392.681809,450.96,40344.1,1.76E-10,122.1861792,7.39E-12
3704,2446.492012,20966.01511,645.1224647,900.9199892,8878.579337,148.4800392,2846.225485,833.8063558,903.1093194,2323.33587,105,40821.41,2.07E-10,175.6759866,5.51E-12
3705,2333.993642,20419.53861,622.9775166,1088.349389,8497.281506,149.9849891,3437.695223,710.8479924,831.5203358,2243.334103,378,40572.78,3.01E-10,140.7433035,-1.42E-12
3706,2302.526107,20135.67136,591.5238665,832.6405618,8287.544953,143.2443549,3934.54116,732.1874355,903.1881229,2229.140271,435,40368.38,3.22E-10,158.8281879,2.27E-13
3707,2298.862012,20042.33684,566.6171334,782.9068314,8314.700533,140.0691867,4348.20348,704.8956398,972.7283809,2061.701442,242,40254.63,3.30E-10,220.3914762,3.78E-12
3708,2181.145012,19248.67627,542.0734743,762.1632085,8283.572375,136.758188,4642.187543,622.5698695,1033.519449,2165.182109,181,39558.46,4.55E-10,240.3875027,-8.81E-13
3709,1996.570399,19282.50628,533.4624559,465.7799367,8327.342505,136.3685649,4690.839852,692.7039669,1145.237804,1995.058444,224,39292.71,5.34E-10,197.1602065,-3.13E-13
3710,2009.935408,19408.02093,421.5434633,482.3841269,8389.428294,137.7532476,4309.323146,889.5943073,1280.406391,2061.032987,495,39709.8,4.90E-10,174.6223069,-1.48E-12
3711,1784.741592,20581.72242,543.1405655,498.9036047,8580.016222,141.2968944,3363.567757,1040.434723,1440.796538,2234.700266,1017,41159.77,3.35E-10,66.55057934,9.39E-12
3712,1771.049594,21774.18865,494.180138,1280.763694,8865.851678,149.5439357,2463.014837,1193.304512,1684.177011,2289.978864,1024,42945.79,2.61E-10,44.26291681,3.33E-12
3713,2486.585757,21494.08577,519.8834328,1393.587431,9002.353268,154.037758,1499.769483,1422.867679,1855.32755,2369.234624,983,43096.08,2.00E-10,84.65275472,-6.32E-12
3714,2541.531493,21047.22579,581.4874499,1175.423811,9164.363086,156.1097146,640.7020043,1611.75789,2034.185729,2461.04052,1023,42361.1,1.57E-10,75.72748799,-5.00E-12
3715,2561.92326,20495.67683,293.2740808,925.3213455,9248.184379,158.1988691,144.5328742,1691.888065,1962.940024,2539.282412,1024,40973.26,1.33E-10,71.96214017,3.15E-12
3716,2576.127093,19196.59882,127.1120082,886.1431917,9214.456447,158.3826617,7.845003903,1881.874897,1964.233668,2441.658804,1024,39406.53,1.65E-10,71.90259715,6.11E-13
3717,2397.210156,16484.88957,124.6647686,603.9237454,9179.1318,156.8941132,1.399842584,1886.164619,2066.35968,2161.944277,923,35985.5,1.88E-10,0.082571302,-9.24E-13
3718,1967.630687,13506.66835,111.9020733,94.63081687,9142.699739,153.1749477,0.020990335,1503.613274,2131.625748,1943.167566,725,31280.05,1.81E-10,0.084197504,1.42E-13
3719,1733.500415,10956.98075,105.2391874,114.5271453,9001.59948,150.0647744,0.017997369,1509.713874,2043.326721,1895.215329,724,28234.09,2.11E-10,0.095674035,-4.16E-12
3720,1725.509947,9997.455139,104.2823995,59.65333161,8982.362437,149.3438798,0.017296499,1557.230831,1893.739806,1893.082819,724,27086.58,2.06E-10,0.097887154,-4.02E-14
3721,1774.835552,9594.056356,105.6405826,58.70690421,9196.747192,153.2280778,2.303222089,1683.772187,1803.883425,1958.322914,137,26445.84,1.59E-10,22.6564125,2.15E-12
3722,1794.284878,9420.24371,91.75851154,56.0180368,9079.878645,150.8510666,2.296286115,1791.64194,1848.936612,1926.061494,3.22E-11,25849.08,1.65E-10,312.8911792,-1.42E-12
3723,2180.485603,9594.005501,142.0320428,53.34550736,8850.264767,151.0597095,0.221196255,1762.454627,1795.025672,1924.744326,3.24E-11,25624.38,1.66E-10,829.2589505,5.80E-12
3724,2264.576099,10129.71179,195.1677014,48.6026191,8658.479986,146.8766981,49.25461031,1650.943857,1842.968788,2029.326139,3.75E-11,26750.54,2.66E-10,265.3682868,-4.21E-12
3725,2038.95727,14378.25215,446.783341,72.60553525,10178.69154,168.900511,413.3764916,1732.301082,2099.694152,1275.985307,5.02E-11,32289.56,1.12E-10,515.9873772,3.64E-12
3726,2394.904757,18777.91947,734.3710172,538.1857097,9321.670431,153.5664063,909.315248,1518.262849,1886.86894,2366.279419,368,38723.02,1.77E-10,246.3242425,-8.73E-12
3727,2507.59056,20552.80308,812.0466041,597.5301753,9172.222772,150.8808631,1642.961305,1376.815139,1706.576848,2359.006221,618,41368.25,1.96E-10,128.183563,-4.60E-12
3728,2452.732724,20860.92417,780.4631923,827.9185486,8957.282899,147.3001195,2509.504021,1222.589602,1686.777216,2347.906826,297,41907.03,1.94E-10,183.3693219,1.36E-12
3729,2333.893126,20035.2409,745.1476114,766.3609266,8528.420803,141.8012178,3224.150217,1163.86406,1617.891721,2231.445951,618,41266.19,3.26E-10,140.026536,5.71E-12
3730,2304.097649,19475.95843,734.9980048,632.6274665,8454.944058,137.5064226,4078.921634,1046.603397,1596.184696,2149.126825,519,40976.93,5.62E-10,153.0385819,1.05E-11
3731,2281.833328,19202.43817,727.4196632,532.4917573,8298.782528,138.5382482,4758.845139,1042.379257,1619.561245,1958.58887,5.09E-11,40357.62,3.96E-10,203.2582084,3.13E-12
3732,2145.429499,18111.33496,704.5478104,429.0549312,7757.741806,131.4694942,5008.239401,1007.239756,1528.88151,1860.711371,374,38830.81,1.23E-09,227.840542,3.01E-12
3733,1797.291821,16988.9955,700.6187649,377.1261769,7806.095531,131.0494883,5664.39288,1040.440477,1502.75969,1911.964225,105,37840.14,2.23E-07,185.5945545,-3.13E-12
3734,1802.740541,16331.08663,698.8021716,377.5374017,7869.814804,131.051763,5374.530021,1185.768616,1560.670503,2017,405,37597.73,0.001253606,156.2711933,3.35E-12
3735,2171.122303,16993.91106,710.1422445,519.0523803,8075.854817,133.6005963,4839.591349,1249.228047,1687.509274,2087.288642,833,39240.4,1.25E-09,59.90071867,-6.37E-12
3736,2042.87303,18751.81582,742.9010826,705.4553591,8454.969182,140.1030929,3879.51264,1319.2331,1772.727592,2147.663367,835,40751.15,6.01E-10,41.10426122,1.90E-12
3737,2187.927789,19597.1823,757.7553085,909.0112352,8765.466639,145.4393671,2617.040048,1368.613939,1725.108268,2258.63402,972,41224.18,3.05E-10,79.9989183,-2.86E-12
3738,2368.955426,20330.90748,729.612517,664.7420944,9063.982935,149.4659054,1311.20673,1522.445649,1691.368549,2394.313807,973,41126.99,1.89E-10,73.01109763,1.07E-11
3739,2462.627396,20309.87261,749.135074,644.6511972,9358.993278,154.3278107,356.6363592,1541.28983,1589.597662,2492.7855,827,40414.71,1.48E-10,72.20671446,1.18E-11
3740,2482.570156,19737.90514,748.2722405,610.2479175,9223.463741,156.5298399,18.03090598,1662.07778,1538.071209,2427.236093,712,39241.99,1.73E-10,74.41502636,4.95E-12
3741,2373.03496,17766.77562,497.2791113,666.673035,9061.269254,154.6049166,2.377672318,1473.104573,1502.987014,2136.769913,1021,36655.79,2.08E-10,0.086073711,-5.05E-12
3742,1929.637913,14748.13801,105.8347975,63.13985073,9076.984927,145.2713272,0.018782347,1290.225045,1453.379085,2127.346035,923,31862.89,1.99E-10,0.085767895,-1.25E-13
3743,1791.430781,12039.22597,105.882562,59.75880269,8975.918674,149.5216938,0.017026657,1243.282623,1333.291957,2110.204487,923,28731.44,2.09E-10,0.094572857,3.79E-12
3744,1799.808743,11031.60662,107.0175599,56.91267676,9002.22246,150.0312716,0.017320182,1134.964391,1234.316807,2135.294023,923,27575.09,1.92E-10,0.10186936,6.63E-13
3745,1846.303702,10648.26464,107.0038366,53.18278739,8940.052415,149.0862242,0.22955454,964.6317186,1135.229069,2119.116276,923,26885.98,1.99E-10,0.120225431,-6.60E-12
3746,1765.012455,10285.90053,107.233599,53.74946157,8682.041282,149.1849724,0.221987128,996.5569827,1080.999874,2124.392178,923,26138.9,1.95E-10,29.39331977,-3.72E-12
3747,1842.403385,10147.18657,101.7202966,54.13397567,8798.108762,150.0602181,1.188256322,890.1169843,965.2306201,2112.525061,921,25847.53,2.01E-10,136.1441253,4.26E-12
3748,1853.689768,10671.79895,119.3767088,55.85277312,9245.963667,153.9661846,157.1365877,837.1903451,937.5501462,2383.318169,567,26952.96,1.80E-10,29.8833027,2.30E-12
3749,1969.659318,14545.99853,179.0558481,67.60097196,9795.584354,163.5571785,792.0682829,865.1626301,1026.25057,2484.799959,519,32146.64,1.30E-10,262.0976424,1.02E-12
3750,2379.980498,18653.85034,218.116378,525.4286898,9341.151974,153.1890841,1826.597279,773.8698859,883.7199558,2402.378114,1016,37936.88,1.79E-10,237.4021964,2.53E-12
3751,2454.490555,19059.36275,181.936677,574.0410951,8777.256503,144.4368423,2927.962349,771.2832939,868.9429263,2284.681331,737,38655.18,2.66E-10,126.2143261,-9.52E-12
3752,2320.673311,18189.42101,139.7375162,760.1222619,8256.498313,124.8117683,4852.112669,701.2389707,844.0745216,2162.463393,337,38506.54,5.00E-10,181.6137403,-4.04E-12
3753,2180.027586,17009.43638,100.7642914,634.6372048,7666.785553,128.9798114,6044.660425,656.5580036,739.7672748,2038.268047,136,37195.29,5.31E-09,140.5945727,-4.97E-12
3754,1937,16671,98,648,7498,127,7185,599,690,2017,206,37516.39119,0.004884848,159.6039292,1.59E-11
3755,1587,16503,98,550,7554,127,7840,629,765,2018,262,37702.15402,0.006492655,230.8394837,1.93E-12
3756,1424,16085,96,408,7708,127,8045,631,832,1963,238,37317.91004,0.007490561,239.0824729,-4.86E-12
3757,1402,16081,96,400,7708,127,7734,694,878,2018,271,37205.11184,0.007061281,203.8810994,-6.65E-12
3758,1582,15926,103,405,7708,126,6990,815,955,2018,783.01,37232.48779,0.007366728,178.5148461,-4.21E-12
3759,2016.496924,16711.24478,241.0958518,537.6945254,7886.420209,117.9515641,5795.269446,922.3597468,1002.445331,2020.835567,1022,38208.64,1.33E-07,65.17394075,-5.85E-12
3760,2225.444991,18724.88298,379.8467509,771.571636,8374.895649,137.119021,4343.72408,1071.423384,1106.158407,2142.359326,1024,40256.41,6.49E-10,45.01622524,8.60E-13
3761,2364.271746,19945.68796,553.856013,1039.656406,8773.234097,143.9485394,2806.087246,1130.276987,1160.01086,2253.570031,974,41060.65,3.15E-10,83.94988227,8.53E-13
3762,2459.474901,20881.78153,707.2275899,1002.16624,9123.242142,149.7033678,1427.221819,1207.415169,1194.927047,2402.212637,900,41378.91,1.86E-10,76.46244054,8.28E-12
3763,2542.820882,21452.97163,710.9706637,619.4682063,9445.185597,154.8921537,390.6982363,1341.023391,1181.62878,2533.835644,486,40788.19,1.38E-10,71.3051839,7.66E-12
3764,2536.74138,21364.00327,305.6156472,874.3273438,9132.697936,154.22965,18.10435139,1210.187805,1159.312384,2419.018783,573,39670.83,1.78E-10,76.40854669,3.33E-12
3765,2054.303181,19402.75807,157.9927166,651.8141656,8793.202383,152.2763874,8.460215876,1351.885997,1130.640009,2356.833476,1018,37078.08,2.00E-10,0.086601414,-8.58E-12
3766,1236.035368,16767.52936,148.791324,56.34063151,8791.833863,151.660412,0.019127253,1179.098661,1030.132001,2165.363559,923,32449.72,1.77E-10,0.084303823,-1.13E-11
3767,1181.786968,13807.42284,192.8356951,49.94292375,8698.56084,150.5537548,0.017871438,1166.552196,937.6468969,2117.481241,923,29225.71,2.07E-10,0.091227516,2.83E-12
3768,1189.33687,12543.46553,194.2891955,48.15547561,8732.287439,151.2738259,0.018325847,1100.832126,966.6824488,2156.207017,923,28005.45,1.82E-10,0.098257303,-7.07E-12
3769,1217.985114,12332.03008,196.2170129,46.32797313,8879.158724,155.0048665,2.283321503,536.4890794,803.0780277,2185.397923,923,27276.86,1.64E-10,0.112121055,-1.31E-12
3770,1177.930599,11637.6443,195.3454779,44.71685975,8707.839998,150.8939501,1.216150591,851.8593489,860.95083,2153.030463,923,26673.68,1.80E-10,30.74798162,-3.80E-13
3771,1181.88659,11516.65576,185.9185026,44.14392357,8714.903337,151.188768,2.198194599,865.2317598,775.4655902,2118.201573,900,26319.88,1.98E-10,135.9139951,-8.53E-12
3772,1241.191396,12348.6585,190.1262518,60.21792586,8983.469223,151.9471766,146.806926,868.6377339,810.8848109,2361.089164,317,27463.15,1.94E-10,16.8791026,3.86E-12
3773,1578.107629,15766.16294,226.0085154,156.2961892,9401.042631,160.6709649,752.7189862,874.6323706,903.5021128,2458.142311,409,32472.7,1.42E-10,213.58465,-6.08E-12
3774,2116.489394,19876.3793,352.6277225,554.6666859,8992.899831,154.0998994,1597.217266,785.1634394,877.0265645,2412.248314,702,38240.36,1.75E-10,180.4584136,3.72E-12
3775,2435.637808,20128.12584,678.8872833,768.902782,8512.402722,146.8313817,2309.462329,833.8288375,910.4816204,2297.00421,797,39750.84,2.54E-10,67.72481047,3.45E-12
3776,2338.76913,19609.32455,675.0390893,701.0518258,8248.857996,141.3847441,3570.939283,934.320049,940.019128,2234.04855,298,39549.75,3.20E-10,142.0043407,-1.93E-12
3777,2206.388062,18739.77281,622.0661921,526.9448514,7803.675217,136.4940017,4589.84998,782.1324094,822.1140265,2121.965917,337,38587.82,7.78E-10,100.5834643,7.63E-12
3778,1959.883376,18466.17836,665.4774995,466.5969302,7685.259071,133.7966508,5347.821006,719.9923432,830.9192873,2074.558155,106,38350.96,1.61E-09,105.5226762,-4.73E-12
3779,1779.808048,17984.33523,603.6373478,760.4611287,7497.644479,129.7163238,5726.610846,606.2347515,892.1767944,2046.629155,104,37979.77,3.72E-09,151.4841077,-5.40E-12
3780,1724.348152,17747.20844,560.1233992,746.6054705,7500.39916,128.697046,5734.591688,579.7692302,1017.645595,2046.431386,1,37617.42,3.78E-09,169.3995671,-2.70E-12
3781,1818.257821,18557.80169,564.7860222,553.0457019,7709.081342,133.2137382,4845.202907,599.6589842,1099.356339,2048.38476,5.26E-11,37696.62,1.83E-09,232.1693068,1.42E-13
3782,1761.257962,18611.79191,569.860373,439.2201528,7628.1786,130.9775782,4651.580859,719.0453347,1294.594976,2022.997087,583,38281.36,5.24E-08,131.1448344,-8.64E-12
3783,2070.743925,19572.9034,585.4574461,796.5317251,7994.722906,137.0358119,3826.062041,751.2209334,1450.615649,2139.442543,1019,40282.6,6.60E-10,61.13638061,3.89E-12
3784,2325.097524,20886.81917,626.7328617,999.401437,8371.360217,144.3739255,2808.810865,801.1606967,1473.864713,2262.963063,1024,41679.04,3.03E-10,45.54447583,3.60E-12
3785,2438.153542,21596.59172,644.2035316,1156.951081,8652.655288,134.7585205,1785.675931,823.0935538,1431.606938,2333.529475,1023,41931.35,2.30E-10,88.86958202,6.05E-12
3786,2528.681114,22177.23524,663.3821461,1018.616212,8926.015033,136.2249128,866.2645354,925.9268773,1448.186476,2433.510964,785,41830.7,1.72E-10,78.34351387,6.12E-12
3787,2603.150434,22386.72629,668.8109709,1051.580498,9195.456571,119.9780977,224.8179917,1012.052895,1328.887958,2581.895658,4.37E-11,41101.05,1.26E-10,72.30736609,-5.98E-12
3788,2517.241222,22022.25169,629.5167073,819.1297645,9040.085976,115.4255242,13.11311416,1085.839337,1258.102335,2417.50842,3.91E-11,39839.35,1.79E-10,78.86409348,2.94E-12
3789,2249.099081,20024.47299,511.5115451,664.8587261,8744.851374,111.763811,3.501732977,880.0040033,1151.781385,2218.683699,892,37452.44,2.25E-10,0.088345218,-1.48E-11
3790,1864.12945,16677.97495,284.8907623,68.88243979,8786.330443,112.3044214,0.019070721,705.7408777,1128.668026,2152.691454,924,32705.54,1.88E-10,0.091900087,-9.03E-13
3791,1740.693787,13775.61874,178.0184219,115.6160038,8780.853735,111.0017762,0.018823058,720.4929228,1043.922472,2068.150847,899,29433.29,2.06E-10,0.097532928,4.95E-12
3792,1682.679982,12864.65571,184.1136567,50.22749979,8584.026305,108.983507,0.016259973,768.4051243,968.9088106,2078.897482,899,28189.81,1.99E-10,0.104341254,4.38E-12
3793,1751.385475,11876.51669,171.2481499,49.34335139,8691.897057,123.1743084,1.247362803,852.9670058,949.3187891,2103.988903,717,27287.97,1.81E-10,0.117088223,-1.35E-12
3794,1739.740033,11029.92291,130.0040593,49.18293205,8676.477222,138.015302,0.175281067,942.8405632,961.6594643,2085.807023,855,26580.18,1.90E-10,28.6447857,1.05E-12
3795,1785.236061,10939.97946,115.7159574,50.41030621,8975.087252,114.8853965,2.280731048,1033.398751,975.8007573,2236.937696,108,26216.27,1.65E-10,121.4623682,-5.83E-13
3796,1733.817697,11842.98036,138.8450012,84.78849302,8872.030534,113.3283458,78.99065111,1090.840742,948.0134114,2340.244204,3.93E-11,27228.25,2.14E-10,15.62943756,-3.04E-13
3797,2006.76058,15757.67065,211.9817564,96.46774354,9552.175875,123.010396,474.3560289,1045.274205,993.5241367,2493.282645,4.38E-11,32449.71,1.33E-10,304.794016,-6.99E-12
3798,2194.138008,20694.62046,260.4298572,692.2425448,9183.196856,117.0718236,1116.213555,942.0269655,923.6105549,2440.843602,368,38765.65,1.63E-10,166.7442272,-4.92E-12
3799,2485.121668,21862.88555,553.6692013,886.1394348,8796.614187,110.3872619,1646.435862,802.8349855,933.5268557,2345.166839,124,40479.9,2.14E-10,66.88185067,-9.55E-12
3800,2381.250064,21389.23136,629.8099567,1290.926071,8382.688866,104.8552861,2748.352437,702.8953594,866.7692478,2247.376522,226,40831.48,3.00E-10,138.6751725,-3.92E-12
3801,2295.604656,20669.23931,447.3537122,1260.855977,8065.772087,99.36311491,3680.026908,635.2703286,815.0719703,2186.27249,305,40376.83,4.50E-10,83.000554,1.44E-12
3802,2262.495606,20450.64559,535.9338932,1010.954821,7925.512254,97.30346576,4673.573427,566.6011216,814.852291,2145.302288,104,40498.88,6.12E-10,88.29475923,2.79E-12
3803,2233.710979,20058.25138,648.1876862,643.568117,7709.107057,105.8746981,5079.10884,478.8596525,764.6673118,2092.342844,114,39808.09,1.11E-09,119.588568,-3.15E-12
3804,2186.095388,19007.1728,435.5164672,586.1809952,7532.824259,118.0451712,5167.275375,466.5247718,764.4937783,2020.632416,718,38856.79,8.43E-08,145.9714203,-2.10E-12
3805,2234.623007,18448.6707,466.7277604,589.3739326,7725.611667,133.4660274,4656.28531,418.8025602,788.1503848,2056.83888,683,38117.33,2.46E-09,84.22022789,-1.11E-12
3806,2246.156674,18084.24501,533.514387,759.0767473,7750.977081,135.0804413,4676.338715,503.6892444,850.9470893,2040.908221,680,38156.68,4.92E-09,104.253612,5.33E-12
3807,2342.90346,19567.93244,679.1987302,754.9735783,8044.090197,139.8569119,3966.738393,551.1720829,869.4545475,2193.195287,744,39832.37,4.37E-10,21.14562915,-3.51E-12
3808,2425.783811,21017.69163,738.8398476,704.5460891,8331.950882,144.8976732,2985.677831,617.2782008,965.9016275,2226.828239,745,40904.32,3.59E-10,0.075827551,-1.25E-11
3809,2490.117128,21571.39623,548.5160825,786.8787709,8525.710955,147.8161022,1927.05955,741.3531288,1025.08624,2308.017963,770,40812.96,2.52E-10,28.99214671,-1.68E-12
3810,2549.979938,21721.8088,578.9953892,787.0341663,8722.917545,151.9881147,943.5938453,813.5795899,992.4567004,2366.038245,820,40429.81,2.07E-10,18.58233013,-7.30E-12
3811,2597.208489,21142.24384,615.1751937,608.6227975,8888.014011,153.0773205,248.6600347,832.0146552,867.8303528,2492.219687,820,39264.99,1.50E-10,0.076379525,5.47E-12
3812,2634.032341,20420.4499,642.1778266,595.2216784,9042.371546,155.3833581,19.38311655,777.9207063,779.4020192,2419.072411,772,38241.91,1.78E-10,15.50490178,-4.27E-12
3813,2436.178905,18812.39733,507.2945646,525.4177787,8899.668888,154.258602,6.639719496,779.0039037,739.5497083,2301.662557,996,36158,2.01E-10,0.071952236,-1.13E-12
3814,2124.559215,16219.62556,484.1498784,68.78499127,8933.449725,154.6673032,0.021038773,776.3522885,656.4028845,2119.716953,898,32435.65,1.78E-10,0.079838729,2.47E-12
3815,1884.766245,13695.14765,465.606352,64.27431745,8844.648275,152.0928968,0.019748276,756.8844118,609.1873776,1994.095381,846,29312.64,1.88E-10,0.082649831,-3.22E-12
3816,1820.265789,12458.29475,450.7402651,57.40766031,8722.969676,151.3218442,0.018192212,654.4500645,559.6581822,2085.309493,845,27805.35,1.98E-10,0.085917295,2.02E-12
3817,1884.19536,11639.27278,488.8560417,53.1162666,8684.252287,151.3216058,2.249403417,554.965596,518.8715847,1988.191489,846,26811.2,1.87E-10,0.092415125,6.17E-13
3818,1894.030598,11027.98165,432.8194273,51.53271646,8504.207265,148.2960632,0.138378142,520.0953298,460.1993434,2048.639067,846,25910.1,2.22E-10,23.83984119,1.13E-12
3819,1782.695257,10630.5243,484.3813761,50.80310249,8440.240895,147.0863742,1.174606992,524.1633904,433.0906375,2040.822287,846,25276.83,2.30E-10,104.1522238,1.99E-12
3820,1732.983462,10289.63415,355.8328516,63.38871948,8470.806406,145.8726808,129.2302335,519.4570639,439.3914862,2083.647355,891,25107.78,2.15E-10,13.4644073,5.22E-13
3821,1864.722447,11589.16595,382.1411302,76.91613038,8764.046451,151.4556984,709.5144065,548.3638089,499.1788823,2183.504711,556,27219.94,2.00E-10,105.0696188,3.88E-12
3822,2307.289758,12997.45486,405.558567,376.5565393,8536.78725,146.6683156,1493.731261,473.4768563,464.5229338,2338.00175,1018,30492.89,2.19E-10,65.15808816,5.91E-12
3823,2309.227552,15433.48207,483.7169392,673.2037149,8509.899535,145.9780023,2191.83679,427.2642422,462.5057969,2285.906875,1024,33905.54,2.67E-10,41.48151309,-4.64E-12
3824,2421.971299,15715.86057,525.3438939,750.8251175,8095.835067,140.3644889,3476.62,400.2427152,495.3107666,2189.9368,1025,35172.1,4.12E-10,65.21072078,-4.26E-14
3825,2295.284397,14885.21512,485.4386429,644.5462954,7710.074321,134.5848565,4567.062668,401.9955821,541.5181772,2141.265219,1024,34770.56,6.29E-10,60.42528462,-5.61E-12
3826,2165.124275,13633.9647,399.0993166,397.7112388,7379.227067,129.3095337,5662.574007,418.3437792,536.8202008,2016,1025,33703.29,0.000872911,59.88324484,-1.62E-12
3827,1966,13086,254,368,7359,128,6365,388,511,2017,1025,33416.87023,0.001697685,50.12806896,-3.79E-12
3828,1520,12777,133,391,7348,129,6425,358,548,2016,1025,32618.38458,0.0018688,51.61354628,7.89E-13
3829,1515,11835,98,356,7384,128,5746,325,604,2017,1025,30983.57483,0.001498573,49.42366856,4.26E-12
3830,1520.652839,11603.59926,103.4552825,482.7064318,7388.244287,129.1891059,5437.393133,286.8522412,636.3539447,2035.302107,1025,30596.33,7.14E-09,52.41862802,-1.05E-12
3831,1621.7494,13380.00542,131.1536494,580.9521185,7865.157602,135.0589609,4603.256504,374.8588594,685.2743165,2110.985231,1025,32498.59,9.06E-10,14.86205764,-5.70E-13
3832,2123.481134,16007.02334,152.2474444,646.675522,8297.45681,140.7746935,3402.722932,505.2307791,712.899983,2192.191371,1025,35205.65,4.37E-10,0.054006651,-6.78E-12
3833,2402.170528,17378.25737,178.5594605,1122.882022,8568.761193,146.2407202,2188.00272,561.8560657,687.1287581,2289.240151,1024,36525.54,2.70E-10,21.55898855,-4.87E-12
3834,2418.516509,17760.14279,204.2270683,1149.124551,8871.258039,151.1094643,1160.446141,553.8572157,681.0709646,2359.740596,1024,36320.3,2.11E-10,13.19333836,1.96E-12
3835,2536.348736,17680.98424,195.6453446,1121.507974,9041.845391,153.429227,358.2471398,510.5286992,617.0360006,2449.46138,796,35460.98,1.65E-10,0.05413808,-5.74E-12
3836,2532.090914,17410.83691,176.0102279,790.901115,9119.000254,153.3597071,179.0145296,442.6962814,537.821771,2395.646412,1022,34759.32,1.90E-10,0.058123173,5.23E-12
3837,2362.072293,17083.43368,300.0839507,729.4924532,9183.544601,155.6497843,3.747291466,476.8570265,554.8471693,2274.160452,881,34004.83,1.88E-10,0.058698399,2.41E-12
3838,2323.702429,14633.15684,489.1326338,182.5788006,9188.401045,156.0189343,0.022183033,462.590773,506.7959891,2131.071158,823,30896.42,1.47E-10,0.050782631,-2.11E-12
3839,2123.81684,11956.414,702.8891494,83.57108974,9241.679488,153.1255896,0.022307228,513.0046343,472.7866761,2122.360724,822,28191.6,1.48E-10,0.070492727,-4.10E-12
3840,1896.04264,10700.25703,716.4678537,76.16182335,9205.428679,156.2547958,0.021415005,564.6751661,444.0354225,2135.668765,822,26716.92,1.44E-10,0.093586801,4.51E-12
3841,1883.998221,10152.97753,709.3382323,71.3955319,8858.797088,150.0774885,3.286424704,504.9622217,338.0108375,2061.831785,872,25606.57,1.75E-10,0.105356666,8.31E-13
3842,1820.386551,9513.923188,704.4338669,68.54017795,8802.686802,148.5800052,0.124912314,481.9759915,331.978096,2020.275825,873,24739.28,2.00E-10,26.62541608,1.96E-12
3843,1867.087687,8945.612704,700.7803221,64.90931418,8610.896462,146.2900444,2.157138693,512.4489522,318.9669812,2009.286476,873,23925.56,2.09E-10,125.8760812,-3.64E-12
3844,1726.77874,8592.816526,673.5247783,63.56548757,8533.02473,143.6824751,134.4131458,516.5722572,328.792191,1993.760635,873,23562.66,2.36E-10,17.27096674,-3.83E-12
3845,1728.126827,9060.886315,670.1930646,64.82297818,8498.020749,141.7986819,624.7562155,595.0000203,388.2514256,1947.472253,874,24503.94,2.66E-10,89.38853051,3.00E-12
3846,1918.007045,10229.3294,647.85443,111.1289442,8332.583738,139.1075829,1381.426768,457.2495893,378.6779726,2024.39307,923,26542.68,3.49E-10,0.078539959,1.74E-12
3847,2062.809979,11326.33817,706.1833454,292.1875305,8624.396687,144.5043043,2213.954022,421.9126811,429.2569828,2169.787834,973,29364.26,2.76E-10,0.071538594,-4.40E-12
3848,2365.893054,11752.73992,840.1692545,561.000619,8287.543671,138.0263564,3609.87615,420.6848511,437.110627,2027.947317,974,31414.92,6.35E-10,0.071822159,1.01E-13
3849,2268.800917,11639.62132,825.2668891,673.7215557,7930.028533,132.4061948,4694.699029,419.0359136,476.8740883,2005.151452,974,32039.53,8.56E-10,0.075888975,-3.16E-12
3850,2198,11547,442,433,7646,128,5800,357,509,1910,974,31943.92278,0.000536724,0.076679186,-2.71E-12
3851,2187,11305,262,530,7616,128,6915,467,574,1818,922,32723.92755,0.001168755,0.071282789,1.02E-12
3852,2024,10518,147,375,7686,128,7450,506,652,1818,922,32225.92816,0.00459532,0.067245048,-2.98E-12
3853,2122,9714,131,443,7694,128,6485,471,731,1865,948,30725.30538,0.002654219,6.691970078,1.32E-12
3854,2085,9589,144,366,7709,128,6230,554,909,2017,1024,30744.3065,0.003370384,10.69012867,4.74E-12
3855,1957.372547,10736.72961,149.7828537,530.1117394,7909.187475,131.2508044,4985.517038,655.5169738,1105.093838,2041.880519,1024,31226.38,4.70E-09,0.063404453,6.10E-12
3856,2161.588714,13564.29097,185.0630228,687.8211686,8358.313931,138.8988383,3761.606305,796.5198147,1250.324291,2184.568939,1024,34112.94,4.59E-10,0.055993983,5.87E-12
3857,2434.133658,15439.10146,215.7587054,772.5558661,8742.281447,144.9741553,2512.318057,953.7837841,1320.048151,2251.215929,1024,35810.12,3.18E-10,0.051216892,4.05E-12
3858,2567.745733,16142.27751,236.3983763,1248.147305,9077.196457,151.5463375,1294.653125,1002.669005,1263.585088,2372.157583,1024,36380.33,2.03E-10,0.046520298,1.52E-11
3859,2638.150179,16361.77079,241.3685443,1070.704464,9348.974212,155.205422,347.1375849,1022.941273,1137.214982,2447.614812,999,35769.99,1.66E-10,0.092257807,-3.10E-13
3860,2629.09342,16449.08056,235.1569617,806.2544398,9475.256883,156.0964307,233.3822999,1064.570897,1059.199987,2423.910966,702,35233.95,1.76E-10,0.052844504,-2.80E-12
3861,2577.912672,16229.86589,281.198172,696.5064854,9576.347762,157.8918577,2.80921354,1049.415785,1092.63889,2178.041182,399,34241.57,1.63E-10,0.057911705,3.91E-12
3862,2163.53424,13388.3847,456.0285274,164.5860356,9309.256426,154.0621576,0.02062729,837.379447,932.9745255,2020.487534,842,30268.65,1.73E-10,0.064217356,-4.10E-12
3863,1957.378218,11027.94484,457.5663356,80.61330424,9178.281232,152.9873361,0.018935203,888.8304468,882.1204999,1978.009945,845,27448.68,1.94E-10,0.071092204,-1.20E-12
3864,1883.691611,10448.44314,471.2228,77.49196868,9174.981528,152.7653741,0.018583979,919.8276765,720.4745809,2007.007484,523,26378.78,1.78E-10,0.14474815,-2.24E-12
3865,1780.97668,10421.82336,458.3840838,75.27492419,9108.321975,152.1598353,2.30137376,844.3487403,691.2738386,1995.591908,282,25812.29,1.84E-10,0.16672225,-1.76E-12
3866,1712.019939,9947.171411,431.7163694,72.38890236,8769.043436,146.6581532,0.093062308,913.1183905,673.6277144,1928.20241,784,25348.87,2.34E-10,29.16978713,6.46E-12
3867,1798.406758,9654.929057,450.8696032,77.46130348,9382.509452,156.8147439,2.258871221,1208.589264,796.6053745,2224.253256,3.20E-11,25021.32,1.53E-10,731.3776836,-2.73E-12
3868,1751.267763,10503.66189,448.6938731,74.25556584,9080.756902,149.7747862,197.8469366,1205.564428,840.1874857,1858.905078,4.13E-11,26096.05,2.22E-10,14.86471076,-7.20E-12
3869,1868.675716,13365.34176,469.8820652,94.89120897,9595.396708,158.8035137,978.205415,1215.374524,910.0257046,2408.026377,223,31253.94,1.61E-10,33.68299027,3.08E-12
3870,2144.833985,17062.36388,463.7540274,485.1963608,9173.615442,150.7590581,2088.657212,1085.714477,870.9354564,2312.420957,958,36796.16,2.36E-10,0.090853444,-7.95E-12
3871,2194.08444,18302.86585,439.316014,532.9763427,8799.454221,144.2341584,3006.153018,1002.063724,887.415014,2264.397758,723,38295.86,2.91E-10,0.100543044,-5.27E-12
3872,2026.627106,16756.13096,376.9287296,558.055415,8141.800427,133.5815339,4919.365025,1021.713012,919.6838613,1867.076384,794,37514.87,9.48E-10,0.092449631,-3.25E-12
3873,2032.067982,15785.51479,107.7658812,521.8755631,7886.541433,116.511133,6239.989494,987.5781635,1047.084297,1465.216203,258,36448.05,1.01E-07,0.094941213,4.28E-12
3874,1968,15896,100,566,7800,103,7390,820,1070,1494,312,37518.90011,0.006011455,0.09387993,-2.29E-12
3875,1997,15749,96,516,7792,103,7980,835,1087,1761,247,38162.89731,0.007946689,0.094742812,-7.90E-13
3876,1794,15503,96,402,7786,102,8160,889,1202,1756,515,38204.89506,0.010298028,0.094644515,-4.71E-12
3877,1850,14752,96,372,7798,102,7629,961,1241,1838,1017,37646.96611,0.011392259,9.02250266,-1.18E-12
3878,1964,14094,141,362,7796,120,6910,1115,1444,2017,1024,36986.91702,0.003771218,0.07921378,3.73E-12
3879,1985.450822,15092.14297,436.0445969,436.9677574,8063.914422,131.4652967,5737.438061,1292.710036,1705.563111,2060.543814,802,37744.16,2.30E-09,0.080890116,4.97E-12
3880,2187.202601,16840.2296,609.0758587,611.6594625,8364.128777,136.6574875,4360.464307,1439.510183,1875.216997,2153.957304,1022,39600.03,5.81E-10,0.072575576,1.16E-11
3881,2267.420188,18059.83877,653.4325458,777.7106086,8882.274174,146.0497921,2795.201662,1610.384515,1923.649013,2255.657108,922,40293.55,3.10E-10,0.068378931,6.69E-13
3882,2352.844346,18870.61848,606.6139524,930.3508388,9249.7497,151.3293744,1428.647842,1821.87985,1909.267374,2413.75323,720,40454.99,1.81E-10,0.064991144,-4.23E-12
3883,2461.60203,18908.39409,588.3811655,857.4487389,9480.260242,155.2615441,373.0155722,1929.845253,1855.659409,2505.82053,719,39834.63,1.45E-10,0.058572726,5.48E-12
3884,2401.748899,18366.7647,565.6217349,653.4126065,9500.50056,156.2909429,252.1807572,1960.932812,1748.110136,2414.53501,820,38840.04,1.80E-10,0.058162995,5.71E-12
3885,2480.141971,16956.37668,362.0318107,651.2030132,9478.119244,155.1452915,3.758996639,1533.418863,1566.423865,2272.513178,973,36432.07,1.87E-10,0.062908682,-3.15E-12
3886,2023.678702,14133.57115,472.7726891,89.87744212,9387.379464,153.5285658,0.021045809,1089.466684,1479.2478,2123.130304,899,31851.6,1.72E-10,0.073844665,2.91E-13
3887,1644.826865,11669.52463,491.0037924,89.25315496,9332.286399,153.4524698,0.020092416,1084.382489,1386.366811,2096.13016,899,28846.16,1.86E-10,0.08685985,2.78E-12
3888,1664.982821,10839.09161,483.4574738,81.631512,9191.035843,151.2878866,0.018223947,1141.11234,1255.663692,1964.063959,849,27621.23,2.05E-10,0.115364331,-2.27E-12
3889,1790.966865,10362.32612,574.5353322,76.89151233,8953.763137,146.7608015,0.225490403,1015.162837,1149.853037,2034.171775,911,27015.53,2.31E-10,0.126906224,-9.76E-13
3890,1756.707643,10012.58032,399.7428078,77.51448071,8936.043104,149.1286389,0.096463126,1043.668936,1061.877934,2080.864989,899,26385.49,1.95E-10,31.73531154,6.82E-13
3891,1765.782324,9958.294297,390.3754408,76.36212226,8931.7808,148.891431,11.36835983,1083.375543,1034.938417,2143.678434,716,26073.14,1.90E-10,187.7071681,1.42E-12
3892,1483.495354,10521.30376,454.3690695,75.11407908,9025.316567,149.3997796,230.2272007,1273.646033,1100.201181,2316.63933,430,27045,2.23E-10,14.7123526,-8.62E-13
3893,1282.588684,14805.1008,486.9142504,87.81790655,9948.515741,170.8658437,436.3766859,1298.038646,1174.328722,2478.550075,4.85E-11,32142.02,1.33E-10,27.07735135,4.68E-12
3894,1814.536256,18658.63595,596.7300665,509.0084652,9181.415752,198.4808268,1610.338065,1071.89958,1125.458295,2351.370752,934,38051.8,2.10E-10,0.074010608,-5.54E-12
3895,1814.956628,20115.5305,638.4304847,853.9434998,8845.843094,159.933824,2170.357819,1104.985543,1199.67633,2279.113213,1024,40206.69,2.74E-10,0.08093631,-8.54E-12
3896,1740.355307,19668.69844,535.9101995,954.4171109,8460.169283,140.4244342,3406.982634,921.1219601,1186.447987,2185.743848,1024,40224.19,4.42E-10,0.081203171,5.58E-12
3897,1664.768053,19081.41949,460.5518178,689.4683424,8125.762972,101.5501392,4191.649829,995.2733848,1261.993832,2126.671827,1024,39723.03,7.05E-10,0.079691744,7.59E-12
3898,1600.90018,18712.13165,411.1083807,512.3008079,7854.273575,100.3166268,4757.821944,1036.730677,1326.131285,2089.631943,1024,39425.27,1.13E-09,0.077068163,-3.19E-12
3899,1549.984207,18659.3022,420.6080506,534.6652809,7923.908241,100.668492,4913.417361,981.6853405,1357.267645,2127.606347,637,39206.04,6.84E-10,0.073167825,-1.81E-12
3900,1518.228412,18320.06911,371.1734741,459.138092,8063.621005,101.5523993,4767.540987,988.2540987,1392.645769,2070.198436,531,38583.35,1.64E-09,0.071784485,1.17E-12
3901,1502.338694,17957.50593,424.9790827,402.2577784,8038.935397,108.1603582,4560.514061,1032.49491,1339.129075,2020.755602,1018,38398.06,7.87E-08,7.010890459,-3.60E-12
3902,1574.735437,18023.85214,552.5569491,435.7045117,8292.685535,138.6291297,4291.093106,986.9780191,1395.747186,2111.106285,1024,38827.02,8.88E-10,0.068299157,1.85E-12
3903,1688.598216,19267.51878,561.6994131,593.7843433,8491.108497,140.9048738,3826.07984,1019.875656,1469.53332,2196.760646,1024,40279.79,4.27E-10,0.073584866,4.72E-12
3904,1944.761054,19875.28166,655.8514152,1079.002889,8554.202237,145.4244351,2993.028418,1247.005567,1560.15704,2239.013952,1024,41317.66,3.39E-10,0.068668347,-6.28E-12
3905,2287.739752,20355.95194,590.9190429,1142.850909,8657.298183,149.3821783,2082.009322,1317.164428,1655.238028,2292.009648,1024,41554.5,2.68E-10,0.063432342,-2.24E-12
3906,2340.27287,20894.88048,645.2366792,833.4315325,9001.105257,151.2219023,1187.416818,1440.678355,1712.906331,2388.558054,1024,41619.64,1.93E-10,0.06827768,-1.19E-11
3907,2395.602235,20954.23681,482.088258,631.9444401,9364.48623,154.8997097,354.8413899,1472.611012,1535.388774,2508.621649,1024,40878.66,1.45E-10,0.060507118,-3.86E-12
3908,2415.258961,19866.97334,483.3536527,625.4547926,9429.64562,157.1409997,30.50271873,1514.719334,1279.444914,2411.407218,1024,39237.84,1.82E-10,0.061553894,4.91E-12
3909,2360.513578,17984.89898,645.3343761,571.4270004,9393.428253,156.5549572,3.776508455,1376.593989,1130.861852,2241.387349,974,36838.72,2.06E-10,0.056846321,2.32E-12
3910,1817.877292,15203.88074,603.339391,102.9636044,9327.883795,150.2425637,0.021283507,1037.521831,988.6573279,2189.166718,924,32345.47,1.69E-10,0.084547289,-7.94E-12
3911,1491.385767,13087.82333,502.1528156,94.85486298,9180.917711,155.0507341,0.02179753,900.5874655,859.3199091,2183.727436,924,29379.74,1.69E-10,0.101830297,-2.26E-12
3912,1450.26697,12168.65533,475.1693681,82.92410906,9081.84612,154.8160864,0.02150448,737.4554684,786.3047703,2170.308771,900,28007.64,1.51E-10,0.128493595,6.98E-12
3913,1462.338343,11684.5777,466.6189628,79.49577715,8886.226229,151.903616,2.285019268,576.6077619,736.7853823,2127.749592,899,27073.45,1.70E-10,0.13838084,-1.62E-12
3914,1494.160539,11343.43979,434.3810434,80.18915462,8845.794788,153.3803231,1.09277906,514.3481064,724.0697692,2115.141245,899,26570.17,1.77E-10,34.82754076,-2.49E-12
3915,1523.167176,11285.3649,415.6831839,80.1728662,8733.569648,150.179295,2.391264085,465.0017449,736.1557743,2153.350365,923,26228.98,1.90E-10,239.0562171,1.08E-12
3916,1466.968211,11223.35321,461.5897924,80.45307703,9097.559091,152.8685975,208.5230591,477.1998657,837.902662,2273.765374,1023,27283.78,1.84E-10,19.40294051,2.32E-12
3917,1687.51487,14055.32239,587.4601475,330.6256245,9602.862121,160.9456341,1033.179871,523.1853437,911.8222697,2439.876144,1024,32327.8,1.52E-10,28.99441238,-5.12E-12
3918,1853.529652,18323.83403,826.6366142,645.8133644,9349.168363,156.3599176,2341.395455,509.3009218,993.8386724,1728.122818,1012,37739.92,1.90E-10,0.079805796,8.72E-13
3919,1729.733189,18883.83197,991.5517904,685.2260548,8763.677296,147.1014141,3192.03199,443.7768341,1352.50431,2278.109953,227,38694.47,2.82E-10,0.074798262,3.51E-12
3920,1608.900598,17508.64337,632.7944457,902.705793,7963.753926,134.4614977,4781.835446,372.4039519,1953.463866,2106.197164,4.31E-11,37965.08,9.19E-10,0.080057211,7.61E-12
3921,1529.699295,16252.59261,587.5385885,670.7539786,7448.403944,129.6441675,5448.5274,380.5860981,2374.320148,2017,4.55E-11,36838.99,0.000426636,0.075799125,2.88E-12
3922,1379,15868,548,476,7392,128,5985,451,2828,2016,298,37368.92023,0.003870552,0.075903814,-5.80E-12
3923,1453,15107,558,553,7484,128,5860,457,3324,1690,406,37019.9235,0.002016461,0.074482597,1.83E-13
3924,1212,14602,644,429,7651,128,5655,516,3740,1796,505,36877.92187,0.003279061,0.074848557,1.01E-12
3925,1387,13672,436,698,7640,127,5386,666,3898,1912,792,36606.3824,0.00249786,7.615097542,1.76E-12
3926,1530.713835,13737.235,320.1054767,684.8154089,7955.87635,133.1355285,4795.913357,1129.037267,4016.219242,2071.025124,493,36867.01,1.74E-09,0.06658554,5.05E-12
3927,1626.305815,14569.56004,672.2556733,763.0085917,8300.759076,139.385443,4021.231618,1665.782429,4320.74281,2186.983467,529,38794.94,4.55E-10,0.074962824,1.35E-12
3928,1719.233601,15549.75787,719.2240303,1108.296243,8563.50419,146.7532961,2907.169001,2215.374138,5261.997131,2057.32274,166,40414.56,2.65E-10,0.072238613,-4.56E-12
3929,1659.375267,15040.48871,719.0428043,1019.851503,8560.118993,147.5567223,1781.868565,2544.431721,6092.869939,2283.412329,420,40268.94,2.76E-10,0.076557024,-1.42E-11
3930,1537.165266,14193.465,728.7691935,918.4408396,9005.288356,150.190422,870.4170641,2846.023049,6072.715009,2392.012175,565,39279.41,1.92E-10,0.076376554,-3.06E-12
3931,1596.796866,13639.86896,735.1787961,618.096383,9320.124759,157.1278866,231.4343793,3172.440243,6070.196501,2501.720469,4.58E-11,38042.91,1.47E-10,0.07523944,3.00E-12
3932,1558.863927,12495.93024,726.2032233,653.7467575,9238.570453,155.289583,23.84911971,3421.396485,6204.134181,2200.238964,4.75E-11,36404.72,1.85E-10,273.5029324,-4.77E-12
3933,1392.354604,9802.7538,635.1386564,433.5039921,8798.453835,149.1370428,4.567012468,3439.507387,6054.647447,1776.688594,547,33033.66,2.59E-10,0.092371273,-4.00E-14
3934,1063.068883,7639.017747,290.3765749,199.4020172,8822.98272,153.6545226,0.019979354,3420.380531,6026.386122,450.6654246,3.65E-11,28065.86,1.66E-10,0.094521206,-1.70E-12
3935,909.3752255,5997.20968,291.7665694,184.3175717,8131.204684,141.6535799,0.011002079,3407.041305,6046.609837,198.2207782,3.01E-11,24700.04,77,530.3702317,3.41E-12
3936,892.5874992,5510.128279,303.1150546,47.10437953,8194.461857,141.639416,0.010127738,3459.931295,5749.53905,213.2484279,2.58E-11,23535.78,409,566.9853867,-9.09E-13
3937,845.8936761,4989.992796,486.3811913,39.31609862,8049.445761,137.4857077,1.101100568,3512.402853,5461.093661,151.4536063,2.34E-11,22627.94,473,573.6264514,-6.82E-13
3938,771.085547,4516.415252,502.9476081,38.16741947,8167.876344,139.8830157,1.042611651,3767.626459,5560.304799,159.9205261,2.66E-11,21946.33,1081,597.939582,-5.00E-12
3939,664.3581887,3984.257701,478.2141558,61.67484601,7595.195761,129.6468356,1.031695315,3725.360617,5747.251771,1.98E-08,2.39E-11,21574.8,68.01216787,744.1794041,2.39E-12
3940,644.6130029,4346.494162,491.0316154,77.22970985,7835.650355,135.934377,70.97349117,3753.358899,5787.142816,277.4905845,3.34E-11,22836.63,1.14E-09,583.2890138,4.21E-12
3941,854.5052104,6117.471857,570.5794621,134.4467612,7826.802985,133.6374405,394.2963653,3789.191625,6316.59036,1940.922349,4.28E-11,27919.17,5.27E-10,159.2744162,-3.72E-12
3942,978.2333624,9464.421124,284.8144433,637.5007808,8432.191796,131.936607,1018.482554,3896.981421,6856.126233,2218.395025,345,34264.01,2.42E-10,0.073345889,7.94E-13
3943,1049.550652,10956.14706,82.04620533,694.6440502,8542.95074,122.6928456,1534.576499,4014.82637,7312.369731,2219.287771,141,36670.03,2.33E-10,0.061928181,2.46E-12
3944,1038.734275,10913.0246,67.61470344,749.9146311,8553.339396,123.2761297,2658.746481,3880.615663,7100.965424,2176.661859,105,37367.84,2.71E-10,0.053161346,-8.08E-12
3945,943.0289113,9945.128935,41.44171272,564.7923713,8237.101988,122.6902149,3602.48992,3816.530927,7251.402689,2057.349726,105,36686.9,5.16E-10,0.057395095,-4.36E-12
3946,843.0606301,8876.662732,17.84621447,473.234566,7644.055322,108.3950407,4742.930551,3762.601499,7427.705691,1849.356407,104,35849.79,3.17E-09,0.058653565,7.90E-12
3947,798,7558,6.85E-09,426,7240,103,5950,3677,7235,1761,4.65E-11,34481.60713,0.002608614,266.3902612,1.48E-12
3948,801,6872,5.72E-10,531,7202,104,7105,3651,6777,1765,4.16E-11,34807.90942,0.007717138,0.082860959,-3.48E-12
3949,822,6476,7.91E-10,543,7196,112,6421,3322,6638,1763,104,33388.72496,0.00657582,8.268465976,-4.59E-12
3950,824,7362,4.88E-10,542,7199,112,6780,2865,6619,2016,311,34629.90803,0.008373934,0.083593373,-7.70E-12
3951,827,9090,2.30E-09,496,7196,113,5640,2627,6755,2016,467,35226.91518,0.002711053,0.082109702,-2.72E-12
3952,916.0260142,11939.65746,20.54434884,780.9503281,7256.988511,110.8252449,4352.033769,2120.296823,6752.41565,2062.402733,516,36828.07,2.09E-09,0.07088165,2.79E-12
3953,1055.198264,14293.44916,51.45803911,895.6972321,7591.813347,116.7005992,2865.10902,1982.960474,6492.624687,2223.612477,511,38079.56,3.65E-10,0.063296694,3.39E-12
3954,1159.648467,15866.45071,77.71316724,999.7146062,8227.484125,123.6828896,1526.900244,1752.200403,6297.746035,2373.199449,367,38771.68,2.02E-10,0.060093638,1.11E-12
3955,1211.566124,16676.7618,84.72562679,1386.48352,8473.962556,93.61369745,487.1563354,1253.313436,5511.054442,2454.699657,371,38004.27,1.63E-10,0.067197188,-5.75E-12
3956,1279.619224,17265.62844,93.547703,1000.700588,8774.054981,94.29529288,43.78080054,1157.772631,4774.990365,2443.884131,5.33E-11,36805.29,1.66E-10,122.9841542,-1.41E-12
3957,1223.325889,16409.57347,125.1167306,965.208611,8582.974899,98.54011803,2.773292051,1239.019192,4530.397317,1951.972374,588,35716.83,1.95E-10,0.071891088,2.62E-12
3958,1174.289597,13520.72079,330.5520623,585.5814408,8494.610305,114.9951529,0.021735078,1076.936879,4559.193521,1766.673456,329,31952.51,1.56E-10,0.064940207,-2.14E-12
3959,1079.940289,11226.02117,503.8544145,405.5442685,7948.338532,110.1198808,0.016724756,990.8935514,4415.158461,1676.84995,326,28642.3,1.99E-10,40.4372426,-9.95E-14
3960,1050.911378,9599.685855,542.558377,205.4763474,8021.250731,111.2329975,0.017547932,1178.269904,4655.520078,1714.926379,131,27156.84,1.74E-10,54.00959525,-2.83E-12
3961,1103.391582,8470.724366,469.3488164,71.19830163,7986.941751,107.1327998,2.210476656,1318.017503,4750.735772,1672.77897,130,26017.34,2.01E-10,65.14033834,-2.26E-12
3962,1160.260914,8017.853247,437.1165747,70.9145806,7987.325796,106.76549,0.040594407,1518.740808,4357.940984,1651.078447,131,25373.97,2.21E-10,65.06743539,-5.27E-12
3963,1295.114519,7944.584648,460.2116658,91.6756955,8009.779436,106.7205691,4.387242296,1512.456334,4022.393654,1616.437525,302,25230.54,2.64E-10,135.2212885,-4.18E-12
3964,1525.431675,8161.33252,566.0509964,74.84049995,8056.837512,107.5497053,233.7591278,1268.475337,3793.252937,1805.09296,695,26239.17,3.24E-10,48.4532697,-1.23E-12
3965,1878.566872,11726.74033,610.485615,222.6792138,8360.57383,116.5488512,1038.21797,1216.303917,3567.756823,2193.503381,4.22E-11,30913.3,1.67E-10,18.07680643,-1.84E-12
3966,2341.51641,15843.41989,603.2553935,923.5155345,8151.552097,113.8219195,2260.528321,611.0417222,2611.49143,2379.451384,199,36038.51,1.88E-10,0.084100617,6.47E-12
3967,2368.900134,16096.46008,566.32858,943.4772685,7538.107954,100.5448135,3115.373759,806.1825985,3400.828568,2164.659944,330,37430.77,5.27E-10,0.093697316,-6.28E-12
3968,2287.193187,15422.48785,437.0769197,866.8778684,7295.782709,94.81679275,4593.263781,811.4407258,3477.365428,2101.211763,3.75E-11,37277.23,9.76E-10,110.2870267,-2.57E-12
3969,2238.772199,14839.87935,324.6185288,867.1616262,7014.457619,88.38009652,5231.381252,744.5396461,3527.33523,1885.558023,3.99E-11,36632.79,7.78E-09,129.2935706,2.81E-12
3970,2223,14743,45,794,6939,80,5680,643,3564,2018,4.28E-11,36619.85538,0.002656076,109.1419631,-2.42E-13
3971,2286,14881,48,826,6912,81,5750,569,3501,2017,4.30E-11,36851.09293,0.003249301,19.90382338,2.80E-12
3972,2274,14712,48.00000001,525,6739,101,5575,558,3614,2018,104,36267.92204,0.001222282,0.076733238,5.96E-13
3973,2161.604411,14414.24255,48.78278248,571.6458069,6747.234577,120.4066271,5375.662331,476.0051805,3596.99324,2018,278,35800.95,0.001933854,7.625569898,-2.81E-13
3974,2131.067443,14665.25277,55.14409807,613.5512767,6941.883299,126.6509732,4788.827565,471.0943719,3389.973005,2020.089715,630,35833.46,2.46E-07,0.074511649,-1.01E-12
3975,2359.968543,15718.63032,100.0864002,594.3869749,7198.588891,134.8742751,4385.205575,616.2592006,3228.812434,2105.426591,1020,37462.16,9.73E-10,0.079205034,1.91E-12
3976,2459.026036,16872.27501,139.8052174,1175.105221,7510.410774,139.0663135,3511.901827,741.3145377,2804.249375,2211.552682,1024,38588.63,3.90E-10,0.076990754,2.16E-12
3977,2444.225118,17759.74628,181.3326263,1511.309995,7992.982369,145.2280849,2404.945568,812.0674995,2581.210707,2282.997557,1024,39139.97,2.79E-10,0.07579933,7.53E-12
3978,2532.484449,18551.2006,215.9845296,1212.911087,8480.081923,152.0022971,1245.999538,902.5091869,2179.295216,2407.199159,1016,38895.59,1.84E-10,0.077990981,-4.76E-12
3979,2503.10536,19145.88278,234.3517858,965.2901577,8867.562351,157.0533556,370.2753987,845.570389,2007.726755,2574.776911,398,38069.52,1.27E-10,0.07524695,-1.05E-11
3980,2422.633327,18825.95933,230.1014743,857.426853,8880.318151,157.1714344,210.3469433,885.0916007,1965.372684,2491.431349,483,37384.08,1.48E-10,24.77314764,1.21E-11
3981,2326.325503,17919.6442,143.8046923,576.4583641,8772.201108,156.5347383,1.839962859,998.6601648,2018.493363,2186.449185,917,36017.35,1.75E-10,0.061277971,4.30E-12
3982,1408.657397,15587.06868,144.6620015,289.2291824,8885.5369,157.7740433,0.025623683,950.9839754,2142.062485,1895.282821,774,32235.22,1.43E-10,0.063105384,-1.82E-12
3983,1128.004222,13215.27479,134.457919,251.6296638,8578.786764,154.0028291,0.021614987,846.7677365,2135.888303,1814.268871,773,28995.17,1.76E-10,36.93271628,-2.20E-12
3984,1104.775099,12334.96668,96.60251407,164.1162994,8443.446768,151.015251,0.019863731,851.2865781,2075.765191,1836.555108,575,27586.1,1.63E-10,47.44934824,2.27E-12
3985,1083.310255,11763.55828,64.23506198,114.9794375,8069.319242,148.1003704,2.294021555,853.6112151,2159.902255,1743.329019,549,26500.64,1.81E-10,50.99915513,-5.12E-13
3986,1088.25131,11153.45601,60.8323344,81.69660958,8113.331033,150.189284,0.053770478,840.4790797,2205.617634,1740.444485,304,25690.25,1.84E-10,48.10155251,2.13E-12
3987,1077.190643,10691.81055,57.07026188,81.79639178,8030.175434,147.2291304,2.485633097,726.0121206,2387.892494,1734.525539,307,25146.7,1.92E-10,96.4881983,-5.97E-12
3988,1043.368032,9798.018866,51.64884828,79.41229371,7892.729409,144.8447587,87.01225855,826.7874351,2603.885202,1756.395318,768,25011.81,2.47E-10,40.29242085,1.57E-12
3989,1093.100588,10554.59034,65.62200612,134.0392511,8132.654324,148.2508781,521.1328922,802.3819761,2950.214439,1818.522948,774,26979.1,2.18E-10,15.40964423,-4.21E-13
3990,1148.085778,11270.74873,70.89826211,415.2894899,8350.884488,149.4283048,1291.64606,974.7107214,3261.24747,2253.214354,972,30158.09,2.00E-10,0.063655011,2.00E-12
3991,1170.0363,13075.63348,86.38633183,690.4428438,8435.389997,148.60417,1795.537045,971.0157969,3684.894853,2278.12353,974,33310.01,1.92E-10,0.054346608,-6.38E-14
3992,1071.979753,14061.19424,54.72617678,633.6571766,7966.060043,141.9115236,3209.133159,947.7196888,3129.995872,2131.93065,974,34316.28,3.27E-10,6.028278763,7.67E-12
3993,1024.954722,13694.92058,38.47142418,586.6218985,7797.20818,139.7966584,3844.695298,1093.165079,3332.659931,2090.968241,848,34484.71,4.05E-10,6.75201633,4.51E-12
3994,994.1897336,12943.25686,26.75660073,463.0550122,7675.400168,137.6654952,4143.522724,1157.505538,3490.43607,1908.012763,908,33842.54,8.96E-10,5.260964463,3.71E-12
3995,958.8648185,12175.99383,19.36682192,527.9633338,7533.792243,135.6349316,4339.017004,1183.787848,3595.864322,1923.093229,923,33304.54,7.31E-10,11.83838163,2.97E-13
3996,911.0679368,11084.21276,11.93670476,463.0224321,7387.74445,133.7473023,4320.784888,1187.672308,3836.924627,1876.814439,923,32136.88,1.43E-09,0.047843265,-3.86E-12
3997,945.309059,10167.80814,14.87252953,417.5235912,7382.71295,136.0671392,3587.517898,1307.261942,3996.490426,1930.473748,924,30805.22,6.90E-10,4.817426421,-2.81E-13
3998,943.21146,9283.740727,13.29883083,476.5234642,7232.35929,135.1067225,4055.347392,1497.211846,3803.851448,1922.726278,924,30287.33,7.80E-10,0.047458467,1.66E-13
3999,981.1694737,9644.425855,83.41617379,559.8168769,7456.333416,138.923158,3916.02541,1852.254467,3571.913472,2012.990572,949,31166.22,5.19E-10,0.048874536,1.87E-12
4000,1045.072608,10597.16532,293.4577345,632.0122168,7691.304788,142.6655212,3319.178158,2299.420498,3711.901744,2072.332939,949,32753.46,3.54E-10,0.051523216,4.49E-12
4001,1109.896311,11092.2414,322.5245988,756.0251809,8138.669589,146.8133271,2249.813675,2867.556222,3777.08433,2140.956199,949,33550.53,2.63E-10,0.050835263,6.69E-12
4002,1183.23042,11643.68039,342.4336667,851.2277048,8490.10257,151.8956267,1189.191325,3048.113094,3496.054159,2271.943206,949,33616.82,1.74E-10,0.052163343,6.32E-12
4003,1230.886763,11949.15731,349.0630826,858.5979031,8686.925473,154.0894034,381.1081914,2797.507133,3395.64403,2399.153808,949,33151.09,1.31E-10,0.043101845,-8.52E-12
4004,1262.830893,12252.85439,358.9777796,925.0316351,8868.33852,156.8426746,230.8839191,2719.830012,3232.558727,2304.997016,949,33246.05,1.59E-10,16.09556978,3.64E-12
4005,1237.645249,12654.95648,455.3606898,857.5582743,8856.413737,155.6899672,2.700344317,2290.532001,2950.372148,2192.219959,963,32616.4,1.71E-10,0.048851252,3.36E-12
4006,1186.772794,10864.81475,511.0847324,249.0725735,8899.216046,157.6958443,0.024725932,2058.674538,2913.017802,1876.352576,775,29491.68,1.47E-10,0.046377142,2.19E-12
4007,1108.095158,8046.186116,611.6836092,169.2654166,8791.508641,156.1108342,0.023367277,2260.151493,2931.117272,1670.457668,695,26416.27,1.61E-10,23.32957682,-1.42E-12
4008,971.9382464,7204.781898,315.9552864,139.1226185,8539.341022,151.3342626,0.020144257,2381.366736,2636.400904,1643.223969,692,24648.15,1.78E-10,27.33508679,3.55E-12
4009,1020.993597,7251.763172,316.1397144,120.8077337,8318.428736,150.8894635,1.313818897,2331.221815,2529.848038,1670.39754,303,23988.35,1.62E-10,26.45363003,3.88E-12
4010,999.5409755,7522.442384,302.9478382,117.850829,8123.393625,149.8073479,0.035229964,2120.564187,2246.736536,1656.308483,299,23515.23,1.70E-10,23.39743525,-1.56E-12
4011,949.2265373,7460.143995,350.3400298,106.4162018,7900.669081,145.499649,4.449080396,1978.072394,2152.660161,1622.315669,299,22918.91,1.96E-10,49.88279835,4.24E-12
4012,953.461246,7085.306246,296.0045173,108.4064884,7950.723018,146.2796189,108.8269393,1855.771361,2171.484399,1640.800219,299,22594.14,1.94E-10,21.92405238,1.78E-12
4013,893.9594533,7783.48971,343.9163898,116.9660217,7960.129962,144.5787242,514.379299,1794.883309,1972.560421,1699.113573,454,23669.03,2.25E-10,8.946862682,-2.16E-12
4014,827.7130997,8823.183324,287.4412795,276.2546376,7934.286933,142.5629947,1285.649242,1611.234437,2043.228077,1708.847395,747,25687.36,2.69E-10,0.041419452,3.57E-13
4015,893.0643981,9762.265448,294.9498181,581.8880792,8058.884872,142.9320192,2275.884558,1606.531674,2151.106732,1952.044483,848,28567.51,2.41E-10,0.042082535,-8.40E-12
4016,857.9969096,10889.12538,277.0404439,838.9022962,7707.558886,137.1578546,3260.045949,1483.336287,2147.413521,2085.771031,973,30652.7,4.22E-10,4.648554723,2.07E-13
4017,849.7200434,11517.96085,267.6576569,827.8721973,7657.149868,137.0235692,4042.832084,1330.260636,2307.983429,2051.526025,974,31958.09,5.24E-10,5.896360461,1.83E-12
4018,831.46789,12148.52683,265.4571153,963.8770425,7616.229301,135.0713155,4264.136069,1052.758393,2546.60287,2004.71367,974,32797.81,8.39E-10,5.030491334,3.45E-12
4019,840.9706894,12709.69218,17.16145582,940.7059338,7639.490396,136.5654461,4091.705922,1040.476786,2901.575435,1986.46363,924,33215.03,4.23E-10,13.77787054,1.95E-12
4020,829.3130138,12175.71243,13.84240991,876.9504848,7622.136706,136.6673977,3702.723736,1022.633847,3364.839794,1985.629038,923,32653.4,4.28E-10,0.048854449,1.98E-12
4021,925.0178027,12160.1413,17.21503179,485.0148778,7819.482028,140.4084381,2935.901164,871.3500217,4064.995439,2000.561277,923,32343.04,3.83E-10,0.047378121,-2.57E-12
4022,989.9679818,12193.32283,19.96726456,519.6559939,7815.471018,141.0129009,2736.469558,975.6964052,4323.803846,2208.386164,1024,32947.71,4.01E-10,0.043959582,6.48E-12
4023,1063.338807,12958.6962,39.83735951,543.3531879,7957.201352,147.2776188,2281.944855,1738.512332,4417.72165,2269.673545,1024,34441.51,2.95E-10,0.0469066,2.80E-12
4024,1133.020043,13902.21607,51.51811125,728.3185509,8021.565945,148.6039558,1650.268907,1979.156614,4422.100015,2315.548081,1024,35376.27,2.43E-10,0.046291705,1.17E-13
4025,1259.186474,14403.55344,57.23440004,1032.024559,8221.639784,150.3071468,1098.490133,2059.582033,4483.116547,2358.970212,1024,36148.06,2.12E-10,0.044725672,3.87E-12
4026,1274.26459,14047.19958,69.34167632,1084.597145,8519.74937,155.3323504,591.0847239,2482.376227,4543.051523,2469.866989,1024,36260.82,1.58E-10,0.044177344,1.30E-12
4027,1249.9831,13596.69012,68.74365656,1032.881663,8767.133456,157.1416392,175.9050185,2739.586681,4334.854422,2453.071109,974,35549.95,1.29E-10,0.040864015,-1.04E-12
4028,1245.673075,13159.02868,142.9254012,696.9921896,8791.093124,157.850428,110.6495487,2389.922362,4571.717414,2222.542941,924,34397.47,1.71E-10,14.92515972,6.65E-12
4029,1228.754912,11629.08257,390.8366758,552.2288397,8739.254943,156.3737962,2.670853422,2441.859608,4631.190996,1829.954419,751,32353.17,1.69E-10,0.037610304,5.93E-13
4030,1103.069275,8479.746374,539.7419048,107.0316633,8366.516251,150.8626094,0.019259572,2492.526801,4247.507499,1747.475021,748,27982.46,1.81E-10,0.036657648,4.30E-12
4031,1036.979121,6627.010863,430.4821054,106.8206118,7881.023473,147.4383106,0.016455967,2570.242631,3878.623468,1584.425223,696,24936.96,2.10E-10,22.1022636,-2.60E-12
4032,997.3295869,6186.677062,289.3805502,85.5200789,7567.998713,144.2139259,0.013002347,2517.937125,3710.769141,1552.337267,695,23718.07,2.45E-10,29.10645297,8.49E-13
4033,989.1444543,6108.961281,293.9514675,82.24537238,7600.066541,143.7169233,0.201570619,2358.983369,3552.3062,1572.656245,592,23262.27,2.24E-10,31.96342389,6.82E-13
4034,982.423086,6198.948089,340.0762488,56.62386018,7536.499885,144.206392,0.027552269,2318.025789,3373.975828,1550.34239,591,23056.95,2.51E-10,35.19912057,-2.14E-12
4035,1041.293304,6167.795998,385.0375531,56.92010116,7375.081701,143.828088,2.418340599,2371.354946,3578.511332,1507.682048,508,23056.66,3.25E-10,81.2634115,7.47E-12
4036,1185.663512,7056.406906,449.9772411,61.12938847,7724.823376,149.7403165,112.3685452,2212.635119,3573.052184,1024.295725,796,24314.77,2.43E-10,31.32231309,-5.04E-13
4037,1343.370521,10017.89445,727.6999871,118.1025821,8181.147699,157.6291134,644.9030341,2218.597913,3944.278066,1395.367701,916,29659.83,1.57E-10,5.161063503,-4.07E-12
4038,1611.587222,13796.93077,722.1983926,540.3094985,8218.85327,155.8795973,1530.722428,2394.196176,4407.752312,1358.825594,932,35669.21,1.80E-10,0.045261312,1.60E-12
4039,2000.011563,14336.49182,649.0745862,758.2058534,7694.826408,145.0318074,2413.61284,2399.497153,4977.421168,1243.349409,973,37590.47,2.93E-10,0.052608783,6.49E-12
4040,2183.247395,13303.13596,546.0761201,702.5894441,7233.439582,137.004264,3912.13964,2184.318785,5223.318802,1143.094789,901,37463.65,5.53E-10,5.714780705,-5.05E-12
4041,1984.288125,11990.88837,518.3253398,581.0398833,6691.931857,128.126665,5203.144078,2130.402809,5039.34373,1012,848,36119.9,0.001130535,7.589725842,-3.25E-12
4042,1862,11192,519,476,6612,127,6630,1775,5321,1012,761,36280.45882,0.006364597,6.534819351,2.82E-12
4043,1863,11342,252,519,6616,127,7035,1635,5280,1012,750,36414.62068,0.004866807,16.374457,3.84E-13
4044,1858,11073,336,360,6629,126,6905,1789,5145,1012,915,36147.93211,0.007377946,0.06051682,-2.04E-12
4045,1701,11095,417,429,6564,127,6137,1865,4912,1010,961,35217.93441,0.004541204,0.061044132,-2.44E-12
4046,1612.814984,12506.67699,458.9388464,497.3699389,6739.834502,132.040939,4988.232607,1892.113913,5284.169214,1028.352639,922,36062.49,7.76E-09,0.054573332,-3.37E-12
4047,1975.292524,14237.02834,473.2597737,510.2149355,7034.809955,139.1447391,4004.026211,1830.8637,6227.497545,1161.185139,1024,38617.27,4.93E-10,0.052866055,6.30E-12
4048,2241.077525,15479.33792,493.7840633,667.8924071,7367.475623,145.0391887,2765.621114,2252.724428,6762.975361,1216.466156,1025,40417.35,3.42E-10,0.04378064,-6.57E-12
4049,2327.248576,15841.17648,503.1121085,769.2452688,7701.375567,150.6762527,1662.683428,2961.113526,6586.285897,1311.029846,1024,40837.91,2.29E-10,0.036946835,4.61E-12
4050,2339.194533,15345.91807,502.2581519,692.9295825,7986.247678,154.4288192,754.9939644,3112.583322,6094.04017,1410.386105,1024,39416.95,1.69E-10,0.030394627,1.00E-11
4051,2076.228987,14539.35414,508.9026769,692.8994662,8035.916578,152.6755981,192.4190252,3034.004855,5844.062285,1426.711238,1024,37527.13,1.61E-10,0.044847267,-8.16E-13
4052,2075.180711,13553.98298,515.9145991,711.0987755,8297.285159,103.7359879,38.66462603,3005.980144,5936.791048,1287.850159,924,36437.18,1.74E-10,13.3041897,-8.57E-12
4053,1955.273124,12161.81247,571.9316988,581.1814791,8230.858722,51.61718537,3.570284626,2982.158461,5636.341418,1096.941456,774,34045.65,1.71E-10,0.036300204,-6.74E-12
4054,1361.37745,9453.927345,566.4922335,93.12555201,8074.796384,48.71271893,0.020892264,2782.165897,5696.215819,1022.591471,724,29823.37,1.52E-10,0.055762331,-4.22E-13
4055,1308.708921,7050.351879,573.8984848,83.39370004,8144.199334,50.07822048,0.022017753,2850.914333,5338.905869,996.4823488,723,27096.95,1.57E-10,23.00510815,8.74E-13
4056,1282.884601,6944.841202,550.6641853,72.17957796,7824.167971,46.61184541,0.018017348,2791.161227,4886.055618,951.3641594,723.45,26041.55,1.84E-10,31.8484051,-7.77E-12
4057,1274.199312,6792.465341,548.3204339,67.25809176,7647.591246,44.2984084,1.224520349,2829.018998,4617.090168,928.1105339,724,25438.72,2.04E-10,34.85705241,2.66E-12
4058,1296.91218,7634.082384,587.1129847,65.768811,7509.213644,44.29622628,0.033705199,2382.031336,4187.464046,913.3966524,724,25313.25,2.18E-10,31.06196919,-1.02E-12
4059,1280.406264,8050.516733,623.763639,66.0850381,7439.073335,44.81496081,2.52629261,1605.848562,4257.726609,957.3189974,774,25020.18,2.28E-10,81.90043025,-3.01E-12
4060,1340.278228,8965.113887,562.8708465,68.34787582,7808.913286,50.69219654,138.6957516,1237.062165,4220.288379,1179.730934,922,26454.95,1.76E-10,39.0435512,-4.19E-12
4061,1673.700286,12720.31169,642.2850517,258.7840442,8222.021674,56.20075177,769.6585597,1078.467247,4160.186048,1416.261785,875,31866.42,1.41E-10,6.45714194,-5.54E-12
4062,2013.722584,17930.57885,669.3207119,826.1414507,8121.887016,53.2049767,1656.832711,840.8029815,3784.126058,1368.764931,854,38119.33,1.63E-10,0.052273777,9.56E-13
4063,2242.840669,19722.78985,707.5572359,987.2233167,7618.637092,42.31613137,2270.230695,607.2254413,3685.246847,1242.497705,1024,40150.5,2.77E-10,0.064983877,2.52E-12
4064,2164.56587,19703.69072,471.3524006,1358.574804,7202.091261,35.77584806,3604.008374,422.0834729,3323.085024,1164.723783,1025,40468.02,4.37E-10,6.931558057,6.70E-12
4065,2148.270034,20229.27606,367.9163124,1070.038891,7434.178773,38.80696023,2467.333563,364.1933049,3357.646118,1215.463554,1025,39710.15,3.08E-10,7.973566809,-6.95E-12
4066,2014.541736,19087.22976,303.850906,837.2235927,6884.141084,30.59941665,4656.259289,304.4032073,3184.353347,1063.931407,1024,39383.46,1.49E-09,7.073740978,1.16E-12
4067,2026.995157,19197.96261,327.5706877,942.1077197,6971.198624,31.8028838,4719.751751,364.3749455,3243.089044,1099.778293,782,39689.43,7.79E-10,17.20171237,-1.04E-11
4068,2018.898776,19434.08811,93.76595477,955.0166203,6910.706315,31.08090408,4504.096215,373.265915,3068.018654,1088.860065,1015,39492.73,9.15E-10,0.067525811,1.63E-12
4069,2063.091526,19581.7704,60.0118065,873.7492871,6975.622036,34.0188955,4318.321525,582.4026838,2896.033098,1112.812949,994,39491.77,6.81E-10,0.064204845,-8.83E-12
4070,2089.184887,19845.86633,63.5496086,837.781272,7006.722585,36.39399824,4090.710206,852.1320201,2736.20411,1154.564426,1025,39738.05,4.87E-10,0.059440505,-2.68E-12
4071,2041.144086,20585.32731,74.34594974,1459.422797,7163.598766,38.47532132,3610.823962,976.4369702,2647.586559,1217.873305,1025,40839.97,3.24E-10,0.065028917,-3.81E-12
4072,2209.028792,21269.02457,86.92150845,2214.034281,7341.866093,41.20534229,2923.304168,1080.330748,2672.779796,1220.825358,1025,42084.26,3.14E-10,0.060656567,-6.16E-12
4073,2183.314946,21572.29025,100.6428109,1930.893375,7928.198649,47.77166717,1916.470787,1508.342892,2783.015009,1309.294861,1025,42305.18,2.17E-10,0.055245007,1.07E-12
4074,2395.676484,21273.43901,113.1977771,969.1475708,8361.099656,53.059462,1036.593654,2096.797886,3299.135688,1434.617519,1025,42057.71,1.50E-10,0.054704317,1.77E-12
4075,2370.50911,19719.25911,115.6744924,618.6818794,8563.967493,55.23041344,287.7341037,2711.981995,3564.159545,1533.167015,1024,40564.31,1.20E-10,0.055160835,-1.52E-12
4076,2309.015534,17486.09301,274.4143153,571.1199984,8609.36856,54.48486028,265.7107832,3020.312479,3866.307349,1436.214305,1024,38897.39,1.45E-10,19.65119184,-4.38E-12
4077,2138.006193,14933.58886,616.6159457,497.8823656,8588.719055,52.88680141,2.632011003,3090.266117,3941.873875,1264.158202,923,36049.59,1.54E-10,0.039426671,-3.02E-12
4078,1583.401169,11163.8023,1004.142027,83.31638486,8526.654137,52.30753565,0.025491798,3157.7618,3960.4428,1093.203226,725,31350.02,1.33E-10,0.036869736,2.88E-12
4079,1424.793388,8171.216192,1001.126817,70.59906759,8229.91553,48.59652564,0.021748341,3231.329892,4074.242614,1025.609331,723,27977.44,1.58E-10,23.01110594,-2.08E-12
4080,1589.742291,7229.482904,1067.459255,62.59539775,7841.916929,45.54610834,0.018794335,3045.909369,3899.061942,979.3066978,724,26456.04,1.88E-10,28.99968799,9.05E-12
4081,1304.397992,6438.829388,1057.998535,56.27781632,7664.768716,43.06468417,1.197279586,3043.712411,4097.896095,967.6688479,779,25426.74,1.98E-10,28.07176516,-1.46E-12
4082,1336.296129,6877.418729,1106.531207,57.73281166,8433.705624,54.07663406,0.053889893,1868.404163,3486.353821,1080.431626,517,24793.08,1.29E-10,24.92463397,1.78E-12
4083,1142.917073,5963.482019,1058.205432,49.04262358,7800.112382,41.9212325,2.489884077,3084.019123,3980.343533,1049.195238,282,24395.91,1.79E-10,57.81854078,-2.10E-12
4084,1148.966205,6119.229446,1065.405389,63.39776845,7744.817246,39.74354899,95.19840183,3114.84045,4041.759013,1076.287275,903,25392.78,2.79E-10,19.86474294,-3.33E-12
4085,1553.865297,8823.176954,1146.366204,96.84285165,8882.697376,57.52035689,555.4771518,3401.617953,5051.103074,877.5290108,228,30671.81,1.33E-10,2.386228958,-2.34E-12
4086,1585.343096,13923.37817,1117.18658,550.5154782,8419.914483,51.05329786,1263.976045,3334.172252,4801.209533,1385.37679,197,36629.09,1.48E-10,0.035723015,-7.76E-14
4087,1673.421024,16766.88829,930.6818489,664.2149239,8485.916353,49.79270599,2469.361714,1825.770433,3863.443438,1391.123615,415,38535.58,1.54E-10,0.034346572,-8.90E-12
4088,1581.716121,15533.34366,590.9788486,804.0868981,7648.129137,37.33165937,3079.093275,3049.131614,4590.257021,1215.493191,524,38649.54,2.99E-10,4.021425376,-8.62E-12
4089,1552.716969,15192.88468,192.8348699,730.9045978,7482.43401,33.2202135,3665.751754,2888.711105,4845.387406,1132.052819,704,38415.51,5.24E-10,5.388429001,-8.98E-13
4090,1415.384843,14662.18186,62.57468036,600.1895674,7348.240331,31.40803209,4481.838331,2988.264167,4763.246615,1082.643265,799,38230.68,9.61E-10,4.291693254,-4.94E-12
4091,1494.382755,14694.53355,58.20201725,487.052986,7293.269596,29.4946482,4745.770293,2718.758076,4782.58947,1068.470392,1008,38370.21,1.24E-09,10.31378287,2.05E-12
4092,1446.351318,14447.06891,54.3790214,438.9799805,7305.112518,29.81238477,4989.110489,2830.535532,4531.355396,1045.961906,1025,38143.63,2.35E-09,0.037459913,2.81E-12
4093,1474.204686,14551.11066,56.49755817,406.7469942,7472.653779,32.30642918,4925.117692,2932.223673,4540.434283,1074.732188,564,38030,1.11E-09,0.027940383,-4.15E-12
4094,1489.480504,15005.35911,57.23594881,457.7283973,7500.074367,32.81744201,4631.770753,2869.084396,4391.413775,1079.519958,705,38219.45,1.08E-09,0.034653181,-2.33E-12
4095,1513.083657,16474.26282,64.17748447,758.5824692,7601.147572,34.04457292,4216.149609,2773.753673,3986.346682,1138.277557,972,39531.79,5.25E-10,0.036094746,4.92E-12
4096,1629.998078,18165.05183,75.73580099,1022.078077,7831.312936,36.05304322,3452.243197,2106.490553,4046.224154,1167.64292,974,40506.8,4.08E-10,0.030585728,-2.57E-13
4097,1701.734967,18998.98174,86.56541727,886.3800187,8145.731614,41.3142299,2192.769952,1936.275666,4296.826393,1223.864362,943,40453.42,2.94E-10,0.024362036,4.04E-12
4098,1760.57193,19440.84538,96.46995339,919.2355655,8444.741249,45.29272743,1113.372055,1758.187197,4314.536103,1328.167579,879,40100.39,1.92E-10,0.029741181,-2.66E-12
4099,1765.895212,19061.08782,100.6583603,988.1833355,8687.805657,47.7980384,337.3747413,1737.65931,4469.62622,1368.488843,558,39122.55,1.44E-10,0.0275423,8.13E-12
4100,1807.717979,18282.71465,109.0762782,839.9826689,8805.562266,47.90526049,202.7730962,1597.543743,4915.704274,1225.780785,106,37929.77,1.85E-10,10.99099815,3.27E-13
4101,1794.562033,16229.88575,398.0782332,678.5303568,8493.040546,42.76121897,2.437724979,1339.776815,4596.378925,1175.527483,464,35214.95,2.40E-10,0.029087739,2.84E-12
4102,1746.032351,11956.10362,864.016048,195.0502716,8427.351537,41.02773607,0.017271268,1648.065798,3788.324728,1005.351443,722,30393.32,2.14E-10,0.020806409,-1.45E-12
4103,1683.77555,8301.410775,918.9395951,77.03188602,8565.237186,43.93472294,0.019181522,1989.968172,3693.758887,891.5958618,724,26877.25,2.11E-10,12.42181745,2.80E-12
4104,1403.191364,6548.042363,996.9689787,66.48491137,8377.269941,41.56587491,0.016630208,2630.286425,3866.358768,887.2397084,683,25486.06,2.12E-10,14.36496378,-4.87E-13
4105,1346.074266,5483.881169,1080.689851,62.20523363,8477.501402,42.96382175,1.199788051,3290.21029,4061.325267,885.7645032,1.12E-10,24523.62,2.15E-10,208.1955912,2.56E-13
4106,1315.719489,5074.017383,1063.078023,55.92285679,8129.122698,38.28370193,0.026191262,3407.678441,4290.216021,841.1830837,8.20E-11,23867.04,2.85E-10,348.2078891,2.27E-12
4107,1290.592203,4710.493132,1051.946918,53.52421366,7931.538648,35.55659466,4.347141259,3526.732534,4491.985183,798.0328808,7.34E-11,23454.55,3.59E-10,440.1994476,1.02E-12
4108,1300.431923,4984.30803,1054.992694,60.90271566,7957.004409,34.88824605,286.5359334,3651.665876,4390.720309,769.1794786,167,24640.5,3.28E-10,17.12961415,-3.06E-13
4109,1408.483493,7244.087127,1165.760157,104.8724598,8510.407877,43.21373048,1106.209638,3843.721861,4791.992036,1061.135897,327,29603.3,2.02E-10,3.584276837,1.23E-12
4110,1696.522018,11420.40985,851.5200493,510.5966885,8965.302818,49.57105967,2497.355568,2227.493471,4343.196599,1263.531176,791,34616.47,1.69E-10,0.029301091,1.65E-12
4111,1570.959778,11592.93326,631.2231187,488.8119972,8128.708195,37.56436686,3560.001971,2650.201423,4857.756283,1110.833206,933,35561.95,3.74E-10,0.043600679,1.00E-12
4112,1254,9464,567,550,7264,25.00000001,5155,3564,5270,955,954,35016.76268,0.001992951,5.23533192,1.12E-11
4113,1343,9377,291,517,7270,25,6585,3242,5317,955,904,35820.65489,0.00682319,5.338286329,-7.01E-12
4114,1271,9293,292,540,7280,25,7740,2988,5325,957,923,36630.20652,0.011002105,3.782474942,6.73E-12
4115,1383,9449,291,482,7288,25,8240,2791,5323,909,854,37025.90428,0.010796851,9.084926474,5.49E-12
4116,1414,9173,339,541,7282,25,8085,2800,5453,909,854,36874.94862,0.013057794,0.038326641,-1.70E-12
4117,1275,8961,435,416,7282,25,7818,2732,5284,957,893,36077.95115,0.012932152,0.035916653,-1.39E-12
4118,1314,9418,345,436,7272,25,7005,2507,5210,1012,746.49,35290.44828,0.009205681,0.032516386,5.24E-12
4119,1436,10935,530,528,7286,26,5915,2230,5153,1012,846,35896.95797,0.00444283,0.0375885,2.58E-12
4120,1536.128822,13207.36846,544.5749286,599.7881343,7482.133513,27.67300504,4592.099441,1949.892146,5190.847386,1021.528661,1023,37175,1.36E-08,0.034498312,-1.22E-12
4121,1626.717879,14952.22946,558.7848727,663.3371487,7908.172858,34.5139033,3166.313921,1917.259589,5344.241718,1092.808078,1024,38288.35,8.15E-10,0.029431259,-3.94E-12
4122,1703.723915,16294.67069,451.0568181,764.7649869,8299.880672,39.65556055,1730.541937,2033.809548,5277.244883,1228.345277,1024,38847.66,2.69E-10,0.034286622,-7.26E-12
4123,1756.052126,16558.64409,426.8254419,756.1959256,8567.859997,42.47409674,584.4496683,1873.365803,5013.800969,1354.928115,1024,37958.55,1.63E-10,0.046226921,1.45E-12
4124,1835.631307,16016.37658,362.2853738,712.5428112,8839.921893,44.72604234,52.16478274,1901.164668,4946.930893,1302.735987,1024,37021.81,1.88E-10,16.67033926,-4.06E-12
4125,1837.351073,14985.98347,367.9905205,468.4342834,8840.415416,43.66516641,4.540549768,1877.347187,4810.710334,1154.894481,924,35315.29,1.99E-10,0.042481869,-9.11E-14
4126,1295.153638,12170.86534,386.3687537,137.1466416,8829.66219,42.89023893,0.021685138,1813.653463,4439.98862,1067.043614,725,30907.75,1.48E-10,0.044183984,2.03E-12
4127,1098.243461,10092.95899,371.5383829,109.4691361,8543.402642,40.77028838,0.017752751,1981.207005,3799.692897,965.0624485,723,27702.92,1.75E-10,22.44300591,-5.72E-12
4128,1083.48288,8835.796459,360.0048707,96.19993367,8424.061887,39.36558729,0.016045123,2232.003053,3538.097015,932.900831,723,26242.02,2.07E-10,22.90856158,-2.39E-12
4129,1074.322167,8138.843429,358.5970881,91.54175369,8370.294194,41.83143489,1.184403855,2293.68747,3452.001414,935.706351,723,25445.43,2.01E-10,35.57970442,-5.10E-12
4130,1106.442671,7467.329647,438.5080873,90.0728511,8336.372571,47.3707372,0.029314543,2401.074451,3514.960274,907.327799,723,24988.86,2.39E-10,43.62840271,3.34E-13
4131,1182.160843,7343.265756,362.2514312,91.85632258,8373.68811,48.68531288,4.40629116,2546.540559,3367.936555,892.8227839,724,24901.16,2.66E-10,36.45396453,-1.12E-12
4132,1482.466663,7516.25635,361.5240851,90.11611795,8392.15098,37.58457188,249.0802937,2493.461304,3303.954775,1044.022525,923,25871.51,2.90E-10,22.10766596,-2.38E-12
4133,1835.534692,10376.09448,490.8633099,416.3045892,8925.190576,45.00293656,1141.036332,2458.510428,3192.285512,1283.394583,1024,31184.38,1.68E-10,3.83744216,7.69E-12
4134,1809.087512,14855.61323,465.404785,536.1248768,8602.476233,40.70993112,2457.284496,2303.063912,2843.731889,1195.349828,1024,36132.82,2.72E-10,0.026698162,2.24E-12
4135,1688.744147,15670.957,434.0012749,619.697139,8000.663753,33.72302282,3822.429312,2008.372929,2725.022899,1106.092994,1024,37133.67,6.12E-10,0.034467698,6.43E-12
4136,1575.360371,14537.89836,77.74723411,1162.113526,7364.249071,26.41356174,5464.059802,1530.949373,2354.967328,1012,1024,36125.63,0.003464854,4.125165634,-6.61E-12
4137,1576,13975,49,778,7346,22,6875,1437,2332,1012,1024,36420.58041,0.006937873,5.412650859,-7.67E-12
4138,1567,13734,49,524,7342,17,8105,1398,2513,1012,813,37069.59328,0.010964778,4.395751445,2.09E-12
4139,1559,13616,49,543,7344,16,8795,1302,2650,1012,698,37573.37585,0.011823874,10.61232872,7.64E-12
4140,1543,13298,49,408,7353,16,8985,686,2058,1409.823529,860,36665.76107,0.015113658,0.047346937,8.68E-12
4141,1558,12089,47,381,7354,15,8575,1409,2803,1012,890,36132.93669,0.012667507,0.050638681,-6.62E-12
4142,1558,11825,46,500,7348,15,7685,1269,2974,1012,814,35045.94292,0.009752079,0.047324745,3.76E-12
4143,1606,13387,55,521,7349,18,6300,1119,3013,1012,1023,35402.94822,0.003146931,0.048633356,1.15E-12
4144,1713.192552,15164.98562,86.58931715,911.9117158,7621.452027,26.34405433,4768.897412,984.2030808,3267.158873,1024.823046,1024,36593.52,7.67E-09,0.037703082,8.03E-13
4145,1809.422432,16734.62234,106.3382944,1113.275436,8087.564361,33.92159345,3178.665569,977.6801669,3498.030114,1129.160096,1024,37692.65,4.96E-10,0.030403997,-4.72E-12
4146,1913.375839,17648.61109,110.1037629,1613.812009,8436.192776,38.00542612,1688.049587,897.3099332,3335.930278,1240.208566,1024,37945.57,2.37E-10,0.029265381,-9.77E-12
4147,1928.416773,18231.45839,123.8798332,1226.295669,8671.507323,41.29574833,542.2665028,874.8504281,3172.144171,1326.298046,1024,37162.38,1.67E-10,0.032882465,-2.04E-12
4148,1964.802599,18101.97872,198.1094668,1068.718166,8806.783946,40.59315102,355.5454833,718.1879959,2889.210198,1252.036424,1024,36410,2.15E-10,9.966145617,-5.45E-12
4149,1960.763773,17487.47838,454.9989729,837.6068486,8833.362078,40.04550635,1.485338915,638.1554575,2834.409891,1305.201404,1024,35417.48,1.54E-10,0.027651258,4.93E-12
4150,1907.473368,14362.88011,912.4085929,110.6353063,8860.437958,41.63938206,0.021512218,718.3432609,2864.177227,1162.907313,924,31864.89,1.39E-10,0.034031467,-1.71E-12
4151,1883.723608,11298.64527,922.6801075,83.83912855,8735.275829,38.42552576,0.019815283,875.1348695,2770.854455,1089.731138,922,28594.42,1.81E-10,25.90974853,-5.00E-12
4152,1887.508366,9966.350562,903.298347,74.87279431,8775.38602,39.92807763,0.020449422,878.3138301,2689.613816,998.3482183,724,26912.04,1.70E-10,25.60048145,4.59E-12
4153,1855.017678,9623.680013,883.5087731,69.19234828,8508.712533,38.13608179,2.198680739,854.0387202,2442.683509,973.271649,658,25872.13,1.93E-10,36.30998546,4.13E-12
4154,1849.715217,9455.846559,739.7898072,65.26914695,8421.4091,36.30346468,0.015295622,703.7486946,2330.765817,969.426594,684,25211.29,1.98E-10,44.99969582,1.76E-12
4155,1855.89308,8971.507208,597.6984155,63.45040529,8274.274805,34.75757736,3.369705232,651.8041189,2330.724762,955.1447827,822,24515.59,2.18E-10,45.03485937,-4.33E-12
4156,1889.390654,8472.531973,600.4014042,64.10348359,8316.871823,36.13354137,228.7242145,768.6736065,2290.902441,959.7756847,824,24426.58,2.28E-10,24.92882497,4.10E-12
4157,1912.271821,9657.80743,609.1343354,74.0145309,8324.892687,35.21207187,1020.148765,779.9573195,2263.66497,1032.228502,873,26577.16,2.44E-10,5.172431459,3.83E-12
4158,1921.594853,10768.46094,472.4164895,403.0486974,8310.138588,35.81296639,2258.914541,765.4161833,2265.228244,1065.292589,924,29190.28,3.10E-10,0.044094958,1.15E-12
4159,1856.382985,11857.61389,376.3014957,614.5318521,7971.531375,32.19177559,3416.131643,724.3940888,2584.435585,989.6446609,925,31348.11,6.67E-10,0.049355032,-1.65E-12
4160,1770.069413,11529.7921,370.5247096,1054.891978,7497.24912,26.44947662,4866.985379,554.3422194,2639.588295,916.8826448,873,32094.07,1.47E-08,5.70533568,3.35E-12
4161,1741,11424,205,1028,7356,25,6180,492,2632,909,535,32520.22552,0.002848207,6.771629244,-2.07E-12
4162,1737,11389,47,666,7348,25,7390,544,2580,909,230,32859.20253,0.008912904,5.788561091,-3.92E-13
4163,1738,11054,47,727,7347,24,7955,545,2541,909,864,33735.9812,0.012390196,15.0064077,8.70E-14
4164,1737,9898,47,476,7355,26,7840,528,2558,909,924,32297.92918,0.012491923,0.058330099,-5.75E-12
4165,1731,9470,47,492,7352,26,7386,484,2417,961,974,31339.93163,0.01087066,0.05749435,-8.99E-13
4166,1740,9821,47,492,7351,25,6235,452,2390,960,974,30486.94616,0.006965196,0.046871383,2.81E-12
4167,1736.301313,11358.57081,47.29603432,575.4015903,7368.651205,25.16777537,4924.661196,414.4862499,2349.943578,1012,1024,30836.43,0.001735599,0.048015635,3.16E-14
4168,1834.427443,13839.0321,56.80712114,834.3932388,7798.855809,29.63918375,3792.940684,547.88439,2460.374019,1053.699893,1025,33273.01,1.53E-09,0.04388156,4.88E-12
4169,1937.531484,15700.09039,69.59491611,1544.913549,8294.179355,34.94201378,2621.571196,436.6568867,1918.603296,1173.977057,1024,34756.02,3.19E-10,0.040143163,-1.30E-12
4170,1967.955377,16711.19042,100.3170849,1182.469552,8442.310885,36.37381236,1386.480029,730.0521551,2321.604798,1210.161088,1024,35112.87,2.56E-10,0.045204912,2.62E-12
4171,2005.040453,17187.43443,102.6839794,1181.291147,8648.851034,39.04182151,412.255922,720.905016,2128.198054,1295.004647,1024,34744.66,1.73E-10,0.046501504,-8.14E-12
4172,2015.321613,17428.6044,94.72814329,1124.332519,8790.119555,38.30057336,305.6321446,666.3623495,1915.478721,1256.516194,1024,34654.81,1.98E-10,4.586215328,7.53E-13
4173,2024.027909,17315.43755,195.6387,857.7202781,8867.644413,39.08820195,2.450577444,600.0539506,1833.238619,1185.841086,974,33895.1,1.93E-10,0.041283272,-6.47E-12
4174,1970.520305,15075.22586,419.7279213,191.8756193,8858.850665,39.34906765,0.021392737,548.9052165,1643.275457,1104.63323,875,30727.34,1.55E-10,0.044734872,4.69E-12
4175,1971.812862,12501.74339,433.019478,85.12093566,8900.626538,38.75365188,0.022005843,528.1489891,1509.609954,1071.258617,873,27913.07,1.75E-10,0.046420367,7.09E-13
4176,1942.588848,11595.4785,472.7693195,75.52358025,8723.89528,38.34526384,0.019689416,483.7208975,1370.197167,997.7408707,825,26525.23,1.91E-10,0.049417112,-5.79E-12
4177,1898.202199,10634.28152,644.8892462,70.08622835,8565.475828,35.89145793,1.207786161,434.2511188,1316.076327,991.173278,824,25406.38,1.96E-10,9.15499214,-3.67E-12
4178,1816.781172,10310.4974,642.0033177,67.61616618,8626.238391,35.72714866,2.03699416,363.2238143,1047.455836,1006.314143,824,24725.42,1.80E-10,16.47438496,-1.65E-12
4179,1772.483109,9636.626757,606.3727102,65.39537628,8369.525095,34.41017215,3.443876045,390.6843873,1216.743984,965.1916174,824,23864.04,2.32E-10,20.83708365,5.55E-12
4180,1772.210599,9041.800229,604.5979645,62.73841862,8304.51373,34.61437167,233.5703867,378.4144237,1204.896285,968.1939716,824,23429.5,2.29E-10,0.05037953,-2.85E-12
4181,1747.254342,9508.719006,597.3996464,68.11635657,8142.250366,32.02353425,1013.982747,352.8929903,1097.518769,954.4403478,824,24338.55,2.64E-10,0.048106212,2.83E-12
4182,1725.133729,10386.47561,338.9138457,103.5393027,7936.996432,31.12539747,2191.285261,294.0826692,966.257648,966.9274178,873,25813.69,4.33E-10,0.047315438,-5.86E-13
4183,1730.965094,10565.53111,339.1933295,393.1932329,7925.971541,30.98199583,3402.716915,327.8594918,1010.505099,1007.452963,923,27657.32,4.81E-10,0.050772477,-1.14E-12
4184,1630.475368,10882.6888,195.4550977,654.8738418,7455.38023,25.82560897,5163.46516,252.7390634,880.926577,909,923,28968.19,0.00018081,5.639562225,-1.80E-12
4185,1612,11057,48,978,7358,25,6620,202,950,909,923,30675.07332,0.005606042,6.92107317,-2.56E-12
4186,1610,11177,47,668,7362,26,7890,174,1027,909,924,31807.49772,0.010990627,6.491286476,-1.54E-12
4187,1609,11167,47,490,7357,25,8610,163,1131,909,924,32431.92388,0.011642516,0.064477578,-6.47E-12
4188,1581,10493,47,515,7364,25,8755,151,1160,909,627,31626.9232,0.013132897,0.063668438,2.03E-12
4189,1582,10108,47,478,7365,25,8219,160,1126,909,625,30643.92552,0.013079523,0.061401535,7.10E-12
4190,1606,10382,47,517,7364,25,7465,194,1121,1012,725,30457.93279,0.011483836,0.055725516,-2.71E-12
4191,1580,11645,47,338,7360,25,6120,214,1102,1012,1022,30464.93908,0.007251553,0.05367126,-7.23E-12
4192,1678.27565,13918.92654,58.90717733,630.4648349,7695.68933,28.22872312,4695.084712,253.2869047,1225.866367,1035.741222,1025,32245.42,2.83E-09,0.051462863,2.55E-12
4193,1789.671462,16206.42368,106.2756392,1010.688718,8189.949218,32.93498964,3134.634054,363.525611,1361.980294,1141.989756,1024,34362.03,3.75E-10,0.043418102,2.03E-12
4194,1875.562292,17247.81972,116.8042004,1929.094737,8619.85746,35.87746506,1685.05741,455.7831323,1420.297777,1246.66813,1025,35657.78,1.97E-10,0.042325379,4.13E-12
4195,1922.918404,17713.5044,121.2221872,2088.003574,8824.767925,38.84779179,581.7999565,495.3771674,1348.902411,1292.645159,1024,35451.95,1.62E-10,0.038973283,-1.32E-11
4196,1956.481118,17906.85581,108.77229,1482.034562,8934.990599,39.74318703,367.5434349,525.4884131,1336.337563,1250.305747,1024,34932.51,1.88E-10,0.042726249,7.24E-12
4197,2027.096552,17795.7214,222.5626326,1142.032001,9006.730483,38.11320493,4.536661412,548.0836009,1386.750187,1223.446324,999,34394.03,1.75E-10,0.043046611,3.20E-12
4198,2003.571755,15027.69514,643.6086176,126.9887959,9095.806627,39.8125735,0.024621343,460.8957054,1213.200499,1175.550872,925,30712.11,1.36E-10,0.045206176,-2.20E-12
4199,1946.484257,12198.88536,761.3386014,114.6325301,8823.138569,37.67916135,0.02081847,564.3861279,1286.904759,1115.610132,924,27773.03,1.69E-10,0.050317402,5.30E-13
4200,1913.43922,11080.61801,913.5241371,111.0088703,8699.847731,36.6691843,0.018950594,573.0417945,1202.611815,1095.092975,924,26549.82,1.85E-10,0.052688702,1.76E-12
4201,1938.156813,10604.57478,893.5894723,107.8232831,8507.860703,35.15089716,2.194355338,542.4606875,1179.692714,1075.574215,924,25800.25,2.07E-10,10.82792118,-1.03E-12
4202,1996.615545,10224.2328,890.4648315,105.2245268,8450.952068,34.84367265,1.046545646,485.7829748,1164.45533,1057.167899,925,25314.84,2.34E-10,20.9461984,5.55E-12
4203,2263.452323,9623.676029,890.1637117,103.0415132,8344.118967,34.0182102,4.4205355,482.6788202,1169.520712,1076.372957,974,24940.8,3.03E-10,24.66377784,9.02E-13
4204,2518.173672,10218.37965,657.6390893,104.5918804,8486.563413,34.97589863,253.2797145,501.4773294,1205.483443,1140.805802,1024,26145.31,2.73E-10,0.059894688,1.87E-12
4205,2695.384817,13709.49828,746.9125105,166.2465995,9179.477652,39.54213547,1148.368262,623.438917,1452.374238,1251.704624,301,31313.91,1.46E-10,0.038034737,2.20E-12
4206,2616.656542,18024.6407,582.5321571,700.666244,8632.047233,35.15919925,2412.794258,430.3774367,1182.792565,1200.274174,788,36605.89,2.12E-10,0.050506664,3.96E-12
4207,2498.877232,18813.12107,584.362558,680.3401905,8057.252266,31.4889314,3780.185841,273.6304512,1002.233467,1103.609582,973,37798.04,4.80E-10,0.06158723,2.05E-13
4208,2413.519755,17921.87338,401.3574794,728.3287972,7648.023252,27.23830206,5445.0798,240.3180053,825.953691,1044.244368,851,37546.87,1.68E-09,0.066832962,-5.73E-13
4209,2345,17318,96,674,7348,25,6670,233,732,1012,1010,37462.92727,0.002368446,0.070364854,2.63E-12
4210,2341,17160,96,471,7342,24,8245,253,775,1012,975,38693.92568,0.008743305,0.065572252,-6.80E-12
4211,2334,16970,96,408,7353,18,8755,259,783,1012,1025,39012.92979,0.009972213,0.060240203,-2.43E-12
4212,2334,16529,96,460,7361,16,8860,274,759,1012,1025,38725.93076,0.010477314,0.058765876,7.31E-12
4213,2332,16435,96,471,7366,16,8476,275,763,1012,1025,38266.93412,0.011049131,0.054832414,-9.40E-13
4214,2330,16919,96,533,7360,16,7465,232,749,1012,999,37710.94248,0.007011581,0.050513065,9.94E-13
4215,2357.078238,18860.0849,102.5952295,599.4404641,7486.93138,17.02378886,6150.111859,223.8501402,772.4249212,1012,1025,38606.49,0.000262832,0.05065347,6.41E-12
4216,2450.348558,20706.61417,108.078504,1307.134513,7880.87954,24.14657676,4679.551649,277.5576085,898.0857512,1074.338031,1025,40431.69,7.87E-10,0.044901125,3.26E-12
4217,2549.948219,21764.18578,118.4360029,1864.389161,8292.36184,31.54628671,3075.423848,367.0139282,1069.920244,1143.547363,1025,41301.73,3.38E-10,0.042677019,9.17E-12
4218,2639.98047,22287.35174,125.4404662,2093.677086,8672.71614,35.53599269,1616.347134,480.9830433,1197.24328,1231.546221,1025,41405.78,1.94E-10,0.041574057,-2.54E-12
4219,2688.21734,22672.87275,130.7639008,1458.528593,8930.157136,37.61285492,481.3853731,594.9696236,1182.341063,1312.296831,1025,40514.1,1.38E-10,0.045466431,1.11E-11
4220,2725.361897,22684.34417,131.7403002,761.3929345,9112.234603,37.70523177,377.5777537,653.3723873,1174.710139,1276.350993,897,39831.75,1.55E-10,0.040406479,6.50E-12
4221,2702.927024,21276.7886,139.8771158,684.8799058,9028.461046,35.91373448,4.618207182,604.6993785,1095.025147,1255.964772,1024,37853.12,1.56E-10,0.034926915,-1.11E-11
4222,2662.950945,17343.05417,394.7488004,74.35743911,8975.005758,35.5108476,0.02289945,526.8989464,994.1190012,1244.231598,1024,33274.86,1.48E-10,0.040409742,-1.32E-12
4223,2594.839998,14319.42774,706.3874139,55.82751662,8725.527502,34.91408726,0.01942067,468.2590223,858.4864528,1192.164575,1024,29979.8,1.84E-10,0.053728666,-3.31E-12
4224,2572.649547,12893.62542,815.9100268,51.0439562,8594.644372,33.14114928,0.01765976,439.4504562,808.0086742,1187.521275,1025,28420.96,1.86E-10,0.052540174,5.82E-12
4225,2591.094312,12342.24386,657.6993937,49.98314018,8521.288016,32.65842455,3.215031359,428.4105232,778.638268,1173.05285,1008,27576.79,2.04E-10,9.49381553,4.28E-12
4226,2556.079428,12035.52423,626.9811923,49.16240816,8494.163747,33.59745531,1.064935516,449.0405292,729.2947073,1154.40156,1022,27134.59,2.32E-10,16.7201923,6.20E-12
4227,2570.073371,11997.53048,630.0856947,48.16802842,8530.291488,31.8049187,2.499248531,544.2430113,764.9418772,1161.368657,611,26871.84,2.24E-10,20.16677572,1.94E-12
4228,2634.864114,12783.79411,643.9610887,51.91013411,8804.994088,33.37058863,235.0476382,568.2937703,857.3834644,1194.31677,1,27808.9,1.78E-10,0.035770087,4.44E-12
4229,2686.290586,16140.74982,683.239438,66.38856069,8959.501044,35.39582412,1091.317725,572.1986603,888.5728346,1211.773857,431,32766.39,1.67E-10,0.038353561,1.20E-12
4230,2677.638,19507.90347,687.3644508,499.4287835,8752.483595,34.12683423,2396.375277,498.9699957,802.5215392,1210.287524,1017,38084.06,1.84E-10,0.039471733,7.45E-12
4231,2573.757316,19847.19141,704.8385099,625.9218746,8252.318915,30.78516802,3785.147043,327.8649445,653.0430025,1119.36993,1026,38946.19,3.66E-10,0.048112658,-3.44E-12
4232,2450.816767,18968.95765,363.5192724,663.2265675,7723.810736,28.42660529,5441.538588,197.2269878,495.0938835,1053.463471,1026,38412.03,1.12E-09,0.050524763,8.77E-13
4233,2352,17780,308,479,7352,22.00000001,6755,104,366,1012,1026,37555.94863,0.000234512,0.051137087,-2.87E-12
4234,2345,17427,290,437,7354,17,8035,126,379,1012,1025,38446.94615,0.00576825,0.048083136,-5.32E-12
4235,2347,17286,318,447,7348,18,8655,178,395,1012,1025,39028.94496,0.006665352,0.048371808,-6.93E-12
4236,2348,17125,290,417,7348,19,8750,211,450,1012,1025,38994.94574,0.008369996,0.045891432,5.64E-12
4237,2342,16712,291,466,7343,25,8384,195,481,1012,1025,38275.94814,0.007496997,0.044366753,3.44E-12
4238,2344,17098,300,402,7358,25,7370,219,478,1012,1025,37630.95515,0.002658344,0.042189814,3.75E-12
4239,2444.401781,18670.81088,606.9083682,550.5895887,7759.56324,27.50682147,6276.032307,263.1821329,581.7614946,1067.393494,1025,39273.11,8.29E-10,0.040111692,2.94E-12
4240,2553.037542,19782.80883,734.1356999,1833.613515,8135.205102,30.01684103,4805.076231,298.0446929,740.6634883,1105.854556,1025,41043.42,4.55E-10,0.036501939,-1.33E-12
4241,2601.011735,21077.2933,730.3294999,1942.001969,8504.462429,32.48797818,3152.157787,438.9466843,868.7559463,1170.956356,1025,41543.37,2.54E-10,0.033688229,-7.86E-12
4242,2690.906726,22120.3766,646.7734804,1452.917312,8890.436407,35.06270843,1640.265737,751.4898868,1054.786908,1253.318324,1025,41561.3,1.63E-10,0.034094059,2.23E-12
4243,2730.170688,22127.57257,672.3028828,1305.652994,9081.539487,36.43339821,510.2860379,798.5242294,1164.750829,1321.310256,1025,40773.51,1.24E-10,0.033375036,4.01E-12
4244,2758.851817,21888.24376,580.9949772,783.0953711,9265.249402,36.18271609,73.71923282,764.104419,1277.237857,1264.953162,1023.56,39716.16,1.49E-10,0.032718978,1.41E-12
4245,2736.536699,20122.10048,589.9352285,600.3897127,9197.454836,34.37281094,4.735122427,847.6341503,1247.419402,1242.442756,1025,37647.99,1.53E-10,0.031195046,1.98E-12
4246,2685.249447,16203.42855,662.9643082,214.3668529,9142.812899,34.00358886,0.02529098,1002.291444,1193.444794,1228.196565,999,33365.77,1.34E-10,0.013742821,-5.88E-12
4247,2605.77991,13423.46136,471.0550923,86.28004092,8911.744509,32.86949623,0.022105327,1211.397674,1076.122491,1181.921288,999,29999.63,1.63E-10,0.023962846,-3.79E-13
4248,2558.012106,12472.79762,499.8173964,84.25777761,8717.741585,32.98227839,0.019395218,1082.626058,1030.895001,1153.307212,974,28606.43,1.59E-10,0.026425751,3.65E-13
4249,2516.155418,12003.10205,468.8099596,82.7048694,8553.832035,31.15359531,4.272735526,908.6664343,960.323888,1132.776943,974,27629.95,1.78E-10,5.84793299,-1.53E-12
4250,2520.397251,11827.93402,456.4233422,82.24251114,8579.201903,31.32574715,2.103984885,767.5710403,892.1169863,1128.026605,963,27239.3,1.84E-10,11.04339391,2.43E-13
4251,2581.404872,11901.83769,472.3317914,73.95139836,8821.345383,33.61486667,2.580970754,802.7252675,942.4193224,1052.418549,210,26885.62,1.96E-10,9.010107631,-5.37E-12
4252,2651.798541,12958.28505,477.309774,67.37294527,8962.815805,33.08755634,172.0049266,807.9482232,998.2821964,747.0211799,1,27876.91,1.71E-10,0.016200732,-3.81E-12
4253,2749.096182,16103.92776,392.9738751,103.4408366,9252.385456,34.49106887,925.3860594,970.0255604,1146.4139,1116.636675,1,32795.76,1.32E-10,0.017373965,2.22E-12
4254,2679.867393,20236.61033,288.8097437,547.0148615,8892.448991,32.75335647,2065.480424,854.638461,1077.226804,1214.513299,572,38461.34,1.72E-10,0.023665259,-5.20E-12
4255,2549.198441,20739.72016,242.7702865,792.2824324,8333.839042,28.8964444,3409.429962,782.2816766,1043.698493,1124.406976,642,39688.49,3.24E-10,0.033914513,6.32E-12
4256,2443.073759,19523.94986,200.3780877,532.6870358,7918.370544,27.79283932,5087.15208,758.374674,987.3783752,1086.948234,150,38716.07,5.11E-10,0.035484954,1.09E-11
4257,2301,17670,107,436,7348,25,6715,717,821,1012,1,37152.95471,0.002151722,0.043138328,4.77E-13
4258,2284,17404,95,410,7335,25,8225,650,841,1012,1,38281.95074,0.00852161,0.040740074,8.48E-13
4259,2281,17380,95,381,7348,25,8910,568,817,1012,8.53E-11,38596.41709,0.008867317,220.5740416,5.23E-12
4260,2250,17222,95,352,7340,25,8990,478,826,1012,9.00E-11,38452.93468,0.010515258,137.0548056,-2.73E-12
4261,2240,17063,95,363,7335,23,8531,507,809,1012,231,38208.95095,0.011330829,0.037719613,-5.11E-12
4262,2215,17026,222,358,7343,17,7580,597,825,1012,1011,38205.95721,0.008621782,0.034170249,6.91E-12
4263,2202.099782,17731.29784,375.2693789,511.0931139,7508.785832,16.7573725,6330.224252,735.6373886,891.6077403,1020.050516,1025,38347.79,8.76E-09,0.033217447,-2.43E-12
4264,2277.39413,19624.58519,394.7369596,1029.545664,7948.856317,19.86408007,4903.859283,942.129105,1046.667233,1070.70896,1025,40283.32,6.95E-10,0.026916662,3.61E-12
4265,2379.760643,20918.72182,407.3027453,1237.427966,8345.24435,24.86850675,3256.702215,1220.098605,1171.782299,1127.812836,1025,41114.7,3.23E-10,0.021983365,7.41E-12
4266,2485.487119,22158.84392,463.0258933,860.8545636,8730.159743,31.9165695,1737.956681,1504.601708,1258.546112,1214.779108,1025,41471.15,1.77E-10,0.021418662,6.93E-12
4267,2554.076145,22260.9563,194.9954282,676.6127978,9017.10673,33.37456886,576.1263125,1619.761085,1443.080996,1282.160231,1025,40683.23,1.31E-10,0.020593668,2.35E-12
4268,2568.528398,20527.44376,150.3866767,608.3372221,9071.089765,32.37896819,381.9350503,1804.352509,1640.696814,1225.658481,1025,39035.79,1.64E-10,0.017640975,-3.93E-13
4269,2642.499272,18731.42448,301.524256,526.9049096,9153.159219,31.44677569,4.758444199,1694.722511,1759.380846,1242.704571,1025,37113.52,1.46E-10,0.005282347,-3.96E-12
4270,2629.521004,15104.29088,552.5771396,48.57969007,9103.217384,31.27145683,0.024690775,1533.647953,1670.975351,1237.354911,1024,32935.41,1.37E-10,0.050459522,3.12E-12
4271,2587.509912,12401.81751,527.2955603,36.76148315,8893.044687,30.54088328,0.021814501,1398.854337,1519.027236,1152.685746,974,29521.5,1.54E-10,0.059174054,2.38E-12
4272,2561.249604,11596.75351,516.7107023,32.47400701,8622.702393,29.64106862,0.018058633,1259.486864,1362.242649,1130.000944,974,28085.22,1.70E-10,0.059795338,7.42E-13
4273,2540.241023,11069.66336,509.6822222,29.71965415,8539.680121,30.39497405,2.304267435,1150.359916,1203.429076,1102.299379,974,27139.77,2.03E-10,12.00399806,-2.94E-12
4274,2544.877653,11109.46377,526.8076449,29.4942404,8543.684212,30.45200615,0.101181958,948.3839422,1106.40434,1101.30082,964,26882.92,2.04E-10,22.04981466,-1.25E-12
4275,2595.326303,11153.50043,601.7407127,30.67945356,8736.533434,30.1643343,2.545665511,875.181835,1111.082786,1186.066766,238,26532.43,1.73E-10,28.39171539,-3.68E-12
4276,2586.985004,12000.87974,742.7105999,31.09314554,8768.31016,30.02968785,168.8042206,871.8386837,1087.085254,1177.16859,1,27465.88,1.85E-10,0.025090812,-4.24E-13
4277,2692.331256,15225.34075,718.0077979,60.70820352,9186.147101,32.51642868,867.8586818,911.5504775,1217.685827,1238.418041,405.84,32556.38,1.38E-10,0.024561216,-1.18E-12
4278,2625.385217,19343.34953,571.30024,607.3035039,8811.376193,31.25900759,1941.547863,814.0700723,1104.143982,1189.438688,1016,38055.14,1.97E-10,0.034292185,-1.25E-12
4279,2624.200774,20699.39349,485.9462035,610.0454944,8514.281503,26.11024623,3292.543968,755.8608091,1073.070866,670.7134384,806.38,39558.5,2.25E-10,0.046789268,1.10E-11
4280,2482.299694,19460.82643,545.2066179,730.154182,7990.813033,20.19427736,4872.927175,691.9181694,923.8539128,472.5976571,370.44,38561.19,5.44E-10,0.041152676,-4.85E-12
4281,2306,17805,574,424,7334,17.00000001,6440,623,761,886,149,37318.95809,0.001754137,0.040152526,8.90E-12
4282,2300,17239,492,453,7316,19,8000,572,789,885,310,38374.95551,0.007245044,0.037240437,-2.34E-12
4283,2292,17097,445,408,7338,20,8685,609,874,250,303,38313.45134,0.008542368,7.540118215,-4.27E-12
4284,2257,17363,313,495,7332,23,8730,600,991,249,364,38712.38152,0.01046631,4.608010977,6.17E-12
4285,2262,17376,379,416,7324,26,8228,568,1047,550,590,38765.95105,0.010438559,0.038514623,5.73E-12
4286,2267,16871,559,331,7330,24,7050,735,1151,1012,1020,38349.95345,0.006524962,0.04002385,-5.43E-12
4287,2353.740531,17739.04637,592.2728982,481.4311052,7604.180752,25.86909492,5988.238205,897.0770105,1267.359469,1046.578214,1025,39020.75,1.29E-09,0.043644471,3.86E-12
4288,2476.090005,19448.8433,589.690401,777.7248439,8028.917269,27.27271611,4642.696331,980.2375121,1443.784329,1087.332485,1025.23,40527.78,5.23E-10,0.03919288,3.15E-12
4289,2554.071042,20457.28114,664.2282684,963.3402158,8434.307933,28.77092307,3130.717919,1114.799178,1548.643385,1146.130003,1025,41067.26,2.75E-10,0.030007265,1.75E-11
4290,2667.093042,20767.12428,674.2573301,1146.700478,8752.811922,29.97508906,1642.435948,1257.183023,1669.542796,1199.681344,1025,40831.77,1.92E-10,0.035248292,8.76E-12
4291,2757.506177,20858.07144,616.2456711,793.126148,9042.373432,31.05263832,570.1445892,1371.104484,1759.108858,773.7403603,1025,39597.43,1.33E-10,0.043800196,2.76E-12
4292,2758.242498,20152.75642,414.1113122,632.6386953,8987.029124,30.83555901,372.4728757,1470.106746,1700.681429,1224.6961,1025,38768.51,1.67E-10,0.060757313,-5.76E-12
4293,2821.236459,19020.64191,162.3564789,661.4162107,9133.009369,32.3543848,4.772493838,1478.211914,1665.99792,1212.029492,999,37190.97,1.52E-10,0.056631597,3.24E-12
4294,2818.615094,15692.89578,218.2071812,55.23863163,9137.764595,32.36503874,0.024960936,1411.774753,1583.056658,1176.311118,924,33050.19,1.18E-10,0.063815012,-2.58E-12
4295,2808.205364,12639.25189,222.1775037,31.2662834,9078.314952,31.13777046,0.024164451,1412.620816,1515.154045,1144.129859,923.3,29805.52,1.31E-10,0.062651347,-2.15E-14
4296,2766.846638,11664.02903,366.6312714,29.73706214,8896.673513,31.56535972,0.021655096,1292.383164,1373.043033,1058.589558,875.26,28354.71,1.49E-10,0.070282087,3.12E-12
4297,2741.644497,10937.67812,455.5061412,28.42729769,8736.947316,30.02918082,4.407771418,1326.050966,1300.741325,1057.616706,874.96,27480.1,1.50E-10,13.90931919,3.24E-12
4298,2744.380639,10273.57146,454.3186955,28.23716553,8745.522182,31.15750735,1.136236043,1311.464414,1358.849917,1057.709852,875.06,26856.44,1.50E-10,24.9680698,2.20E-12
4299,2730.16406,10069.75189,445.289827,27.42693383,8671.63163,30.88872302,2.51654432,1331.741879,1267.89731,1014.886558,875.44,26434.16,1.93E-10,33.47535638,-5.07E-12
4300,2732.927863,10437.96574,442.5821756,27.53362665,8675.192108,30.62070411,191.7694936,1266.378494,1328.651488,1180.983247,924.18,27238.73,1.83E-10,0.054941929,-3.06E-12
4301,2899.044604,13143.71567,539.706032,83.51462947,9279.642236,31.78608993,1013.295996,1364.228637,1497.263505,1260.494613,786,31898.66,1.26E-10,0.032009113,1.74E-12
4302,2777.808551,17543.21886,359.1613474,608.5898985,8798.867629,30.13395306,2270.460427,1231.28063,1302.631412,1212.062174,964,37098.18,1.74E-10,0.034885305,-2.72E-12
4303,2564.944376,18190.23585,197.0436952,812.8985339,8105.191991,28.67720609,3695.29091,1118.397948,1184.472501,1098.353772,1025,38020.46,4.11E-10,0.046782242,3.50E-12
4304,2335.113203,16977.16602,143.1937211,673.4535572,7575.464833,26.83596096,5368.267253,1001.236718,1089.99519,1046.28024,1026,37262.96,1.17E-09,0.046692736,1.26E-12
4305,2262,16111,102,508,7334,21,6740,986,1114,1012,916,37105.95214,0.001925032,0.045936557,-3.30E-12
4306,2252,16014,96,469,7332,16,8025,817,1168,1012,928,38128.9511,0.007863863,0.0410319,1.13E-11
4307,2253,15965,96,416,7328,16,8695,620,1200,1012,1025,38617.79028,0.00973305,8.199982215,2.47E-12
4308,2248,15148,96,334,7333,22,8760,840,1332,1012,1025,38144.24282,0.010658773,5.746520221,-2.26E-12
4309,2250,14273,96,422,7332,26,8387,1120,1508,1012,975,37400.94951,0.01148478,0.039009236,-7.86E-12
4310,2265,14117,96,365,7329,25,7390,1151,1683,1004,984,36408.96004,0.005897265,0.034065205,4.83E-12
4311,2270.155832,14947.01953,98.34565827,405.8716788,7402.422372,25.21548541,6024.30327,1293.385481,1754.181998,1020.347301,1025,36266.21,2.51E-09,0.038608327,6.51E-12
4312,2328.570255,16637.2905,112.2897244,717.2565196,7787.927819,27.47746924,4650.913161,1524.325385,1877.309425,1089.770624,1025,37778.1,4.29E-10,0.030882407,2.87E-12
4313,2377.056176,17960.0311,126.7037848,787.911414,8173.781093,27.81413229,3135.870102,1678.176246,1992.896022,1112.333379,1025,38397.54,3.34E-10,0.033446015,-1.01E-13
4314,2494.014446,18877.33396,140.4102314,899.8757981,8604.584671,29.38166985,1713.400887,1814.76015,2040.832142,1190.195278,1025,38829.75,1.89E-10,0.039230217,5.05E-12
4315,2545.771686,19061.3023,140.0669421,590.5303199,8782.298341,31.08925282,548.153842,1942.436853,2182.183609,1179.686419,1022,38025.48,1.34E-10,0.039559718,3.90E-12
4316,2679.780111,18281.15411,140.8379162,554.7800254,9126.269855,32.26448334,388.8197477,2032.649259,2269.370396,807.0650488,632,36944.96,1.40E-10,0.030948952,-4.19E-12
4317,2492.294815,16748.87464,136.7786889,523.7802207,8644.03415,4.104755938,4.591515048,2026.69393,2143.201048,1995.723471,921,35641.05,2.04E-10,0.027237501,-1.19E-12
4318,1841.530039,13876.56616,190.2765636,95.97886514,9007.481764,5.221120453,0.022799653,2008.923785,2276.416909,1972.172156,875,32149.55,1.31E-10,0.040163445,7.30E-13
4319,1663.655423,10924.01915,258.9553163,31.19018626,8893.43589,4.841295003,0.02123375,1995.041145,2245.120015,1939.654709,874,28829.86,1.47E-10,0.074363778,2.25E-12
4320,1729.836156,9651.266371,441.0469842,29.46263111,8677.528572,4.236177883,0.018338433,1728.478238,2143.317107,1831.993205,824,27061.1,1.53E-10,0.083780691,2.22E-12
4321,1611.52702,9232.138179,421.0717331,27.61069442,8425.459014,3.463460546,2.327022026,1457.122044,1995.221018,1783.524262,824,25767.56,1.97E-10,15.90444646,6.39E-13
4322,1518.875246,9173.161204,417.7110952,27.40206761,8408.750902,3.503156751,1.117260477,1272.995866,1819.798451,1778.986481,824,25218.17,2.03E-10,28.13172922,-5.78E-12
4323,1466.678041,8763.99838,408.3319537,26.63661704,8325.274099,3.223885105,2.377693653,1171.944546,1839.044555,1767.111113,824,24565.34,2.20E-10,33.28088369,-3.77E-13
4324,1523.649389,8514.602276,415.4397992,27.19457143,8421.780478,3.361398128,137.7462775,1041.810538,1863.394854,1775.094897,824,24548,2.09E-10,0.074478078,7.26E-12
4325,1642.326158,9748.262145,450.3709172,36.1885238,8634.615752,4.016304054,774.1181717,973.3352276,1742.173466,1811.70923,825,26642.05,1.80E-10,0.065894069,4.84E-12
4326,1609.997603,10980.31918,441.9186924,303.5710468,8538.402602,3.749711775,1926.117006,968.4952504,1581.249759,2006.143086,924,29283.9,1.99E-10,0.063935483,1.24E-12
4327,1645.865226,11521.69108,504.4642929,841.3010054,8007.281555,2.077137892,3488.339224,944.9129391,1489.636189,1933.311027,925,31303.81,3.26E-10,0.069672634,-4.46E-12
4328,1616.089984,10614.54464,569.4113927,841.3277662,7392.397723,0.160808027,5161.753001,850.7088234,1383.639299,1844.975704,925,31199.94,1.74E-09,0.069136589,7.23E-13
4329,1570,10476,521,816,7331,8.000000001,6800,771,1439,1711,875,32317.93218,0.002579396,0.065245251,-2.10E-12
4330,1562,10333,485,422,7342,22,8190,701,1605,1712,874,33247.92726,0.01167822,0.061066378,-3.07E-12
4331,1280,9861,250,386,7329,26,8870,738,1766,1712,874,33079.4793,0.011221147,12.50947579,-7.39E-12
4332,1254,9418,46,383,7330,25,9010,895,1993,1713,598,32657.18475,0.01154015,7.803710312,5.93E-12
4333,1243,9055,46,356,7324,26,8500,929,2102,1712,330,31622.93897,0.009773511,0.051257062,-6.44E-13
4334,1248,9076,46,359,7332,26,7630,995,2115,1817,627,31270.94216,0.010145457,0.047691891,1.68E-12
4335,1250,9324,46,499,7330,26,6205,1125,2065,1915,971,30755.94327,0.002120818,0.054612443,-9.09E-13
4336,1626.580275,10618.53888,52.65797383,828.6949619,7520.849062,26.60666659,4637.246118,1218.136059,2105.145929,2029.62955,999,31663.03,7.87E-10,0.05547607,-6.51E-13
4337,1788.153046,12273.02876,69.94559713,919.7734636,7992.786686,28.19553369,3125.969136,1496.844087,2231.757943,2086.420381,999,33011.82,3.65E-10,0.054632672,7.07E-12
4338,1810.797609,13465.30968,83.37614057,984.893568,8415.808549,29.68911179,1682.616299,1769.510715,2460.946669,2113.286342,974,33790.17,1.97E-10,0.06468763,4.06E-12
4339,1701.005149,13901.84149,88.01333915,655.3097591,8723.196937,26.77813689,551.5484127,2114.32948,2537.691939,2186.106058,973,33458.76,1.35E-10,0.060700079,3.67E-12
4340,1687.70206,13889.5323,86.35151966,737.0788149,8956.962851,10.17441061,457.6944881,2381.389268,2621.372651,2127.267813,973,33928.47,1.80E-10,0.056177092,1.53E-12
4341,1720.516736,14074.97878,156.9326116,741.0792435,9108.15041,4.944546415,4.852508003,2325.727946,2611.125183,1885.528663,824,33457.79,1.49E-10,0.046629409,5.59E-12
4342,1833.369654,11873.2507,376.8369894,186.4088918,9037.736231,4.751989519,0.023294066,2057.699764,2532.703948,1802.543489,774,30479.29,1.31E-10,0.034951978,2.03E-12
4343,1751.659519,9631.742327,395.1727477,33.59264312,9192.771812,5.128455466,0.025388394,2183.689166,2543.550427,1325.33504,725,27787.64,1.37E-10,0.027524869,2.99E-12
4344,1607.479547,8564.541974,405.9395928,31.04823734,8842.225797,4.247193103,0.020718015,2369.659512,2370.190437,1138.593998,724,26057.92,1.49E-10,0.027005256,-4.05E-12
4345,1475.194651,7992.169148,397.5491581,29.24711963,8584.647557,3.534479841,3.409794764,2406.461388,2264.269847,1107.466947,724,24987.92,1.72E-10,0.030090636,-4.99E-12
4346,1563.446017,7681.040312,391.7834067,28.73366106,8520.233338,3.446171142,3.17797128,2342.169805,2216.100699,902.3096619,527,24179.41,1.77E-10,0.031043192,-4.80E-12
4347,1534.693369,7493.300637,377.7234036,27.35367927,8341.604363,2.904149539,2.354497127,2120.183888,2160.249381,877.15463,526,23463.49,2.14E-10,0.03199763,-5.48E-12
4348,1762.740881,7213.712364,350.5382472,26.41815559,8209.169071,2.417330958,206.3749215,1931.170109,2173.56491,548.7385304,723,23147.81,2.48E-10,0.034521446,-2.05E-12
4349,1749.091689,7774.413856,329.2634626,28.85005166,8007.814298,1.843849343,921.3737002,1804.471007,2100.261765,642.93105,624,23984.28,2.98E-10,0.034728759,-2.29E-12
4350,1678.217025,8599.192872,308.1724569,58.85869923,7733.487742,1.103561603,1988.431852,1722.022674,1966.264677,915.714747,430.42,25401.85,3.88E-10,0.036306361,-1.51E-13
4351,1609.411936,8914.416368,172.6390669,319.4175869,7429.107992,0.260243496,3257.119309,1505.912558,1946.946064,1580.008253,772.01,27507.21,6.73E-10,0.039376161,-3.22E-13
4352,1497.659475,9281.649188,47.37901425,569.995828,7345.964656,0.026588007,4621.778576,1389.955675,1884.710448,1664.119677,825.12,29128.33,8.70E-10,0.029123933,3.45E-12
4353,1492,9523,47,437,7334,1.43E-09,5840,1464,1843,1635.922859,826,30441.89242,2.57E-09,0.030441601,-2.52E-12
4354,1424,9669,47,590,7332,5.85E-10,6740,1473,2069,1614,825,31782.96859,0.004616411,0.026791986,3.92E-12
4355,1511,9771,47,327,7331,5.34E-10,7010,1633,2247,1614,825,32310.55491,0.000196228,5.444892327,6.16E-12
4356,1506,9774,47,206,7323,5.35E-10,6760,1684,2410,1614,824.92,32145.49065,0.000399831,3.428946899,-9.78E-13
4357,1374,9189,47,205,7330,6.43E-10,6365,1854,2676,1614,825,31478.97348,0.001455811,0.025062843,3.21E-12
4358,1258,9355,47,201,7332,1.93E-09,5575,1971,2770,1817,715,31040.97494,0.000289388,0.024769887,1.16E-12
4359,1345.466095,10296.00255,52.95911044,218.7866284,7546.241164,0.602808857,4649.079801,2062.484236,3093.343354,1922.661092,973,32160.6,2.03E-08,0.026843951,1.60E-12
4360,1492.967028,11900.39695,65.13494741,388.9400722,7962.822986,1.821226363,3731.865433,2107.067302,3316.883842,2106.767148,1024,34098.64,5.75E-10,0.026930407,3.03E-12
4361,1717.308545,13335.71721,77.0224537,704.4740122,8332.117719,3.009084198,2578.741935,2214.842086,3462.958033,2187.815622,1024,35637.98,2.68E-10,0.026699733,-3.18E-12
4362,1856.732304,14314.1908,88.12660401,1138.839071,8718.96448,4.252521095,1346.731908,2239.633311,3536.222874,2152.675079,974,36370.34,1.79E-10,0.028950486,-3.27E-12
4363,1766.363577,14865.86466,88.15003904,1096.525164,8949.807708,4.951207906,438.9776589,2503.207918,3416.425343,2218.145522,963,36311.39,1.33E-10,0.02879757,-5.68E-12
4364,1843.428853,15028.05234,85.2817076,1049.623788,9135.297085,5.089475576,95.0402483,2608.709964,3077.567204,1974.120229,872,35774.18,1.58E-10,0.030896229,7.05E-12
4365,1875.254006,15125.09942,142.610318,938.7396578,9129.693526,4.347348566,4.859645197,2400.854972,2869.949311,1692.954034,725,34909.33,1.52E-10,0.032242343,8.84E-13
4366,1773.148612,12652.19412,373.489231,109.2444482,8965.010633,4.002901301,0.022362577,2373.300063,2653.815071,1509.094601,625,31038.29,1.32E-10,0.032045036,1.49E-12
4367,1804.201062,10192.35537,376.2544756,47.81174826,8928.374617,20.20503497,0.021901224,2249.9032,2329.584502,1455.359656,625,28029.04,1.55E-10,0.031566578,6.17E-12
4368,1770.956695,9357.250926,388.5037618,47.47662154,8903.26654,25.29778755,0.021488938,1998.424265,2169.61325,1442.731256,625,26728.51,1.57E-10,0.032592368,-6.61E-13
4369,1743.606062,8715.634384,384.2385247,44.64066858,8776.988829,29.00469343,4.532643954,1862.376542,2246.216318,1443.818084,625,25876.02,1.55E-10,0.036750359,5.32E-12
4370,1709.818546,8934.872595,362.7389875,42.93655911,8496.555767,28.2520127,2.208256971,1553.561101,2181.996269,1381.763126,625,25319.65,2.07E-10,0.053221399,-2.11E-12
4371,1668.481421,8881.695583,350.3510057,41.69445799,8332.109843,26.72520489,2.3253976,1143.157979,2324.502366,1525.569963,710,25006.56,3.26E-10,0.053219905,1.46E-12
4372,1653.966338,8841.349669,348.086668,41.50422043,8325.291214,27.71862956,203.3962849,1106.527018,2400.399144,2148.931375,1011,26108.13,2.92E-10,0.040561081,1.66E-12
4373,1926.763051,11883.75632,409.2218969,186.1846834,9398.268041,30.62326362,1075.99428,1191.086839,2531.023711,2107.472976,290,31030.37,1.25E-10,0.025066033,-1.01E-12
4374,1748.66292,16610.96308,366.4862136,432.3398995,8674.929674,28.69367853,2283.348344,1185.422812,2375.555621,2212.509135,338,36256.87,2.14E-10,0.041374348,-1.47E-13
4375,1610.63817,17438.25413,396.2309497,718.4130486,8074.871506,27.03888293,3497.271294,1144.056018,2299.352417,2149.541424,473,37828.62,3.31E-10,0.047843785,-4.06E-12
4376,1535.449903,17439.12216,440.2748288,611.4663647,7777.04573,26.19738503,5344.350713,556.1005146,1747.35979,2098.817518,106,37682.14,5.71E-10,0.044908701,2.19E-13
4377,1420,16672,47,485,7330,28,6550,952,2131,2019,216,37849.94585,0.004673907,0.049477599,3.33E-12
4378,1084,16080,47,673,7326,18,7795,934,2122,2019,105,38202.94433,0.009947029,0.04571897,8.02E-13
4379,1083,16229,47,364,7334,17,8560,1013,2111,1960,7.90E-11,38604.36928,0.011393399,113.6193237,-7.84E-12
4380,1083,16132,47,367,7332,19,8695,1123,2073,1994,7.40E-11,38638.00317,0.011837255,226.9849922,2.53E-12
4381,1066,15735,113,234,7323,25,7966,1478,2123,2020,8.08E-11,37651.31534,0.008446821,431.6762097,-1.30E-11
4382,1070,15358,389,255,7322,28,7280,1848,2182,2021,788,38540.94818,0.010430614,0.041393886,-2.09E-12
4383,1071,15599,526,269,7327,29,6015,1931,2178,2022.356232,1084,38051.31377,2.39E-07,0.042459273,-1.04E-11
4384,1185.266464,17129.15514,326.7631744,700.1743087,7748.630134,27.26133099,4719.50887,2101.827096,2195.050498,2085.240147,1086,39304.84,8.27E-10,0.037157924,8.29E-12
4385,1290.769249,18290.90819,502.2801296,660.9369685,8190.042397,27.57802961,3295.261588,2348.34711,2220.34128,2151.285398,1086,40063.72,3.77E-10,0.030336974,4.09E-12
4386,1407.216546,19388.9531,586.6044137,666.0680008,8624.054964,28.97497842,1715.371001,2685.543556,2222.274232,2258.043531,1086,40669.07,1.93E-10,0.034320279,-4.63E-12
4387,1477.67039,19270.05947,444.0282102,618.2902008,8941.615498,29.93274603,566.6950349,2788.864536,2257.015827,2353.546911,803,39550.69,1.30E-10,0.028820838,-1.06E-11
4388,1541.451871,18732.09535,181.3124998,714.4969711,9189.036046,31.28229972,394.1365872,2811.315244,2270.85041,1421.654158,1023,38310.61,1.51E-10,0.021433315,-2.33E-12
4389,1515.036772,17074.36427,247.879894,440.6329153,8971.597404,30.00393179,8.944747951,2849.763761,2388.286152,2073.671249,924,36524.15,1.75E-10,0.031097268,2.08E-12
4390,1716.170456,13210.39707,360.4463837,204.5124579,9025.803387,29.13183477,0.023212555,2750.991697,2238.194951,1862.598055,802,32200.24,1.40E-10,0.029505081,-4.98E-12
4391,1840.824524,10194.80703,376.0773033,46.62867571,9158.552366,29.81533899,0.024949943,2712.197714,2129.313375,1833.345117,801,29122.55,1.49E-10,0.036390306,1.40E-12
4392,1795.797659,8992.613026,376.3240969,44.51644512,8998.649784,30.56516818,0.02271228,2553.307415,2030.181319,1825.525367,800,27447.46,1.48E-10,0.042992781,-2.04E-12
4393,1785.462425,8508.032171,386.6513884,44.00686957,8921.499704,29.38406663,1.564285804,2512.482455,1949.898668,1829.740667,550,26518.68,1.45E-10,0.042700122,2.49E-12
4394,1701.032478,8537.148912,365.253319,42.43055048,8641.828317,28.66116929,0.234459117,2502.417251,1807.997467,1796.409344,546,25969.36,1.64E-10,0.05326682,-1.83E-12
4395,1699.665682,8713.924313,366.1277893,42.01637071,8603.977629,28.52572628,2.403441316,2375.849964,1754.720658,1843.824393,302,25732.98,2.13E-10,0.055967341,-2.45E-12
4396,1794.219222,8833.233378,380.961842,43.52903602,8934.782557,29.40630506,209.3008992,2190.315008,1814.282119,2110.559354,282,26622.55,1.63E-10,0.039720929,5.97E-12
4397,1815.115354,13660.30691,295.7808297,55.15080694,9672.435326,31.41887828,1093.533452,2044.163986,1876.492845,1511.871293,1.70E-10,31845.07,1.16E-10,211.1996782,2.84E-13
4398,1380.897579,17878.00033,118.7092517,325.1157582,8524.579736,28.27673478,2274.720113,1845.659094,1674.847319,1831.054257,667,36548.82,2.68E-10,0.040175327,-8.20E-13
4399,1242.22734,18202.06459,91.75159263,469.9051141,7978.353285,26.74597709,3875.02418,1644.996803,1622.617206,1429.441293,980,37563.08,5.52E-10,0.047380994,1.42E-13
4400,1135.895692,17460.90117,55.24282443,419.867242,7538.474086,26.5724995,5235.651467,1546.592456,1578.931452,1440.778774,712,37150.86,3.31E-09,0.047659205,5.25E-12
4401,1100,16656,47,385,7320,25,6545,1353,1621,1864,106,37021.9481,0.00373452,0.048162469,-6.02E-12
4402,1099,16956,47,229,7312,25,7715,1167,1593,1707,106,37955.9467,0.008216725,0.045085516,1.24E-11
4403,1098,16969,47,202,7319,26,8140,1229,1621,1455,106,38198.27834,0.007859784,13.71379557,1.42E-11
4404,1096,16916,47,268,7320,26,8055,1180,1660,1389,105,38047.20543,0.009433894,14.78514084,-8.70E-12
4405,1088,16926,47,466,7316,26,7579,1047,1691,1656,1,37826.42375,0.007950269,16.56829911,-1.37E-11
4406,1090,16968,47,486,7310,25,6820,1169,1767,2020,299,38000.95419,0.005990556,0.039814513,9.50E-12
4407,1100.239233,17825.0184,48.42595098,452.448714,7358.568523,26.12356695,5653.917097,1168.643471,1735.704218,2021.040204,777,38167.09,5.04E-07,0.039374496,-1.70E-12
4408,1182.181485,19666.0174,63.10385976,678.4596106,7820.544219,26.47584393,4415.580648,1169.74907,1778.842296,2097.749213,861,39759.67,7.36E-10,0.033644561,-2.09E-12
4409,1283.0882,20864.07291,77.57136303,938.1662283,8188.200672,28.6156683,2835.41991,1264.215523,1780.267638,2178.686358,983,40421.27,3.29E-10,0.034470332,-1.45E-12
4410,1366.359692,20952.58668,87.06370634,598.8380109,8448.315523,29.47177823,1585.572849,1437.565236,1762.126441,2265.096603,983,39515.96,2.03E-10,0.036517159,-6.26E-12
4411,1410.83225,20629.80525,86.30655621,714.8016807,8652.846929,30.08948843,527.8445385,1468.604322,1725.981058,2144.923044,842,38234,1.59E-10,0.035116369,-2.92E-12
4412,1513.898847,20376.77459,83.41084225,1020.384976,9048.113659,30.95756745,343.7842051,1558.057129,1726.517833,985.2128589,893,37580.08,1.65E-10,0.032510934,3.93E-12
4413,1510.111781,19888.50533,196.2939722,975.0010757,8607.413503,28.12109027,6.811130804,1492.870582,1551.03479,2076.549914,949,37281.67,2.27E-10,0.043172943,-3.14E-12
4414,1654.350517,15998.98475,407.2238309,182.2975907,8719.355603,28.38293179,0.019112609,1504.018182,1583.338991,2129.653331,951,33158.58,1.69E-10,0.044839105,-4.48E-12
4415,1908.675279,12451.06654,355.7573244,80.18405422,8543.369457,29.61664355,0.018642493,1505.216652,1520.813212,2083.277095,950,29427.95,1.98E-10,0.044904185,1.62E-12
4416,1914.558007,12020.97874,355.3672548,78.96114642,7860.070685,29.23138668,0.016076551,1242.326836,1498.416595,2038.920023,950,27988.8,2.45E-10,0.04674667,-1.38E-12
4417,1897.98933,11539.65122,343.0444003,78.44943609,7789.773246,29.05183106,2.405908565,1006.886981,1332.342623,2069.764066,950,27039.31,2.06E-10,0.049046194,-3.60E-12
4418,1897.29685,11346.61981,351.8527212,78.34163259,7771.929372,29.03746421,0.162985885,903.9408711,1291.024755,2078.963716,949,26698.12,1.93E-10,0.050177224,-2.62E-12
4419,1890.494767,11462.29801,348.8227375,90.44678842,7786.134783,29.04264314,2.331376975,857.2610712,1209.774554,2073.780675,769,26519.34,2.05E-10,0.047405463,-2.45E-12
4420,1991.220198,11793.65848,350.6168075,90.50348521,7822.97936,29.12043709,155.1488692,832.5164561,1120.622808,2227.247334,1007,27420.6,2.16E-10,0.03423709,2.07E-12
4421,2088.224632,15451.47885,434.4026769,104.7199606,8974.820075,31.29110585,957.3562665,918.3657638,1238.190854,1728.624507,174,32097.03,1.15E-10,4.444694474,7.42E-12
4422,2173.551951,20404.43299,374.5418403,349.0957124,8045.625593,28.72139287,1985.109388,671.4463928,1057.176051,2237.517522,301,37628.18,2.19E-10,0.03883077,-1.04E-12
4423,2452.47837,22071.41245,217.0717843,473.636913,7799.224411,29.04464834,2881.772275,558.4536053,969.0039476,2198.571461,1,39651.63,2.69E-10,0.039867892,1.76E-12
4424,2418.410734,21488.66921,73.78816073,556.1088052,7225.189142,25.43712899,4545.682527,387.7020996,848.0443999,2091.746311,7.34E-11,39525.72,7.46E-10,135.0585196,9.12E-12
4425,2309.855119,20374.5143,73.93871527,492.5210289,6831.242211,21.39407678,5532.292805,277.3217871,786.7903328,2019,105,38823.82,0.000473146,0.04990683,-2.61E-12
4426,2280.944537,19982.93168,66.64483679,280.6232603,6722.61627,22.06884119,6353.303611,210.5269839,717.4138913,2019,7.61E-11,38551.54,0.002042936,104.5318708,-2.03E-12
4427,2267,20013,56,318,6683,25,6710,184,752,2019,7.35E-11,38842.76566,0.001825863,184.2325177,1.19E-12
4428,2261,19858,48,420,6685,26,6550,178,760,2019,7.46E-11,38671.97202,0.00259684,133.0253832,-2.16E-12
4429,2251.947473,19812.26747,50.6797449,366.0300635,6731.212109,25.11760666,5762.152815,188.400539,781.5386946,2020,198,38169.71,0.000298825,17.6362219,7.78E-12
4430,2295.90774,20264.52216,55.04168086,257.6314616,6883.915919,25.57440317,5353.722746,219.8055054,843.5385382,2048.751382,410,38658.37,2.61E-09,0.041537531,8.03E-12
4431,2316.705082,20768.87123,64.42341069,676.7259007,7082.399533,26.16132676,4513.324076,282.1211577,917.3605403,2097.89625,1076,39821.95,7.85E-10,0.038509344,1.21E-12
4432,2416.926783,21527.8567,85.22182444,1397.94218,7431.278239,28.2206766,3805.770137,334.875565,949.3247173,2164.098694,1086,41227.48,3.96E-10,0.035517361,-4.95E-12
4433,2492.157648,22461.61078,89.70828875,1654.711275,7734.474137,28.18138503,2631.588664,385.1565853,929.6479958,2218.757287,1086,41711.96,2.77E-10,0.034048507,4.12E-12
4434,2571.542754,23416.44305,95.50017676,983.2899416,8031.859168,29.19880846,1407.260288,447.6963339,891.6694151,2273.477301,1086,41233.9,2.10E-10,0.037240856,3.71E-12
4435,2633.094945,23458.92347,93.33647827,597.4377969,8252.197379,30.8275947,436.5396265,496.1759774,934.0174039,2382.504286,1025,40340.02,1.38E-10,0.034952602,3.57E-12
4436,2691.263099,23656.88845,88.840005,636.4814194,8646.78267,32.66472989,86.33514658,566.3904814,1040.016665,1537.857542,855,39838.49,1.47E-10,0.0302043,-4.36E-12
4437,2618.824189,21775.91349,130.6400624,340.605886,8117.890866,30.50905175,4.90176749,418.1586349,973.313321,2242.321557,1024,37677.04,2.35E-10,0.038823122,-2.87E-12
4438,2169.260266,17821.61343,346.077582,102.9790917,8280.585616,30.91414193,0.021989562,439.0077555,1175.413018,2102.81033,902,33370.65,1.43E-10,0.033216228,6.83E-13
4439,2055.294939,14498.39484,408.6707256,28.61826406,8403.61102,31.62964598,0.023741774,459.4531314,1272.786494,2060.461297,901,30119.91,1.60E-10,0.034098439,-3.88E-12
4440,2045.559153,12957.43126,413.5631678,28.33064812,8369.040784,31.71370006,0.023335149,417.6552459,1431.640368,2059.395306,901,28655.32,1.56E-10,0.032964701,-1.13E-12
4441,2006.203248,11731.67984,409.0207703,27.82646545,8285.818373,31.52294321,1.576453546,393.9101997,1610.147256,2050.046562,901,27448.72,1.61E-10,0.032109258,-2.20E-12
4442,2002.719966,11138.46932,405.9456375,27.77161947,8273.599231,31.53527935,1.242175111,385.7209979,1759.674056,2053.672999,837,26917.32,1.57E-10,0.031283707,2.19E-12
4443,2075.232608,11014.77949,417.3025206,28.69830912,8459.408195,31.98801342,2.491429894,385.8349284,1969.158546,2088.277021,1.11E-10,26473.14,1.40E-10,0.03105925,-3.12E-12
4444,2030.350222,11773.90106,409.1454091,27.37260928,8222.801589,31.31308266,154.3374966,344.2402559,1948.812004,2305.35098,133,27380.6,1.67E-10,0.024713742,-4.01E-12
4445,2082.500074,15547.78048,277.6069809,54.08203929,8609.472096,32.39023587,917.262343,445.983556,1942.379542,2322.616597,194,32420.12,1.44E-10,5.953943038,-1.05E-12
4446,2027.076036,19736.95518,137.8228585,264.7469062,7951.874469,30.54050799,2053.76226,397.1547997,1953.849062,2250.317978,1067,37871.06,2.23E-10,0.040052632,-1.75E-12
4447,2378.27102,20434.14256,91.30304653,463.9290985,7624.363666,29.58111712,2984.846757,297.5739601,1796.377346,2186.096046,1086,39372.44,3.13E-10,0.044618135,-1.08E-11
4448,2238.162048,19194.8104,59.83671896,583.4933684,7059.864274,28.99943299,4748.119646,237.1713979,1629.163404,2074.908271,1086.41,38934.74,1.08E-09,6.198963385,-7.67E-12
4449,2178.133043,17880.2003,48.88805339,690.439655,6724.20026,28.09255501,5995.258366,243.5465179,1561.892669,1846,1086,38282.6,0.001379259,0.050036234,3.69E-14
4450,2053,17954,49,796,6684,27,6845,260,1385,1845,974,38867.29452,0.003391654,4.702088341,1.65E-12
4451,1951,18096,48,622,6678,26,7190,425,1345,1914,999,39270.83126,0.004959292,23.16378187,-1.08E-12
4452,1928,17836,47,458,6684,26,7395,496,1453,1937,985,39223.20453,0.005756558,21.78971487,-2.52E-12
4453,1919,17531,47,341,6685,27,6927,585,1501,2020,889,38452.43643,0.004413203,19.5591532,-2.06E-13
4454,1991,17424,50.00000001,283,6678,27.00000001,6310,646,1614,2020,1025,38067.95276,0.00197299,0.045266466,-1.08E-11
4455,2050.277934,19065.74131,59.33109177,534.974274,7020.667996,28.05318031,5441.72001,838.5826437,1726.71792,2068.704626,1086,39920.73,1.56E-09,0.040987127,5.34E-12
4456,2059.553012,20338.75176,66.88829619,1076.25667,7263.293563,28.82499569,4157.951556,852.2299485,1831.993641,2125.376473,1086,40887.08,6.20E-10,0.03991285,-5.40E-12
4457,2193.539893,21306.41959,79.27510801,1031.886603,7611.654741,29.8906934,2817.560073,821.6902984,1863.767818,2199.503013,1086,41041.15,3.37E-10,0.037829109,-1.71E-12
4458,2349.6343,22337.36268,91.78938525,814.2706822,7964.186958,31.0717623,1551.674206,851.0940962,1787.790293,2300.655701,1086,41165.49,2.04E-10,0.040068016,3.78E-12
4459,2443.030923,23098.76035,93.50137744,636.7088433,8301.397592,32.11425033,484.765221,952.6834734,1617.821172,2414.021814,677,40751.77,1.36E-10,0.035020354,4.93E-13
4460,2501.749287,23373.46205,84.11073174,488.4510099,8502.190391,32.34475213,72.36344417,883.5267404,1436.695616,2288.322148,318,39981.18,1.64E-10,0.036167526,5.90E-12
4461,2284.096196,22179.30043,139.5204905,392.0763354,8106.122692,30.56056853,2.865552571,683.4032377,1171.88808,2310.435607,1012,38312.23,1.91E-10,0.03919263,2.28E-13
4462,1470.668739,18840.65512,388.3599459,226.9480888,8248.225784,30.90849874,0.021713882,628.8849687,1022.250267,2249.291001,975,34081.18,1.53E-10,0.034126586,-5.66E-12
4463,1284.908362,16352.36885,372.9224698,43.06451582,8101.728862,29.85876915,0.01978856,550.0520354,825.5611161,2141.523926,951,30652.96,1.79E-10,0.04869271,3.22E-12
4464,1293.578025,15116.04841,375.5918052,40.58597031,8015.380321,29.79815901,0.018710143,488.4779176,712.7577273,2113.915841,950,29136.11,1.94E-10,0.042880843,-3.91E-12
4465,1261.835892,14617.39214,362.824942,37.80459912,7873.609588,30.4559174,2.419407451,389.0988109,609.1224697,2109.844762,951,28245.36,1.97E-10,0.04852842,-4.50E-12
4466,1251.406014,14270.46237,356.6304071,36.55444798,7829.384336,30.33266879,0.160998492,402.0447982,535.7633105,2091.867938,949,27753.56,2.10E-10,0.047292085,-2.80E-12
4467,1236.764178,14083.69347,343.4297887,36.28036713,7765.644773,30.13474245,1.289126731,344.4198631,528.9453796,2121.814459,974,27466.37,2.37E-10,0.046152673,-1.73E-12
4468,1269.118765,14259.40565,375.2926212,36.70308762,7879.056095,30.46559306,146.292798,327.5850656,580.3863225,2255.690143,1023,28182.96,2.21E-10,0.036138875,4.08E-12
4469,1513.665151,17025.58835,413.460958,47.55132974,8658.812509,31.655029,906.1867925,381.0656324,754.2360297,2376.503687,732,32834.59,1.33E-10,6.135473012,2.76E-12
4470,2166.901549,20063.92511,466.6032579,481.8462757,8102.853713,31.07932503,2035.622961,318.048292,649.8839392,2292.819734,1083,37692.54,2.01E-10,0.044160124,1.99E-12
4471,2343.285982,20900.77601,216.318915,805.439005,7631.991378,29.68712379,3237.166298,182.3010208,580.1007874,2188.932823,1084,39199.95,3.34E-10,0.04934273,-1.13E-11
4472,2297.185854,19831.69691,60.80808808,683.6927657,7132.476573,28.24392852,5043.16779,189.8939427,624.4856894,2102.95194,720,38707.8,7.34E-10,6.803481527,-4.03E-12
4473,2201,18591,48.00000008,488.0000001,6690,27.00000012,6345,162.0000001,667.0000001,2019,419,37656.9445,0.00038088,0.055116323,-3.62E-12
4474,2208,18317,48,345,6686,26,7595,169,775,2020,685,38868.60423,0.007852694,5.387921074,5.09E-12
4475,2183,17653,49,372,6680,27,8265,150,840,2019,316,38527.62645,0.006164285,26.36738445,-1.08E-11
4476,2200,17318,49,456,6677,27,8215,161,875,2019,301,38272.21924,0.008975913,25.77178196,-8.03E-12
4477,2136,17537,48,353,6670,27,7684,174,972,2021,560,38158.69876,0.00897587,23.29226592,7.05E-12
4478,2178,17730,48,434,6670,27,6510,212,1033,2022,1020,37883.94205,0.005899283,0.052054139,-1.02E-12
4479,2238.927779,18495.58033,53.12768191,434.0260939,6932.650181,27.6223717,5516.530986,256.5327133,1119.984256,2042.856917,1086,38203.79,4.72E-09,0.04931003,1.31E-11
4480,2365.892093,19917.59939,64.27272945,1145.642398,7492.790424,29.22575327,4288.306492,260.381114,1056.63014,2160.742292,1086,39867.44,4.76E-10,0.042825691,1.57E-14
4481,2450.011206,20867.52662,73.95581589,1376.240664,7819.799243,30.16568505,2872.905831,464.0973466,1350.853815,2218.552756,1086,40610.07,3.22E-10,0.038980943,5.79E-12
4482,2551.146991,22012.07975,97.26664179,1135.396933,8208.734223,31.48028092,1556.776414,460.4006534,1093.883296,2338.082982,1086,40571.21,1.91E-10,0.038165679,1.63E-12
4483,2618.670284,22298.81906,81.38040744,653.8764091,8477.891942,32.29819199,496.7684787,802.7501381,1221.819474,2450.640644,348,39482.88,1.33E-10,0.035029719,3.99E-13
4484,2653.5048,22078.93644,72.12155246,580.4594625,8638.16993,32.41936716,76.59825047,857.5256805,1159.659591,2219.047041,1.07E-10,38368.41,1.59E-10,0.032119123,-1.07E-11
4485,2480.629994,20939.98772,135.5418358,563.9428288,8119.508024,30.4309824,5.843684196,699.8863699,970.5910831,2381.111851,934,37261.44,1.62E-10,0.034370798,7.51E-12
4486,1975.358182,18077.79827,375.4356812,197.4323402,8315.110888,30.92927497,0.021589423,654.2513688,911.7641099,2223.277006,951,33712.35,1.52E-10,0.028713101,-2.05E-12
4487,2001.129998,15286.26467,362.4729924,56.87751422,8459.306822,30.62273289,0.023585372,611.510539,850.9308133,2018.326104,850,30527.43,1.44E-10,0.035768934,2.22E-12
4488,1948.819488,14029.27874,352.15083,26.03015815,8214.539435,30.08040702,0.020100527,514.6284274,747.7088639,1973.972531,850,28687.18,1.61E-10,0.048978314,1.58E-12
4489,1877.265584,13323.28554,426.4913175,24.14821394,8032.532401,30.65470478,2.404126009,403.153132,662.7788552,1932.020555,850,27564.68,1.87E-10,0.054429219,1.58E-12
4490,1840.454024,12877.73338,464.2119077,24.11368142,8022.225358,30.66013499,0.140100861,338.2065137,629.3664856,1908.3831,848,26983.44,2.03E-10,0.054681037,2.39E-13
4491,1700.491212,12729.46947,375.7074153,23.31058113,7794.549738,28.9209859,2.269411321,260.9055428,653.8398308,1874.143297,848,26291.55,2.45E-10,0.057482626,2.38E-12
4492,1716.662445,12493.21682,338.8882897,22.43809506,7851.69001,29.03196593,147.0626426,250.5116718,635.0378049,1917.394351,848,26249.89,2.19E-10,0.044101695,-2.93E-12
4493,1771.705833,13300.8092,449.8300705,25.68598897,7882.886315,30.12290676,867.3797071,259.8242261,599.1009873,2145.919084,974,28296.89,2.22E-10,10.374317,-3.70E-12
4494,1799.454538,14678.48546,360.0532127,285.8909894,7711.479372,29.79723703,2075.197528,262.98416,552.6046049,2236.770327,1036,31028.67,2.75E-10,0.047425482,-2.35E-12
4495,1803.099086,15386.87354,362.732964,487.4697624,7403.092414,28.87906268,3793.05278,306.5436516,523.158904,2150.525285,1036,33281.38,4.78E-10,0.047452585,-7.62E-13
4496,1709.817086,14967.83526,325.0337881,678.9345733,7083.90711,27.82799426,5087.15326,336.1229691,507.7311914,2064.753736,1037,33821.59,1.70E-09,4.526966088,-6.30E-12
4497,1630,14392,297,371,6824,27,6395,279,545,2020,1037,33816.9602,0.001854276,0.037942197,1.13E-12
4498,1626,14015,47,240,6832,27,7515,320,569,2020,1017,34224.43747,0.007150287,3.55538364,3.44E-12
4499,1624,13478,47,354,6826,27,7975,379,633,1721,339,33393.45617,0.002123126,9.541708139,2.06E-12
4500,1604,13469,47,306,6820,27,7860,283,664,814,961,32843.85487,0.003635827,11.1414932,4.24E-12
4501,1639,13403,47,310,6818,27,7428,469,946,1315,557,32944.41089,0.005283338,14.58382212,-5.04E-13
4502,1654,13209,47,351,6857,26,6680,241,842,1318,933,32157.96325,0.004798438,0.031951076,-3.28E-12
4503,1658,13443,47,338,6912,26,5500,516,1224,1318,1085,32066.96672,0.002986062,0.030298405,-4.45E-12
4504,1768.998826,15562.14094,55.57593908,1004.451172,7454.612702,27.52258706,4321.930522,557.5599207,1344.298885,1600.227013,1086,34783.29,8.81E-10,0.028505791,-4.82E-12
4505,1836.397764,16840.94372,63.5997614,1219.811947,7775.083644,28.36855016,2859.879457,597.5168501,1331.13745,2180.996557,1086,35819.71,4.35E-10,0.025702259,-1.08E-12
4506,1957.698606,17784.97348,87.45960597,1065.39804,8258.807096,29.94466166,1577.02208,744.8005138,1425.436697,2359.034652,1086,36376.55,1.90E-10,0.025435097,-4.23E-12
4507,2055.157141,18194.30761,84.63486382,846.6010356,8508.424921,30.72116034,503.2124932,842.3733544,1375.346805,2427.2058,1025,35892.96,1.50E-10,0.025180243,-5.93E-12
4508,2094.499015,18107.3392,97.28191983,798.6667195,8577.265434,31.98745563,343.1268377,855.4870749,1245.917792,2292.82601,1025,35469.37,1.88E-10,0.027461569,-1.97E-13
4509,2089.357015,18029.19429,172.4135576,929.0099138,8386.85192,30.25048341,7.085721305,823.4681587,1203.937094,2401.203294,1025,35097.75,1.64E-10,0.021447506,-6.07E-12
4510,1884.11812,16069.29051,356.1860661,124.0163903,8453.3498,31.42904235,0.024070882,913.6166225,1217.57217,2222.406346,911,32182.98,1.40E-10,0.029140485,1.96E-12
4511,1395.570446,14176.27448,353.4683402,26.97071925,8468.220097,30.77274071,0.02422711,733.7829917,1166.984983,2100.077407,859.93,29312.03,1.38E-10,0.046434523,-3.24E-12
4512,1376.23274,12860.1101,358.3511621,26.84200413,8526.411996,30.68378806,0.022959746,520.3198753,1091.137298,2040.314368,859,27689.38,1.60E-10,0.046288529,-1.14E-12
4513,1345.43797,11802.01948,356.2663583,26.14820867,8450.780578,31.38558229,2.482623889,418.2220555,1103.359204,2031.578503,859,26426.63,1.65E-10,0.050567795,-1.20E-13
4514,1292.000385,11761.28182,344.5922954,24.99403203,8172.878639,30.59159838,0.136822796,276.9479146,797.7573801,1971.543226,873,25545.67,2.01E-10,0.05411169,3.36E-12
4515,1229.963307,11148.73265,386.5922809,23.90879107,7934.903817,28.66157813,2.244299442,342.4192303,942.9319563,1928.449771,873,24841.75,2.48E-10,0.057677868,-2.90E-12
4516,1225.21843,10638.32391,324.3083768,21.66030685,7894.615568,28.52938148,157.571905,312.0593343,957.8394922,1940.003227,873,24373.08,2.54E-10,0.049927852,-1.59E-13
4517,1203.060876,10992.20698,344.8301962,23.49894056,7829.475058,28.29773176,873.8599185,263.5291607,981.2989129,1925.050462,874,25328.67,2.57E-10,10.43823665,-9.77E-13
4518,1175.842939,11507.50827,355.1826637,155.8402076,7671.643437,27.81765119,2033.759099,222.1554786,977.8901833,1900.341327,935,26962.93,3.35E-10,0.051252944,3.27E-12
4519,1156.969285,11656.44916,303.5351987,248.1335555,7544.585602,27.44176578,3396.140159,223.3028708,1224.491882,2059.860207,1035,28875.86,4.63E-10,0.049686384,-3.18E-12
4520,1067.12551,11723.34202,293.1191487,311.0170314,7060.56894,26.33091476,4891.339977,193.1538581,1332.257972,2068.426728,1086,30046.64,1.69E-09,6.04209992,2.64E-12
4521,1038,11781,292,216,6845,26,6235,170,1514,2020,1086,31222.95188,0.000855544,0.047267319,-2.52E-12
4522,1042,11830,291,205,6848,27,7100,174,1603,2020,1026,32161.4546,0.006590407,4.538809839,1.46E-12
4523,1043,12233,169,199,6948,26,7375,189,1610,2021,1025,32826.09885,0.004036067,11.89711369,-2.27E-12
4524,1038,11797,48,187,7064,26,7490,220,1700,2022,1025,32602.80662,0.005061741,14.18831925,5.19E-12
4525,1038,11300,48,189,7068,26,7290,276,1864,2020,1025,32127.59273,0.005565558,16.40170409,1.01E-12
4526,1040,11411,48,220,7061,26,6620,348,1867,2022,1025,31687.95617,0.006257779,0.037573354,-5.49E-12
4527,1076,12274,48,250,7058,26,5555,411,1885,2023,1086,31691.95232,0.00292345,0.044753536,-3.57E-12
4528,1224.837288,14546.59487,52.98878771,512.8789088,7503.130906,27.46362686,4319.59509,397.1609179,1872.900814,2103.877188,1086,33647.39,9.58E-10,0.038395491,-2.09E-12
4529,1411.436449,17009.3735,61.91560524,748.5003769,7956.288713,30.93518578,2856.55897,468.771894,1773.020334,2243.755909,1086,35646.52,3.20E-10,0.036932953,9.28E-13
4530,1652.585558,18691.07609,77.89136313,922.4141933,8161.13879,30.98721807,1490.550451,431.0872159,1606.840092,2357.806905,1086,36508.34,2.02E-10,0.037874618,-3.84E-12
4531,1994.203589,19597.60221,93.10147775,853.6877922,8411.081499,31.14223849,491.9147305,419.565814,1174.94079,2489.557939,1023,36579.76,1.41E-10,0.038081351,1.37E-12
4532,2097.81677,19766.08704,101.878477,495.6340515,8592.383054,31.38621987,342.0148988,621.0822443,1192.830861,2349.715638,618,36208.79,1.65E-10,0.039252895,-7.67E-13
4533,2088.661338,19418.93261,98.36746072,472.3797738,8547.86032,31.35517032,5.106448675,654.6602759,1068.402359,2431.618754,675,35492.3,1.60E-10,0.044512841,2.08E-12
4534,2043.849035,16288.49998,106.4072267,198.3106234,8659.084742,31.19136421,0.022656023,632.2786594,990.1766265,2236.564792,909,32095.35,1.44E-10,0.035710054,1.16E-12
4535,2028.187879,13560.78,105.0325,97.72723795,8612.433874,31.34180088,0.021818095,645.9372217,934.0534335,2167.504771,911,29093.98,1.65E-10,0.040533877,4.40E-12
4536,2008.144188,12693.92198,104.8413294,25.09815482,8525.088051,31.18100916,0.020395167,574.4392397,862.9204612,2050.044659,860,27735.66,1.68E-10,0.039472184,9.75E-13
4537,1964.92925,12150.84365,98.21716385,24.1459903,8322.366581,30.69321073,2.367570736,539.9319321,839.0813905,2031.58661,860,26864.12,1.79E-10,0.043347429,-1.60E-13
4538,1957.755052,11863.87221,96.88631345,22.91725922,8268.179845,29.53638506,1.134719431,524.9996905,868.0816388,1990.244845,875,26498.56,2.03E-10,0.047962183,-2.14E-13
4539,1941.130031,11610.99221,94.22470828,22.89969014,8224.972758,29.33630217,1.290113232,506.2769585,866.2762766,2112.728058,974,26384.07,2.98E-10,0.057104366,-3.64E-12
4540,2046.318638,11738.72816,101.7004435,23.81642083,8416.820254,30.01932071,120.6859707,563.2366079,963.2123833,2254.173506,1022,27280.66,1.95E-10,0.051707785,-3.72E-13
4541,2451.055161,14804.91004,130.7452956,31.37948848,8948.664637,33.14334129,878.7467922,716.5866509,1166.178718,2401.398039,660,32213.07,1.22E-10,9.738168412,-5.42E-13
4542,2544.214577,19379.26792,109.5533571,325.8949125,8279.565634,31.22701124,1969.902703,605.0284658,1055.78011,2345.477538,1081,37726.86,1.98E-10,0.052232926,-4.01E-12
4543,2591.600197,21022.29508,117.4750844,406.4663745,7886.658583,30.11974736,3175.679994,507.1132785,947.5293805,2238.135774,805,39728.02,3.15E-10,0.053491477,6.34E-12
4544,2418.563447,20226.99442,104.4749153,1007.340832,7487.99918,28.79633033,4598.789397,66.79012816,724.6030525,2001.06776,1034,39691.88,7.44E-10,7.539465758,9.95E-13
4545,2322.556413,19119.69892,69.95911106,778.0841668,7383.617355,28.02035615,5503.191836,395.3066545,1034.371836,1712.027067,1061,39407.77,1.76E-09,0.063717868,4.74E-12
4546,2264.925243,18879.91346,49.83385473,538.7282959,7185.460057,27.34492076,6046.989996,421.0803122,1063.032363,1999,1001,39471.22,0.00097706,6.087525506,3.15E-12
4547,2287.655287,19150.69591,49.9671827,467.7719793,7252.935517,28.55509611,6330.616348,590.8616279,1105.07511,1810.950867,1026,40085.07,2.18E-09,16.01492507,-8.88E-13
4548,2268.345809,18740.81779,49.18063423,302.3316909,7260.152319,27.5703908,6134.237733,853.5750108,1162.649477,1796.035773,1026,39602.36,4.02E-09,18.53663157,-6.26E-12
4549,2240,18086,48,297,7096,22,6874,878,1215,1772,1026,39529.22882,0.003421611,24.76775998,-6.29E-13
4550,2268.769582,18707.65695,50.75741444,196.1654437,7328.532356,25.79023463,5469.691616,873.4820735,1451.114662,1826.54082,1025,39223.45,1.39E-09,0.051148166,1.23E-13
4551,2369.589272,19896.32503,54.64048205,344.2009704,7562.32573,28.66012051,4920.886393,945.682185,1766.403887,2133.585546,787,40809.25,6.90E-10,0.049619305,2.21E-12
4552,2477.079481,21116.81348,56.61878341,424.1306044,7887.830671,29.70123889,3897.993602,1111.088098,1971.721156,2220.583893,785,41978.51,3.71E-10,0.051007151,4.33E-13
4553,2558.250216,21558.07716,61.74899698,561.6913488,8085.936149,30.59659193,2652.270678,1381.575993,2067.135142,2300.463873,836,42093.7,2.64E-10,0.046145282,8.16E-12
4554,2632.503298,21639.34405,67.40346055,728.7126354,8251.354527,31.57007654,1436.831362,1580.060103,2179.115303,2391.981483,836,41774.83,1.93E-10,0.046294486,1.20E-11
4555,2687.868286,21713.40805,67.3621252,738.3799426,8445.706153,32.25381643,443.0586028,1444.176015,1947.916451,2530.190611,775,40825.28,1.37E-10,0.040053998,-6.88E-12
4556,2724.588084,21091.05059,63.65960016,441.4852748,8608.116506,32.40157094,60.24623144,1467.994812,1747.47754,2393.635273,775,39405.62,1.59E-10,0.035479576,-2.52E-12
4557,2655.566305,19647.24212,73.99570287,326.2175706,8572.773395,31.76325757,3.011068824,1212.644788,1596.456117,2205.630476,923,37248.25,1.70E-10,0.050805673,6.51E-12
4558,2603.663125,15729.3541,103.4696258,81.81766447,8603.41978,31.6480477,0.021924753,1291.432848,1409.115495,2179.505124,901,32934.39,1.47E-10,0.057737595,4.27E-12
4559,2568.578582,12612.5768,105.5106729,62.96483448,8691.637967,31.17803177,0.023013475,1511.055725,1334.435684,2066.371253,875,29859.27,1.63E-10,0.062566128,1.88E-12
4560,2576.259545,12279.64051,100.5735746,60.0069959,8559.64801,30.87534956,0.021105409,850.7948824,1121.81272,2048.773508,875,28503.34,1.68E-10,0.066205124,1.05E-12
4561,2534.969677,11139.61498,91.29542201,57.47703049,8263.847883,30.99856827,0.319213434,1335.086611,1228.947362,2009.479853,875,27566.97,1.91E-10,0.066600491,3.25E-12
4562,2537.691653,10509.73695,92.09541879,57.4697227,8268.970529,31.00100086,0.118173021,1566.148265,1185.262534,1984.422542,872,27104.84,2.06E-10,0.076787374,2.37E-12
4563,2548.956381,10613.06273,94.72301552,55.0352072,8357.513991,31.24095641,0.289979926,1631.468682,1158.416684,2072.364965,558,27120.99,2.29E-10,0.082586375,2.88E-12
4564,2588.708404,11300.67015,98.08429422,72.98803783,8384.7844,31.73253283,113.3278598,1771.678926,1109.773905,2332.608231,163,27967.3,2.01E-10,0.056740277,3.46E-12
4565,2668.568055,14378.09425,115.1540718,98.67062649,8708.672872,33.20192514,757.6113582,1877.023802,1180.686067,2383.579516,423,32616.99,1.38E-10,7.272546243,-2.70E-12
4566,2585.351905,18277.69634,100.8190918,318.1628294,8272.652986,31.74106036,1829.775958,2005.352304,1189.934724,2324.987387,1076.6,38013.03,2.14E-10,0.044584318,-2.86E-12
4567,2509.63382,19339.07074,86.86916617,722.6387811,7925.615037,30.58154802,2711.50226,1878.38807,1194.533368,2249.391449,1086,39734.17,3.01E-10,0.054238157,-3.34E-12
4568,2399.480423,18367.97925,60.0670429,891.5100637,7597.665969,29.0326149,4127.929332,1654.405456,1121.882843,2157.61906,1087,39486.98,5.33E-10,7.592051958,2.68E-12
4569,2301.648264,17634.28864,52.85137823,468.8934949,7425.551718,28.1369665,5161.000068,1468.206021,1027.606095,2065.218741,1087,38720.34,1.93E-09,0.061385394,3.17E-12
4570,2229.863318,17115.39696,49.27770471,423.4532775,7208.983747,27.39127543,6110.421072,1406.274272,988.2247905,2033.032863,1026,38611.94,9.04E-09,6.379285075,-1.82E-12
4571,2250,16528,48,350,7084,41,6785,1373,1013,2018,1026,38499.60164,0.00168844,16.39666948,-8.99E-13
4572,2230,15891,48,290,7116,55,7150,1304,1054,2018,899,38035.83535,0.003669292,19.16098268,-5.35E-12
4573,2216,15163,48,267,7192,66,6658,1457,1027,2019,946,37036.80796,0.004522068,22.18752065,6.81E-12
4574,2196.068456,15224.97993,48.48891013,266.7421141,7245.760776,66.16356483,6552.310623,1565.373848,1071.122159,1768,1025,37029.96,0.000284733,0.050100924,2.31E-12
4575,2282.7686,17331.10334,53.67960926,366.2975057,7611.846562,68.66001106,5672.309547,1721.396818,1161.837931,1858.081638,1086,39213.93,9.33E-10,0.051557207,-4.71E-12
4576,2437.794408,18922.3293,56.11063057,1084.943283,7951.705718,69.9756883,4364.286712,1810.964583,1188.427841,1930.859463,1086,40903.35,4.68E-10,0.047631068,6.51E-13
4577,2526.641215,20617.87858,62.39313492,1086.478443,8311.401835,71.40670871,2822.244629,1880.07721,1259.688286,2076.01675,1086,41800.18,2.82E-10,0.046793767,-5.62E-13
4578,2610.883568,21390.18854,68.13922122,1204.494305,8615.585013,70.51622095,1446.247638,2007.6571,1067.552038,2205.663188,1086,41772.88,1.82E-10,0.046827352,-2.71E-12
4579,2653.085483,21263.6792,66.70123399,810.6581776,8615.587495,63.8482272,398.4719682,1936.84278,1291.678001,2337.513963,1026,40464.02,1.34E-10,0.046527906,-8.10E-12
4580,2733.753365,20516.87034,66.66623391,629.3145031,8713.014318,55.44356874,269.8498179,1995.130107,1247.0783,2163.623276,1025,39415.7,1.71E-10,0.043829521,1.05E-12
4581,2717.254797,19124.19537,78.32087617,474.5205514,8662.264323,54.21000708,4.050924275,1741.967205,1150.636441,2216.104296,926,37149.48,1.67E-10,0.044790944,-1.68E-12
4582,2670.215149,15471.51767,101.2419747,295.9574799,8775.079956,54.05551768,0.023290453,1793.172637,1052.856048,2062.689547,827,33103.76,1.36E-10,0.049272079,7.76E-12
4583,2699.728267,12475.13877,104.8360582,127.269315,8926.736131,54.88692583,0.025226835,1806.623514,1046.436753,2022.372993,826,30090,1.45E-10,0.053953149,1.78E-12
4584,2657.084688,11453.49168,98.34412877,110.3012471,8736.845621,54.29866006,0.022575843,1661.587849,970.180703,2003.749895,826,28571.85,1.51E-10,0.057044288,8.71E-14
4585,2633.310153,10942.08327,99.31732852,104.3802979,8625.195861,53.97697057,1.355274475,1597.097004,839.7226883,2001.369108,826,27723.75,1.52E-10,0.057957031,-3.41E-12
4586,2599.450033,10952.42908,100.1987121,103.4979958,8501.923762,53.35571129,2.112751817,1462.845828,762.7478771,1939.573149,825,27303.07,1.82E-10,0.0648947,-5.74E-12
4587,2589.397038,11062.28969,89.8697753,103.3951811,8454.877898,49.03887339,0.253756214,1320.602169,798.4957924,1912.792991,850,27230.94,2.49E-10,0.073159822,2.79E-12
4588,2620.670598,11275.12471,96.56601506,105.1617606,8699.489799,56.18744492,99.00765433,1295.413677,807.8796039,2205.832341,918,28179.28,1.71E-10,0.053603813,-4.29E-12
4589,2678.722179,14999.13465,135.3632991,149.1485451,9313.228551,46.33740481,710.673087,1268.246993,881.2474765,2530.901347,323,33029.46,1.22E-10,6.543529307,-1.11E-11
4590,2686.281593,19606.5722,121.1044647,678.0477149,8765.017113,49.37420498,1587.821253,1132.072029,822.8403332,2059.666575,1077,38585.76,1.79E-10,0.037483452,-9.72E-12
4591,2627.969501,21254.20069,123.5944233,776.3519518,8432.472789,54.13799475,2430.415854,929.2458972,829.0458699,1975.643037,1087,40520.03,2.29E-10,0.048011604,1.39E-11
4592,2455.869896,20665.93669,144.0413379,798.5047136,7931.598355,69.26648212,3956.617455,798.1118954,806.2410765,1858.652608,1087,40564.93,3.95E-10,6.910505686,2.81E-12
4593,2372.988956,19706.57698,156.6421038,504.6687561,7590.058295,66.80114706,5138.949804,755.5502149,758.3777657,1773.594202,1087,39911.15,8.07E-10,0.058220681,5.64E-12
4594,2263.038107,18971.08779,317.9584883,391.0398121,7383.053234,64.85284453,6056.947704,708.8539725,687.5903112,1703.285111,1027,39568.76,4.14E-09,5.947371893,5.58E-12
4595,2308.287549,18546.70179,604.7255784,336.3762824,7341.891544,66.72541235,6327.080017,644.4307758,697.3872508,1501.172956,1026,39385.02,4.56E-09,15.75915707,-2.02E-12
4596,2280.672885,18387.13459,684.7792549,311.3633656,7293.947457,66.52001606,6147.419626,500.0339098,724.3125963,1491.506158,1026,38894.24,9.15E-09,19.4498552,-4.04E-12
4597,2253.231148,18495.1166,672.4388493,264.4401519,7331.508749,50.67141564,5942.251478,481.6728371,784.9214664,1505.571219,874,38632.52,3.63E-09,23.30391193,1.40E-12
4598,2290.956995,19047.02364,683.3597067,291.3074756,7585.929498,36.78724764,5277.881927,531.5396587,925.3417004,1545.89131,873,39088.97,1.14E-09,0.049158211,-5.83E-12
4599,2318.612627,20391.42217,680.4134707,416.990438,7720.522879,37.47640487,4469.282922,618.762307,1023.650482,1909.480023,1085,40671.56,5.28E-10,0.053719535,6.79E-12
4600,2433.687436,20905.32558,697.2604002,1296.077561,8095.237493,65.44990285,3477.58888,669.4313169,1130.20961,1988.216844,1086,41844.44,3.26E-10,0.045023427,-3.72E-12
4601,2577.176126,21929.87095,711.2781659,1475.482642,8405.695047,71.05592938,2270.447692,662.8474886,1191.895336,1717.222977,1086,42098.93,2.31E-10,0.042355731,-4.05E-12
4602,2638.963751,21542.38904,705.3231552,720.3094887,8441.032801,71.52965835,1146.022559,778.4503755,1127.793447,1766.711317,1086,40024.48,1.94E-10,0.045593451,3.59E-12
4603,2623.283513,20626.83297,663.8854748,537.9548601,8475.532958,70.87117564,297.5904743,885.7109049,1170.683991,1872.878322,1026,38251.18,1.48E-10,0.044640689,8.81E-12
4604,2666.115447,19544.40223,661.973502,690.0991749,8620.707508,73.4961672,44.73833578,889.7606193,1131.07083,2253.866823,1025,37601.19,1.76E-10,0.04063615,6.58E-12
4605,2687.259413,19728.86216,673.9957812,789.2393736,8506.656903,72.93955272,1.872765833,768.8357491,1014.744432,2405.145895,1025,37674.51,1.79E-10,0.042030189,3.44E-12
4606,2664.590011,16256.39157,700.389836,117.6873725,8556.753371,74.11660083,0.021763305,778.2994534,957.6470318,2322.248062,976,33404.1,1.54E-10,0.045068722,-3.49E-12
4607,2512.749475,13385.60818,524.0379702,196.4150502,8645.197558,74.46558485,0.023041929,739.1974723,923.7322815,2197.501101,924,30122.88,1.61E-10,0.04771804,8.09E-12
4608,2552.552636,12965.43333,356.30534,79.10033911,8784.712124,76.18712794,0.02511389,692.0802536,888.6803016,1334.858261,923,28652.89,1.35E-10,0.044827114,-1.78E-12
4609,1954.548591,13131.35806,478.3602731,76.53996667,8407.345086,73.46907406,0.256396228,618.2130168,787.3574335,1281.093215,923,27731.49,1.55E-10,0.051114582,2.86E-12
4610,1910.945098,12852.70929,599.4717377,74.80606013,8298.203615,73.95439005,0.072614513,604.321796,784.7264741,1261.189978,923,27383.34,1.64E-10,0.061053891,-1.17E-12
4611,1891.906206,13139.71996,595.523157,75.61671426,8232.600671,52.21052498,1.225039285,600.5465674,729.737678,1190.857277,780,27289.88,2.13E-10,0.063796466,1.48E-12
4612,1953.916618,13609.10326,589.1930793,76.51447281,8487.557935,33.02793311,63.18758937,637.1487782,747.5357916,1259.418876,693,28149.55,1.80E-10,0.05433102,-2.98E-12
4613,1946.706214,16886.06226,653.0499538,96.4551072,8881.318548,34.34779016,517.224756,646.1564266,765.0981832,1433.546672,1023,32873.36,1.42E-10,9.605910098,-7.91E-12
4614,1959.63514,21603.48717,742.3593181,424.078918,8710.223565,32.80291802,1270.770185,639.492556,750.1858705,1407.144303,1086,38626.13,1.56E-10,0.049940094,-6.74E-12
4615,1895.864681,22409.39013,753.1362572,841.191998,8106.549048,30.46855903,1915.944678,574.8171158,737.2726846,2266.223135,1087,40617.8,2.73E-10,0.058281117,1.74E-11
4616,1875.131627,21875.26165,754.2233349,882.7703544,8001.362368,31.28347279,2980.206374,481.7092734,702.1671236,2262.59531,1087,40926.49,2.86E-10,7.220892284,-9.29E-12
4617,1789.368568,20727.08624,772.8244465,972.3737521,7433.689688,29.77478502,3955.652936,391.3079297,656.2071835,2207.279787,1087,40022.51,3.83E-10,0.055320447,-2.49E-12
4618,1714.855674,19937.40498,818.7005404,466.211702,7155.550102,55.7886743,5200.560526,322.9384341,610.0772205,2097.742108,1027,39401.48,1.05E-09,5.349965417,5.46E-12
4619,1693.165579,19594.21677,926.7847952,637.5363393,7080.422307,64.53474522,5884.00925,262.2286931,592.6818752,1393.111943,1026,39146.4,9.27E-10,8.292299896,4.47E-12
4620,1624.021746,18793.11884,995.7884942,406.9437624,6987.421396,64.32139041,6096.433341,221.6601608,567.1683127,1445.57958,1026,38222.49,4.49E-09,5.967027171,-4.97E-12
4621,1609,18567,886,251,6985,63.00000001,6057,205,572,1818,1026,38038.94649,0.000709405,0.052796835,4.60E-13
4622,1684.334096,19072.55468,890.0624673,216.2451575,7282.356681,50.37348259,5353.554705,231.5276604,653.1175632,1871.566548,1026,38331.65,1.56E-09,0.043042097,8.49E-12
4623,1771.683784,20735.11716,927.2257948,681.8827081,7600.643333,34.7905261,4589.944737,277.3816672,728.9365754,1952.428779,1086,40385.99,5.48E-10,0.045059875,-8.45E-12
4624,1834.913939,21949.03923,990.3391897,1195.688983,7822.547863,48.24742722,3508.761618,302.338784,762.2542995,2016.260158,1087,41517.35,3.58E-10,0.041490132,5.31E-12
4625,1911.032729,22652.959,1047.88115,1300.846818,7692.959583,71.0313603,2333.023212,435.0526634,824.5625947,2074.545083,1087,41430.85,2.73E-10,0.044191987,7.74E-13
4626,1986.778539,23472.72627,1032.157671,1062.143036,7930.0571,73.34521017,1149.323428,470.7107275,806.3966703,2203.717879,1086,41273.31,1.77E-10,0.046533725,-8.53E-12
4627,2064.809047,23794.01497,1078.787394,649.8922889,8172.097986,69.45875955,333.1627173,511.3479426,792.5466915,2322.409334,1026,40814.49,1.33E-10,0.037127252,2.11E-12
4628,2088.693234,23186.31467,1068.940236,618.0867658,8296.263022,74.92666994,39.20573535,558.9809345,775.0424568,2202.572941,1025,39933.99,1.60E-10,0.036662447,-4.05E-12
4629,2031.247239,21901.78062,712.6278625,328.3044645,8098.256782,73.77059832,4.78555229,515.892001,706.2226275,2392.960503,1025,37790.81,1.86E-10,0.038245689,6.77E-12
4630,2034.338156,18499.54133,104.6359809,69.04700829,8307.598996,74.69505255,0.02362786,566.9209877,667.2446387,2267.693386,926,33517.7,1.42E-10,0.039166726,1.66E-12
4631,2012.730054,15477.81677,98.81045181,53.56795122,8355.914244,75.49160975,0.02320112,528.312998,581.4583078,2215.467487,925,30324.55,1.57E-10,0.043078086,3.10E-12
4632,1967.283023,14450.57515,89.28651697,46.12909041,8214.414652,73.52533128,0.020561015,399.6649612,487.3159949,2175.272983,925,28828.45,1.65E-10,0.038263538,-1.30E-12
4633,1912.60631,13963.26636,87.15536668,44.72102652,8045.12279,72.54956043,2.248492808,329.5397926,418.2102312,2174.612335,925,27974.99,1.65E-10,0.042269421,-2.45E-13
4634,1903.761519,13835.17681,88.82902069,43.41251387,7862.781131,73.36341098,1.08599204,254.2966269,374.4551576,2152.755811,923,27512.87,1.76E-10,0.047995991,1.58E-12
4635,1936.6519,14057.73126,92.96682064,44.51454182,8027.570081,72.60311407,1.231688213,229.617967,371.4649613,1839.48828,758,27431.79,1.81E-10,0.050610603,5.47E-12
4636,1912.518982,14489.4001,89.49153321,44.39819709,8007.398661,73.08591816,70.20225978,247.3768815,370.6682207,1949.902446,932,28186.4,1.88E-10,0.043198025,2.78E-12
4637,2047.889831,17169.40465,109.444478,72.7404022,8738.825642,74.25880691,559.0274515,317.4339791,421.7833153,2274.100923,1003,32787.87,1.37E-10,0.039478246,6.37E-12
4638,2061.358381,21698.28914,106.5500217,367.4399231,8667.014693,69.78212029,1392.600849,313.7233594,444.1065245,2242.458356,1085,38448.28,1.52E-10,0.04336713,1.62E-12
4639,1954.043688,23584.19199,85.68349789,1001.188192,8260.385744,32.3150468,2133.661754,269.5419473,438.9614057,2043.584578,1086,40889.51,2.08E-10,0.047839893,-6.63E-12
4640,1831.718016,22299.51626,68.30407775,1419.786855,7803.910522,30.45745564,3400.655616,208.3027883,426.4418918,1924.592666,1086,40493.27,3.38E-10,6.416142696,2.93E-14
4641,1743.644294,21177.85465,59.58643218,850.0261647,7492.597387,28.9225838,4576.802305,176.2795561,432.8636662,1851.782983,1086,39476.31,5.26E-10,0.050018123,-4.04E-12
4642,1662.284354,20408.91462,52.01226273,872.2041662,6733.233061,27.74393566,5603.933405,164.2538338,479.7846059,1740.67215,1025,38765.44,3.70E-09,4.596394557,-6.40E-13
4643,1616,19546,48.00000002,812,6590,47.00000002,6005,121,581,1720.265442,1025,38103.6819,2.15E-08,7.583546012,-8.79E-12
4644,1584,19173,48,550,6597,41,6185,123,674,1713,1026,37709.07386,0.001175315,4.924966138,-1.61E-12
4645,1588,19613,19,218,6552,64,6235,129,673,1715,1026,37831.95303,0.002545737,0.044427204,3.49E-12
4646,1643.186965,20008.81471,45.14111669,314.3611444,6561.706152,65.98520366,5269.538887,160.9855685,730.6054282,1735.596308,1026,37561.88,5.54E-09,0.041480878,-7.54E-12
4647,1737.394721,20871.96748,266.4083135,779.9377386,6911.861639,60.65138953,4343.050981,207.8388794,814.1852159,1834.011908,1086,38913.27,6.24E-10,0.038266676,-6.17E-12
4648,1811.985788,21772.13269,349.7737877,1717.348992,7165.863094,52.21591089,3310.672692,276.1719207,825.3449811,1917.486773,1086,40284.96,3.47E-10,0.036628845,4.20E-12
4649,1908.573821,22322.74413,535.7254592,1708.634084,7503.618511,70.25538335,2212.805559,336.7446923,848.9741301,1990.091371,1086,40524.13,2.50E-10,0.037142928,8.55E-12
4650,1978.811421,22991.98135,557.1139463,964.8904628,7879.263777,73.79064077,1165.345125,418.656781,885.2885141,2097.90739,1083,40096.01,1.75E-10,0.039406122,-1.25E-11
4651,2038.848017,23042.42235,588.5678284,795.2130497,8055.363881,72.63388087,358.7079958,438.2504678,874.2805174,2274.53794,709,39247.79,1.46E-10,0.035930483,1.89E-12
4652,2064.392508,22689.07003,315.2938944,540.012199,8124.06706,72.988054,34.76550406,493.0378188,821.3171493,2203.720659,1022,38380.63,1.71E-10,0.03488078,5.39E-12
4653,1944.634354,21764.89016,305.9785387,318.6977495,8043.460324,72.47964853,2.690934325,444.5685176,819.0436027,2246.801965,1025,36988.21,1.62E-10,0.03578994,-8.13E-12
4654,1339.125264,19209.50473,43.0460979,98.72266825,8058.012645,74.58822148,0.020998097,417.0960227,819.7036136,2227.750722,926,33213.54,1.56E-10,0.030986836,-6.81E-12
4655,1292.42649,16245.16034,37.09824366,86.13488922,7946.872821,71.89657031,0.019545966,374.6919618,821.3986745,2141.504024,925,29942.17,1.94E-10,0.033557067,-5.23E-12
4656,1269.11004,14725.68433,31.12906301,80.04499649,7851.518037,70.30210267,0.018119362,348.6458428,827.5196872,1993.180547,876,28073.12,2.11E-10,0.032764097,4.35E-13
4657,1217.952648,13899.37665,29.49071063,76.64039402,7541.301233,72.27233523,3.230036745,366.5382534,887.8750714,1963.769267,875.22,26933.63,2.37E-10,0.036603227,1.53E-12
4658,1173.951819,13483.59726,26.45766744,75.45427166,7270.085912,71.21270718,0.0635696,357.5901429,950.5945089,1933.403916,874,26216.37,2.72E-10,0.041772523,-1.78E-12
4659,1144.650062,13058.213,22.24685598,23.09839189,7144.534219,70.16379176,1.119899763,322.3470004,1059.286443,1870.133783,874,25589.75,4.01E-10,0.043445331,-2.35E-12
4660,1171.690046,12442.99096,24.61986092,23.9038023,7375.094687,61.53822321,110.0010792,287.160782,1186.046182,1912.582696,822,25417.59,3.21E-10,0.038320078,3.88E-12
4661,1181.173494,13290.87789,26.60295997,25.52648821,7513.125115,69.65617195,813.3843618,259.9297028,1271.858086,1962.793569,924,27338.89,2.65E-10,0.037833866,2.71E-12
4662,1201.170601,14183.1637,27.61336887,158.8213048,7540.932247,69.75770883,2052.28925,267.648867,1445.389248,1964.513098,1000,29911.27,2.64E-10,0.029395485,2.64E-12
4663,1150.821381,15230.61512,18.29775063,612.2144358,7291.035839,66.17290782,3041.457412,266.2552511,1650.651329,1914.952019,1001,32243.44,3.61E-10,0.033441661,-1.14E-13
4664,1008.49556,14258.88851,3.346268954,1045.06109,6754.2189,64.66426223,4917.830031,201.5967793,1973.47816,1792.609825,1001,33021.15,1.08E-09,0.039389637,-1.20E-12
4665,973,14097,1.27E-09,378,6621,65,6180,210,2312,1717,976,33528.95973,0.000188013,0.040085644,7.28E-12
4666,973,13586,6.52E-10,260,6622,64,6975,292,2543,1717,926,33957.95671,0.006865659,0.036422138,-8.87E-12
4667,956,13048,4.36E-10,249,6611,65,7400,357,2817,1718,924,34144.95446,0.006731592,0.038804176,5.46E-12
4668,942,12257,4.07E-10,184,6612,64,7545,425,3044,1220,924,33216.95618,0.005308058,0.038513512,1.15E-11
4669,934,11861,3.52E-10,464,6474,64,7316,489,3138,1220,999,32958.95358,0.009502196,0.036922501,1.91E-13
4670,946,12184,5.01E-10,278,6390,62,6395,523,3269,1220,1000,32266.95942,0.007254974,0.033323645,1.55E-12
4671,914,12751,2.10E-09,358,6394,64,5325,622,3268,1221,1086,32002.96879,0.001243572,0.029967531,1.20E-12
4672,978.2099766,14757.08007,11.48562037,431.2734058,6758.031408,66.12300696,4204.375772,731.3054431,3395.143643,1321.737966,1086,33740.74,7.03E-10,0.026314645,-4.12E-12
4673,1114.007363,16633.27608,23.749531,584.5746807,7231.78703,68.39452303,2790.29935,799.6028466,3269.109639,1615.05647,1086,35215.83,4.31E-10,0.027511073,-3.71E-12
4674,1225.824041,17691.36617,38.25737258,773.3071967,7665.366955,71.04499255,1494.034702,962.4911058,2946.326517,1771.19035,1086,35725.18,2.07E-10,0.029404284,2.73E-12
4675,1288.614789,18418.74087,47.90827382,403.0694977,7913.043262,72.44768609,445.860725,1109.611214,2800.481469,1959.416702,1025,35484.17,1.63E-10,0.024493553,-2.38E-12
4676,1343.966254,18153.18034,48.19221314,386.8994157,8059.277888,75.45153585,278.8501055,1196.261809,2710.440303,2030.438276,1025,35307.93,1.82E-10,0.028138268,-2.36E-12
4677,1329.772552,17519.45494,191.6885754,430.6652744,8000.583725,75.0399855,4.671890814,1135.627175,2544.006531,2304.77374,975,34511.26,1.78E-10,0.024393406,5.38E-12
4678,1343.936677,14606.51016,342.4316115,120.6460632,8083.275607,74.61322862,0.021506104,1227.047887,2415.662401,2181.940024,902,31298.06,1.54E-10,0.02516958,-2.65E-12
4679,1379.957443,11888.86355,340.3065702,36.95200232,8130.245945,75.82750301,0.02218398,1352.878409,2289.836919,2136.543162,901,28532.39,1.69E-10,0.043685438,-3.05E-12
4680,1321.334307,10977.37551,292.4251868,30.22402019,7867.937391,75.16870167,0.018439507,1403.533566,2189.666467,2009.860486,726,26893.5,2.00E-10,0.044072215,-2.87E-12
4681,1262.47674,10213.85493,291.6030473,28.94569879,7593.711927,75.18520564,1.239506855,1387.918621,2098.669482,1945.661541,725,25624.22,2.06E-10,0.046702321,2.78E-12
4682,1221.227037,10182.5592,291.9473235,27.17734447,7371.134693,72.4502969,0.05746367,1182.980676,1935.874334,1908.584576,724,24917.94,1.98E-10,0.052949216,3.82E-12
4683,1183.152758,10072.40334,294.4248261,24.63590844,7238.094199,73.21539699,1.123295437,1158.576922,1824.597487,1850.378869,724,24444.55,2.51E-10,0.053000461,3.75E-12
4684,1160.595856,9576.984687,285.6593308,24.25886576,7152.045806,71.37929641,114.2256571,1069.762738,1773.962242,1870.444399,725,23824.27,2.39E-10,0.048877756,8.53E-13
4685,1133.47073,9775.954589,285.3368391,24.39681798,7217.744972,69.6182148,810.6639918,924.4184021,1721.892642,1960.520516,874,24797.97,2.65E-10,0.047715095,-2.43E-12
4686,1141.512131,10358.34698,299.5997571,81.03046618,7084.959686,67.71569153,1975.251953,817.0090316,1652.392558,1895.759024,876,26249.53,3.72E-10,0.047279163,1.74E-12
4687,1181.026674,10697.88155,280.4698859,240.9791213,7094.622171,67.52132047,3287.887255,706.8136173,1771.334152,1885.699187,876,28090.19,4.24E-10,0.04493159,-5.27E-13
4688,1099.850434,10944.0088,233.400727,330.4403798,6733.518135,66.6783788,4817.042415,674.8137224,1774.415354,1842.338188,902,29418.46,1.13E-09,0.046531105,1.65E-12
4689,1065,11416,1.25E-09,335,6608,66,6210,612,1776,1770,902,30759.95206,0.001312616,0.046624129,1.01E-12
4690,1058,11677,5.76E-10,333,6603,65,7345,474,1738,1769,901,31962.94953,0.005454875,0.045019893,-3.86E-12
4691,1071,11478,5.98E-10,219,6602,63,8010,446,1914,1817,925,32544.95577,0.002987618,0.041247316,-8.16E-12
4692,1070,10941,3.67E-10,180,6593,64,8135,458,2029,1819,925,32213.94994,0.005759165,0.044303602,6.28E-12
4693,1080,10533,4.99E-10,220,6506,64,7782,455,2129,1118,925,30811.95572,0.005108074,0.039171235,-5.18E-12
4694,1076,11614,6.81E-10,221,6390,64,6795,615,2126,1114,925,30939.95742,0.005876199,0.036704434,-5.49E-12
4695,1081,12421,1.11E-08,409,6394,64.00000001,5555,932,2123,1272,1001,31251.95662,0.000685809,0.042691991,-2.86E-12
4696,1204.914203,14370.5997,16.06835761,696.4365368,6979.934147,68.31118782,4320.258893,1163.309961,2337.543202,1282.771769,1086,33526.11,3.78E-10,0.037960667,3.61E-12
4697,1289.088757,16614.94363,29.91979902,731.5387826,7453.226002,71.10908565,2854.047948,1319.269147,2344.587364,1832.249464,1087,35626.94,3.05E-10,0.039975765,-8.66E-13
4698,1409.720109,18267.06602,46.352472,552.9034359,7906.427294,69.32344704,1474.018221,1556.14697,2402.927191,1950.577281,1086,36721.42,1.91E-10,0.042443067,-2.93E-12
4699,1468.454082,19099.7162,55.33122966,402.1496794,8141.068417,68.63631489,390.7229111,1521.099681,2303.707463,2076.382579,1026,36553.23,1.39E-10,0.038560998,-5.75E-12
4700,1467.968739,18865.284,51.2168406,513.3326266,8184.861914,69.99479431,278.177637,1521.966458,2213.869724,1988.849253,1025,36180.48,1.77E-10,0.04198862,-7.71E-12
4701,1447.843455,18489.91961,46.77975874,359.2361544,8099.252887,70.43683111,4.765805218,1314.762362,2080.761026,2238.125496,951,35102.84,1.85E-10,0.043387925,-4.55E-12
4702,1348.175641,15312.65162,37.64665972,59.21039756,8088.885809,71.39497321,0.021611171,1176.317552,1986.441763,2279.34958,951,31311.05,1.55E-10,0.045603754,-3.26E-12
4703,1394.008252,12730.66841,34.9938128,34.9035138,8164.667577,72.84921445,0.022649717,1013.644205,1905.379572,2202.682479,927,28480.77,1.62E-10,0.049683803,-1.87E-12
4704,1354.875008,11902.41167,25.897262,28.38651963,7832.418231,75.37659486,0.01941324,1032.65285,1780.350744,2152.254428,926,27110.59,1.74E-10,0.05272123,-6.83E-13
4705,1290.476342,11491.48995,26.85409336,27.34753007,7586.173263,74.4939532,0.225810617,1026.572833,1710.578497,2146.903754,926,26307.05,1.76E-10,0.066030112,-2.80E-12
4706,1269.815915,11409.65869,27.63060892,26.76635017,7498.377262,73.88061786,1.080744036,857.5412468,1696.456194,2065.022812,926,25852.16,2.37E-10,0.070439455,2.17E-12
4707,1270.595079,11880.48676,32.61639672,25.95391896,7616.56724,74.55250542,0.146808961,610.8988755,1633.734468,1841.131526,974,25960.61,2.60E-10,0.073582563,-1.06E-12
4708,1303.249713,12657.08743,86.15564501,26.7737147,7836.859648,73.86682739,93.94869334,351.781406,1530.670352,2013.731327,940,26914.07,2.01E-10,0.054753184,3.96E-12
4709,1505.682863,15960.22656,156.4698451,170.7748898,8414.151727,77.37989562,724.3244328,334.4187397,1345.59016,2186.019459,904,31779,1.31E-10,0.038572976,-2.21E-12
4710,1560.047189,20692.32796,379.5166315,257.2694034,8071.69274,75.21836441,1714.010634,278.6348219,1186.761502,2107.40762,1085,37407.84,1.58E-10,0.046866014,8.95E-13
4711,1766.448486,21744.15954,565.7038087,819.8893089,7657.814397,72.08458862,2716.044701,246.2878638,1137.13375,1962.599194,1087,39775.12,2.75E-10,0.045640198,2.56E-12
4712,2021.265334,21024.13147,543.6078305,1216.75645,7292.777506,66.12669211,3884.327301,169.3745873,1019.199537,1918.3726,1087,40242.89,3.43E-10,0.049306346,4.06E-12
4713,2245.624131,20381.19996,556.9808208,815.9656728,6982.135045,64.28283943,4693.284574,119.8744687,952.8337484,1788.954556,1087,39688.09,1.09E-09,0.045811841,6.05E-12
4714,2242.551731,20058.58718,553.4415321,626.795236,6821.156043,66.9629604,5262.289395,111.891847,1057.920311,1772.747271,1026,39600.3,1.53E-09,0.043505227,-3.43E-12
4715,2341.580702,19738.69222,548.6434142,665.643804,6608.860425,65.34404333,5713.667636,106.0771894,1132.800143,1781.351344,1026,39728.62,1.17E-09,0.040915944,-7.00E-12
4716,2292.894911,19762.5479,527.3806407,583.9226594,6629.294201,65.50885019,5826.012587,139.5796517,1273.748364,1749.010618,976,39825.86,2.53E-09,0.040377153,-9.72E-12
4717,2329.279148,19639.16714,550.4045801,450.6113286,6700.816357,63.84988159,5597.215731,193.2074959,1347.597219,1744.300536,1025,39641.41,3.29E-09,0.039417051,6.20E-12
4718,2342.281645,19661.63853,554.4987859,378.6163061,7022.413343,67.00189639,4805.258706,250.3420082,1348.048767,2100.505541,1026,39556.57,8.44E-10,0.035528067,2.55E-12
4719,2449.252265,20090.32986,706.7404648,1128.875633,7336.589215,67.92328319,4264.485214,405.1356798,1475.555718,2193.961735,1086,41204.81,3.67E-10,0.039068786,-4.55E-12
4720,2496.157153,20498.47439,824.9046172,2152.780406,7533.337216,69.48410287,3510.196503,514.4304372,1539.415181,2223.236597,1086,42448.38,3.09E-10,0.036602682,8.35E-12
4721,2594.919847,20706.88425,836.9535512,2188.456615,7798.585139,74.11124873,2318.913344,745.3505817,1496.13387,2320.093475,1087,42167.36,2.16E-10,0.041922263,7.37E-13
4722,2651.480046,21142.45043,842.2912242,1903.497347,8022.431402,71.6881625,1174.872702,806.2569793,1474.091818,2398.453276,1087,41574.47,1.68E-10,0.043384888,4.38E-12
4723,2702.53771,21664.0524,856.53332,1321.906234,8253.869253,40.08933051,331.3008392,929.6587729,1332.346507,2490.144576,1026,40948.4,1.36E-10,0.038940702,-4.13E-12
4724,2737.669798,21792.66725,723.4511105,542.2156426,8090.183348,38.53751933,43.42736209,1066.877884,1198.182411,2436.1196,1026,39695.29,1.59E-10,0.04192378,5.74E-12
4725,2709.692355,20510.85983,193.6458782,344.5479697,7727.783716,37.68327988,4.761491648,1229.128539,1137.714264,2412.376021,1026,37334.15,1.75E-10,0.043346387,-2.22E-12
4726,2266.831302,16976.59287,81.00756878,179.6919998,7731.810727,62.30856325,0.022393195,1226.063677,1103.261526,2317.491423,976,32921.04,1.60E-10,0.042048824,6.73E-12
4727,1993.513484,14407.31153,76.53847711,77.79772887,7716.319311,68.23041923,0.02202043,1133.256742,1096.064458,2245.074823,946.21,29760.3,1.63E-10,0.038992321,1.94E-12
4728,1996.724937,13550.12389,71.15027117,31.2007488,7696.567172,77.0875383,0.021199882,862.2264029,983.6361168,2059.207741,946.19,28274.09,1.65E-10,0.046022671,-3.90E-12
4729,1922.750431,12798.96498,68.97496422,27.25990598,7478.167119,73.0063928,1.205469037,967.7779725,1005.389283,1959.774784,946.01,27249.23,1.94E-10,0.051298724,5.42E-12
4730,1923.74308,12445.46543,71.11982349,27.17688534,7476.384919,73.9881945,0.085439111,1033.24773,1058.791125,1849.312595,945,26904.26,1.94E-10,0.055221407,5.08E-12
4731,1899.114104,12477.87902,69.59256854,25.59694057,7385.259784,74.70726243,1.122337499,1111.32931,1017.253389,1759.927385,945,26766.73,2.80E-10,0.052102066,2.25E-12
4732,1887.915201,12557.79161,83.31260912,42.89176321,7567.111426,74.33624894,80.44485724,1277.92433,1033.811624,1996.38372,1025,27626.88,2.14E-10,0.043393075,5.67E-12
4733,1997.40298,15358.53097,143.2917021,72.00168931,8233.636256,79.61844128,767.9734095,1501.180005,1115.435496,2159.447074,1025,32453.48,1.38E-10,0.038021569,4.45E-12
4734,1948.041625,19458.93421,505.4914939,274.148362,7995.525715,68.51186247,1811.496669,1254.616908,1087.426178,2088.980431,1087,37580.13,1.63E-10,0.043449957,-7.30E-12
4735,1889.477582,20575.42938,1104.462387,338.7822041,7530.570395,72.80876516,2795.998101,968.7604182,1040.314007,1975.313986,1087,39378.87,2.56E-10,0.047222015,6.77E-12
4736,1780.14161,19694.36445,881.1776075,840.4150043,7068.41451,50.76335365,4200.129269,971.0685393,1058.242939,1878.782133,1087,39510.45,4.30E-10,0.049414493,-6.09E-12
4737,1407.212025,14131.44957,233.0556592,475.2479407,5730.587666,36.32232263,9147.678508,1306.754641,2004.974458,3340.719848,1467.107365,39281.11,3.83E-11,9.67E-11,3.25E-12
4738,1400.446192,14075.72169,284.3391476,374.1190647,5675.775147,38.89356613,9973.620004,1004.643419,2134.888763,3344.691227,1449.091783,39756.23,3.89E-11,8.24E-11,-4.89E-12
4739,1839.387478,17046.38862,925.4875004,658.7178203,6476.419057,36.69212793,7449.908227,646.4417587,1757.275837,2546.560907,1066.110668,40449.39,7.22E-11,1.07E-09,-3.22E-12
4740,2289.528741,19091.05735,1453.290493,442.5675147,6965.449786,29.16196307,4714.973642,427.2465678,1281.755879,1803.344689,1026,39524.34,8.04E-10,0.036628466,6.96E-13
4741,2221.654423,18530.38807,1348.415567,270.4621468,6912.052094,15.67166859,5076.624663,394.4949482,1334.352952,1775.260274,1026,38905.34,1.28E-09,0.036806371,4.25E-13
4742,2131.665706,18740.92125,1329.181853,346.050694,7067.672411,49.80834219,4358.045211,463.7765722,1559.639168,2106.22102,1026,39178.95,7.97E-10,0.032224001,-6.23E-12
4743,2278.899321,19958.90293,1449.453367,558.9068204,7360.445721,50.63303789,3910.021489,569.5456922,1586.338552,2223.737178,1087,41033.85,3.22E-10,0.03410547,7.00E-12
4744,2319.996479,20644.06691,1404.55423,1117.90918,7496.571162,69.26927664,3147.020202,682.7626765,1636.850318,2246.28247,1087,41852.25,2.84E-10,0.032907737,-4.21E-12
4745,2394.092791,21660.26731,1107.764853,1069.798121,7713.200506,75.1958631,2227.088159,846.8266285,1574.432244,2087.924484,1087,41843.56,2.38E-10,0.030956302,-8.19E-12
4746,2445.989705,22350.38104,1006.006075,1009.988795,7898.986485,76.50605808,1136.58699,750.455489,1443.075757,2212.830925,1087,41417.77,1.59E-10,0.037315869,3.53E-12
4747,2492.697443,22343.8707,1379.821024,492.2265407,8045.532868,78.67207464,309.0495471,738.4214318,1230.307737,2277.991799,1026,40414.56,1.37E-10,0.031161138,-5.12E-12
4748,2537.054066,21947.81897,1232.06403,520.0617675,8148.5408,79.49193508,33.40944882,806.8242431,1019.049377,2255.628301,1026,39605.89,1.49E-10,0.052938476,-4.97E-12
4749,2456.849714,20866.68585,530.2999935,276.3454427,7935.414431,77.81061318,2.626097289,777.8323018,981.7671709,2396.26656,1026,37327.86,1.82E-10,0.03817259,5.92E-12
4750,2401.142715,17153.52723,73.54250916,74.13647829,7944.359991,78.32682465,0.020783165,726.891219,939.6189971,2449.698542,1026,32867.24,1.50E-10,0.025287438,-3.43E-12
4751,2480.708114,13898.84939,71.08157673,68.44605988,8039.355904,80.07680602,0.021878272,674.2977908,963.5911669,2238.844542,976,29491.24,1.50E-10,0.03322967,-2.87E-12
4752,2453.479581,13097.94142,64.44294862,62.03394942,7891.9807,76.89103538,0.019344646,577.0197036,893.0556182,2184.951492,976,28277.78,1.59E-10,0.035788966,3.81E-12
4753,2400.516651,12891.47416,64.35932018,60.60550287,7720.334438,75.4028646,1.183064621,347.6895116,690.0493513,2156.983875,976,27384.56,1.72E-10,0.038740706,1.37E-12
4754,2384.181389,12462.70645,65.34515281,60.07232604,7655.046083,75.83650449,0.078060994,463.7677309,775.4169349,2171.189381,975,27088.59,1.63E-10,0.050012054,2.13E-12
4755,2384.681841,12706.15975,65.51246763,59.27241884,7674.796876,75.56758964,1.110042436,371.7883237,746.3644005,2036.06505,976,27097.27,2.69E-10,0.048762599,2.96E-12
4756,2436.697324,12924.22225,70.7930707,79.83772776,7954.887198,77.23523037,66.60488641,436.9005297,757.7276759,2116.190846,1025,27946.06,2.02E-10,0.036743581,5.33E-12
4757,2576.976745,16144.34714,101.3569302,113.8866632,8514.733731,81.33172935,631.4270493,517.3955817,759.1683486,2331.844966,1026,32798.44,1.19E-10,0.028889142,-2.64E-12
4758,2489.163004,20817.87414,287.7630137,331.7652413,8178.107426,77.50597932,1682.372478,457.2334682,657.7536337,2218.12935,1087,38284.63,1.52E-10,0.037739546,1.70E-12
4759,2392.239266,22187.85144,949.4366542,366.1368339,7749.715664,73.90509005,2796.297154,109.9417735,494.964919,2100.672224,1087,40308.12,2.31E-10,0.041018478,-9.29E-12
4760,2271.376788,20992.30008,1031.566224,485.9122983,7287.972905,71.55317985,3979.009733,289.2067917,545.4170612,1991.809041,1088,40034.08,3.92E-10,0.044098954,-2.90E-12
4761,2207.143525,20273.5182,982.6475682,345.0868857,7044.022564,68.9020744,4840.039051,263.6627195,562.3926167,1924.657,1088,39600.03,6.71E-10,0.042207936,-2.86E-12
4762,2238.051987,20240.35706,1125.54818,513.5923945,7038.383975,70.15177159,5067.667905,253.599936,601.3194546,1932.406574,1027,40108.04,6.33E-10,0.039236159,4.68E-12
4763,2262.641747,20140.10333,1386.148024,508.0320144,7054.207598,58.39791137,5067.547509,147.4575366,669.0013817,2042.249953,757,40092.75,5.36E-10,0.037006755,1.52E-11
4764,2238.709453,20023.72834,1313.923503,268.7026057,6964.897269,37.59337536,4995.869019,148.0738654,686.763784,1988.536166,967,39633.76,9.77E-10,0.03738214,-1.27E-11
4765,2251.839088,19846.9242,1271.009013,264.0746687,7012.714373,62.08479615,5303.418698,220.1846176,706.3453433,1999.870427,606,39544.43,8.08E-10,0.035225842,4.72E-12
4766,2239.245544,20328.91142,1284.895175,273.2829763,7058.848457,68.49014191,4534.853375,261.9014708,750.3245635,2156.650705,991,39948.37,4.78E-10,0.033832441,-7.76E-12
4767,2330.413952,21501.20824,1483.020089,613.9511646,7411.18495,66.99527399,3804.602228,337.2810193,795.4440795,2214.857149,915,41473.92,3.36E-10,0.038146579,8.34E-12
4768,2361.335817,21980.54612,1541.076016,1680.355434,7599.996322,66.01157732,2922.294237,370.557794,807.3897569,2255.169911,965,42549.7,2.71E-10,0.032988671,2.40E-12
4769,2406.432188,22526.42285,1535.31841,1595.467299,7795.955527,68.39056544,1994.462041,447.1787419,785.0273374,2290.237482,934,42378.86,2.36E-10,0.03244209,-1.33E-11
4770,2420.469493,22907.09386,1278.058345,1303.409243,7982.231082,70.85065829,1020.098405,523.5707919,742.5574245,2361.395927,1086,41695.7,1.84E-10,0.035226303,-2.22E-12
4771,2506.841826,23536.58412,1090.801487,462.3318973,8188.573444,70.68372168,281.4018812,562.6331697,719.7692,2461.433761,1026,40907.02,1.43E-10,0.034511781,-1.18E-11
4772,2560.927911,23416.5295,649.9154796,500.7285162,8276.972531,53.04806243,25.83010618,510.8843845,690.5296163,2431.301743,874,39990.63,1.59E-10,0.037853594,2.44E-12
4773,2507.351399,21724.68332,324.9873032,281.3027566,8072.137486,71.82057125,0.557776502,456.5772211,624.7244477,2447.094052,1025,37536.2,1.60E-10,0.036328023,7.85E-13
4774,2509.73254,17601.19557,351.7452875,73.3282152,8135.356651,73.01185868,0.022511866,429.9657804,604.278611,2409.722061,962,33150.33,1.31E-10,0.029091377,2.36E-12
4775,2488.73462,14671.15336,283.7928494,67.20190592,8045.574598,72.40017159,0.021196875,419.7209118,587.2892672,2319.39962,962,29917.25,1.57E-10,0.038501606,-3.34E-12
4776,2390.693872,13712.40435,64.07664292,62.47576247,7906.09747,71.27256374,0.018913698,418.5588282,545.7455836,2295.846431,962,28429.15,1.55E-10,0.04041226,-8.47E-14
4777,2420.623358,12892.09069,66.21528135,62.09837552,7882.382251,71.08111724,1.185302964,390.232195,502.6385034,2293.873698,961,27543.38,1.55E-10,0.040777781,-5.01E-12
4778,2408.090237,12735.2704,66.30933285,61.04226321,7742.043175,69.88802854,0.06592019,363.8712145,460.3988081,2292.17251,959,27158.1,1.54E-10,0.051886866,-1.70E-12
4779,2419.167002,12878.18956,66.43257356,60.18109239,7748.980284,70.59685158,1.115824071,328.8012192,440.5255887,2163.526845,957,27134.46,2.32E-10,0.056841879,1.14E-12
4780,2404.739894,13473.70638,70.86557399,62.55694112,7964.860581,71.95888909,83.15769996,334.1174338,491.4877447,2350.652932,652,27960.06,1.81E-10,0.044066453,-2.73E-12
4781,2565.589836,16195.17372,82.89133693,83.8116235,8408.552619,74.27372874,739.8812657,386.8667909,539.9680858,2464.930618,1022,32563.9,1.38E-10,0.039621183,5.64E-12
4782,2515.158422,20329.14281,414.5651014,405.4482603,8249.896506,72.69149488,1780.002457,265.3624377,491.5651967,2400.731271,1087,38011.52,1.59E-10,0.043954482,3.16E-13
4783,2406.66074,20990.88903,1055.031903,684.3875411,7706.341165,67.98803402,2887.669597,284.7114944,505.0037579,2302.14673,1087,39977.78,2.29E-10,0.04998614,3.33E-12
4784,2238.659639,19618.45846,1030.191127,1080.310974,6997.996451,64.30783825,4493.262974,237.1280507,554.0372478,2182.007166,1088,39584.31,4.21E-10,0.049926035,8.48E-12
4785,2121.297665,18649.33617,1004.120259,430.0140599,6631.066875,61.71615199,5779.992973,202.8221461,674.7919183,2122.171839,1088,38765.28,7.13E-10,0.050058114,-2.88E-12
4786,1791.098963,18270.94561,992.0278085,267.1413111,6479.766888,60.50411515,6563.4385,203.4981796,827.5628996,2039.051578,1027,38521.99,5.46E-09,0.04585615,-6.73E-12
4787,1582,17899,944.0000005,391.0000005,6556,59.00000082,6950,241.0000005,944.0000004,2037.62906,1027,38630.58029,5.70E-09,0.048778466,-1.90E-12
4788,1558,17535,990,218,6561,59.00000001,6880,354,1100,2019,1026,38299.95103,0.000828296,0.0481383,9.69E-13
4789,1607.675094,17387.0771,964.5874367,211.7684002,6642.35959,59.751548,6485.64956,431.8138367,1181.857861,2024.925758,1026,38023.42,3.13E-08,0.046187743,2.55E-12
4790,1631.444009,17447.71701,949.1419187,239.3502399,6687.19369,60.12812173,6393.382265,620.8509551,1347.105718,2026.722273,1026,38428.99,2.23E-08,0.046202629,-6.11E-12
4791,1901.131991,19003.5095,996.6191398,392.5592068,6899.851822,63.03845852,5207.487126,715.6713598,1561.774982,2156.392928,1086,39983.99,5.06E-10,0.046517319,6.13E-13
4792,2297.818407,20090.09162,1061.033368,742.4057723,7211.857127,44.83492938,3967.46884,788.0980615,1609.714545,2193.389384,1087,41093.67,3.79E-10,0.042054885,-6.52E-12
4793,2415.458654,20851.55497,1057.776695,884.8841375,7690.876438,62.52376279,2609.455742,824.8684064,1631.044606,2280.027445,1086,41394.43,2.47E-10,0.040855774,5.57E-12
4794,2499.599571,21493.13868,1046.87416,966.9376398,8087.887711,71.14541705,1355.366459,806.3479252,1520.745173,2402.200942,1086,41336.2,1.64E-10,0.043678647,-2.66E-12
4795,2536.901032,21610.14457,1108.098408,527.7991984,8263.947403,55.13791675,350.4106715,834.7919325,1458.362665,2488.864944,1026,40260.42,1.34E-10,0.038737151,-5.65E-12
4796,2565.628065,21472.47286,734.5912007,525.3870482,8321.645731,32.74212874,27.38068055,832.5180024,1400.389861,2442.554465,1025,39380.27,1.55E-10,0.040046193,-6.95E-12
4797,2465.285383,20285.01703,361.6261478,379.8721531,8182.673108,32.28631336,2.587213506,705.7849668,1351.503886,2371.513877,1000,37138.11,1.72E-10,0.040075432,5.99E-12
4798,2428.205273,16561.88889,294.8000351,73.00657594,7926.34235,58.19017618,0.022131168,649.3583465,1340.398561,2372.890405,960,32665.06,1.34E-10,0.042741362,3.12E-12
4799,2406.343956,13580.57694,287.1520705,65.13694502,7862.096776,66.97297499,0.021163092,576.7025492,1341.663097,2297.847553,960,29444.47,1.55E-10,0.044021587,-3.60E-12
4800,2367.47851,12601.45192,64.17202289,60.49392873,7888.778532,70.96729694,0.019025909,539.7422344,1315.706552,2244.023639,960,28112.79,1.67E-10,0.043662589,2.58E-12
4801,2409.086525,11863.7843,64.0384023,58.99472749,7752.005571,68.26261958,2.195789245,453.9361954,1350.366674,2251.525983,960,27234.15,1.63E-10,0.046785477,-2.16E-12
4802,2405.674235,11710.54455,65.77347357,58.79089255,7642.769358,69.11056282,0.063990904,387.578556,1231.812268,2176.502542,959,26707.57,2.05E-10,0.050428066,4.62E-12
4803,2406.822898,11936.17273,65.75794307,57.95014648,7636.335149,67.73976949,2.143466327,326.0638551,1279.564002,2065.254078,954,26797.75,2.55E-10,0.054036344,1.58E-12
4804,2473.929872,12485.50527,71.42667508,60.48800571,8090.556686,71.89541014,69.89820879,306.9027662,1266.945945,2309.188132,373,27579.69,1.75E-10,0.046967791,5.32E-12
4805,2584.552776,14997.37689,222.9381702,70.73862045,8681.272203,73.72582398,669.9343985,391.8178678,1256.158337,2466.763785,526,31941.24,1.38E-10,0.038867325,-1.77E-12
4806,2473.525164,19027.00766,499.6942126,336.3661903,8206.884075,70.49680454,1660.239653,381.9022486,1251.012586,2393.496456,1079,37379.58,1.62E-10,0.045052107,-4.40E-12
4807,2403.517199,20047.58206,774.3680666,526.619296,7883.629875,67.43440068,2553.550957,326.0893226,1442.73454,2290.023714,1087,39402.5,2.39E-10,0.049430012,2.46E-12
4808,2343.693671,19334.50057,983.7387917,568.4366354,7425.19156,65.20054865,3842.989621,233.6800602,1436.447637,2197.520049,1087,39518.35,3.81E-10,0.04914775,9.88E-14
4809,2273.724072,18963.20053,1060.362832,374.022241,7100.834856,63.44327388,4567.780666,226.8565654,1356.266501,2165.434714,1087,39238.88,4.75E-10,0.046251494,-7.32E-12
4810,2188.019335,18220.02778,1049.84987,452.5907805,6910.775399,62.01443148,5290.364171,222.3087125,1310.725217,2063.548144,1026,38796.18,1.90E-09,0.043842839,-3.27E-12
4811,2194.98191,17998.40795,1085.054153,457.1457108,6957.375558,61.69309241,5337.259109,295.0206743,1189.95702,2091.358612,1026,38694.21,1.01E-09,0.04379019,-4.75E-13
4812,2214.631789,17479.84762,913.939143,514.0838451,7208.280382,60.97588299,5155.008373,392.2902391,1237.05159,2082.555941,1026,38284.62,1.16E-09,0.044803914,4.33E-12
4813,2262.293464,17794.69116,760.7472424,575.951171,7386.743633,61.55882293,4600.620758,475.5065559,1264.974542,2112.685151,1026,38321.73,7.24E-10,0.042495746,7.18E-13
4814,2250.088906,18661.64153,815.6446186,299.838987,7542.102331,64.9541211,3906.108326,638.3840917,1255.521973,2156.906206,1026,38617.15,4.89E-10,0.041090393,7.65E-13
4815,2324.530267,19526.68845,1271.665218,458.0128073,7791.436964,56.67063182,3277.005372,768.4225414,1256.346078,2217.566443,1086,40034.3,3.34E-10,0.044773277,6.37E-12
4816,2409.887625,20922.00895,1434.353166,937.4963007,8023.809671,28.34942761,2283.114243,770.6610076,1174.037224,2266.912029,1087,41337.59,2.58E-10,0.039646587,-1.04E-11
4817,2470.846086,21495.75389,1465.385878,846.2386381,8167.64123,31.530576,1420.666105,768.2727578,1044.934899,2332.600277,1086,41129.83,2.04E-10,0.040335484,-2.06E-12
4818,2499.727166,21600.0242,1439.80545,519.5200581,8306.520299,32.7342397,722.3470913,740.3917202,987.180831,2389.454268,1086,40323.66,1.71E-10,0.045318905,-2.41E-12
4819,2580.590077,21099.22641,1218.320694,539.4566343,8405.196031,31.43085702,175.8745497,681.6818939,889.0913783,2473.619233,1026,39120.45,1.40E-10,0.037758785,-4.87E-12
4820,2612.475554,21378.77391,631.446368,302.8651732,8366.75793,31.36854924,17.06808993,685.4515023,719.6055161,2472.014493,1025,38242.79,1.45E-10,0.037089844,1.82E-12
4821,2506.722237,20432.16849,73.37481309,288.3260362,8166.162892,31.06407822,2.536050302,550.1138926,670.1531602,2457.635868,1025,36203.22,1.58E-10,0.03752209,6.00E-12
4822,1781.477497,17710.11679,35.97029232,77.25487096,8239.282903,32.30790725,0.021668851,440.0532096,656.5539515,2350.478736,963,32286.49,1.43E-10,0.027823334,-7.17E-12
4823,1291.757378,15236.21868,35.59607833,92.43638508,8511.173198,33.36279315,0.022842382,303.9579561,615.0991598,2220.473642,910,29250.08,1.49E-10,0.018112008,-2.84E-13
4824,1284.3547,14021.87054,41.37431287,29.30965186,8510.555393,33.38540853,0.022271895,245.3506115,566.0572511,2227.997547,909,27869.26,1.36E-10,0.017692543,-2.75E-12
4825,1226.769572,13417.32035,63.69238505,27.92082642,8327.536248,31.49859101,0.210456741,204.6430224,507.7021929,2167.28753,909,26883.56,1.57E-10,0.021179617,-8.74E-12
4826,1214.005615,12952.53879,67.54040744,27.66071457,8241.39929,31.25808175,0.037278417,189.7161138,493.203082,2167.134286,909,26293.47,1.55E-10,0.023655936,1.29E-12
4827,1214.599589,12951.42752,67.18855938,26.52999225,8044.07219,30.64751515,0.163249807,207.8496565,460.9177388,2095.327428,909,26007.7,1.87E-10,0.023442942,1.71E-13
4828,1197.640072,12834.07995,66.71100729,26.69526868,7978.238111,29.50625935,37.93730914,205.513275,442.1355199,2073.11468,909,25800.55,2.11E-10,0.021447365,-1.07E-12
4829,1238.311085,13425.97352,100.6829423,32.00952463,8334.310245,30.92128292,484.5100704,297.6480716,472.178944,2252.853859,973,27642.38,1.83E-10,0.019542455,2.84E-12
4830,1232.336309,15130.3409,141.2928596,148.4587073,8342.868905,30.35439719,1487.459781,320.5786872,488.29314,2031.222978,1086,30439.19,1.96E-10,0.016665446,5.49E-12
4831,1173.936431,16800.85174,379.1132015,383.7134965,8056.23485,27.56860083,2455.854743,236.8955087,484.5961283,1964.595839,1086,33049.34,2.67E-10,0.020541388,7.13E-12
4832,1075.68264,16346.44097,536.4283469,820.8904429,7637.218421,24.09359114,3884.276629,173.6902142,501.5349436,1863.287492,1086,33949.52,4.80E-10,0.023687198,-3.25E-13
4833,1010.584526,15586.80498,274.6526213,1065.92922,7372.352235,22.11438617,4657.990727,151.0585676,608.1617643,1854.768284,1086,33690.39,5.14E-10,0.027311293,-4.18E-12
4834,995.9030409,15332.25636,268.4326394,335.4441499,7270.910101,21.13292192,5160.239011,151.2686779,747.1546272,1735.452515,1026,33044.17,6.14E-09,0.024046173,5.04E-12
4835,972.0869158,14653.55388,257.5643443,255.209848,7180.803444,20.13495786,5485.659352,146.6556989,882.0936898,1734.291602,1026,32614.03,6.45E-09,0.023730568,6.60E-12
4836,966.0000001,14071,257.0000002,227.0000002,7021,20.00000026,5450,144.0000002,1014,1717,1026,31912.97997,0.000858843,0.019175164,-4.66E-12
4837,968.2546067,13330.39092,257.8159072,250.4261138,6958.12684,20.07209262,5524.026126,161.4185756,1165.810949,1718,974,31328.32,0.001300997,0.020827536,7.27E-12
4838,1021.169392,13924.95194,274.067906,225.1111949,7207.043272,21.67609175,4446.386785,177.3211829,1304.744971,2006.615972,1024,31633.07,2.46E-09,0.018708378,3.82E-14
4839,1077.398951,14955.7193,300.8264154,240.0558652,7604.732015,23.35743722,3869.788581,209.9046153,1573.939124,2123.035333,1086,33064.74,7.04E-10,0.017642227,-4.79E-12
4840,1130.862947,16804.41795,450.2180885,449.0126059,7867.038539,24.93229773,3015.110545,249.484969,1701.349288,2200.048549,1086,34978.46,3.75E-10,0.015783116,8.67E-12
4841,1189.322888,17564.84195,650.4819039,767.221037,8095.604333,27.4897571,2000.242665,283.9972758,1682.063284,2260.339264,1086,35607.59,2.84E-10,0.014353604,1.37E-12
4842,1229.936359,17965.18676,662.8464855,756.0516218,8274.700637,28.91275941,1035.422858,308.4034659,1624.36339,2350.052161,1086,35321.86,2.02E-10,0.016498693,1.19E-12
4843,1261.07542,18095.13531,676.1680776,504.5918004,8477.514859,29.53091717,230.0422484,326.3436585,1586.887134,2452.38554,1024,34663.66,1.54E-10,0.014963114,-8.76E-13
4844,1262.929354,18278.31175,622.1181988,375.8477478,8354.669035,29.41234938,191.4077434,336.1230409,1616.764388,2403.762312,1024,34495.33,1.75E-10,0.015917922,-6.69E-12
4845,1376.133303,17643.39706,486.0412542,462.3525945,8324.024062,29.75532944,6.622680602,335.058732,1608.800341,2301.621436,975,33548.79,1.81E-10,0.016794987,-2.74E-12
4846,1712.693649,14951.65827,22.40322409,79.69558908,8391.909224,30.43187414,0.020022791,330.6894076,1805.074566,2120.663354,876,30321.22,1.64E-10,0.019180754,3.45E-13
4847,1859.388395,11959.39683,18.18248731,82.93495657,8436.706436,30.20039434,0.018959841,338.671883,1913.688862,2053.189158,876,27568.34,1.93E-10,0.038363107,4.14E-12
4848,1908.519568,10231.46853,11.1113316,46.21180317,8600.848162,31.70393596,0.021164441,387.6899478,2032.82427,2006.555811,826,26082.92,1.61E-10,0.034527747,-5.68E-12
4849,1854.527037,9555.130914,9.955919771,44.98916488,8388.111533,30.08332642,1.218411403,365.4191639,2090.387513,1959.403774,826,25125.19,1.82E-10,0.036756617,1.35E-12
4850,1839.534089,9001.870593,7.99657079,43.55398189,8138.569035,28.08380611,0.029078439,422.735018,2141.498891,1939.311749,825,24388.14,1.92E-10,0.0428127,-2.88E-12
4851,1771.428158,8924.23104,7.070826483,42.15190879,8014.948392,27.0456634,1.113233876,436.5092972,2087.42446,1879.674368,825,24016.55,2.30E-10,0.047348625,-3.54E-12
4852,1756.497022,8533.77602,6.836754312,42.0138364,7921.248818,26.07588972,41.01318668,403.1963085,2065.407314,1873.083639,825,23494.1,2.45E-10,0.048788334,-1.14E-12
4853,1767.287432,8701.869718,9.472982714,44.11641404,7893.456521,25.91395434,463.9887198,466.8608068,2059.597873,2045.766321,924,24402.28,2.93E-10,0.050741634,-6.83E-12
4854,1765.299612,9673.451139,27.19249852,58.43635992,7997.363393,26.57628149,1330.514948,413.9245684,2098.805716,2042.042441,926,26359.56,2.96E-10,0.046957667,-6.78E-12
4855,1285.15768,11285.98094,51.56913458,246.5152715,7903.219529,25.54460246,2326.546157,361.8632263,2214.946479,2097.487457,975,28773.79,3.71E-10,0.040478572,-1.55E-12
4856,1085.849807,12109.12382,32.71053313,476.6213103,7613.856227,23.18449701,3545.942644,320.3794889,2195.619693,2131.323258,1026,30560.57,6.62E-10,0.041275184,-3.22E-12
4857,974.2736645,12047.40387,8.938562001,346.9412787,7314.128016,21.02668006,4642.474411,252.7125539,2210.49341,2086.558285,1027,30931.91,1.24E-09,0.040735843,9.59E-13
4858,950,11891,1.70E-09,277,7170,20,5845,218,2231,2023,1025,31649.9626,0.001061828,0.036333322,5.94E-12
4859,933,12010,8.00E-10,226,7166,20,6500,228,2386,2023,1025,32516.95653,0.000733782,0.042733664,5.32E-14
4860,931,11316,5.18E-10,218,7172,20,6695,257,2591,2024,1025,32248.95362,0.002906163,0.043477076,-1.57E-12
4861,928,10477,7.27E-10,241,7246,20,6304,320,2556,2024,1024,31139.9524,0.001760557,0.045834615,2.98E-12
4862,930,10692,1.54E-09,250,7242,20,5715,328,2576,2024,1025,30801.95627,0.000804318,0.042929439,-6.89E-12
4863,981.3666613,12422.43203,34.17527379,283.1518348,7452.227005,21.57194827,4823.609697,355.7151825,2474.706626,2065.214344,1086,32000.13,2.18E-09,0.040601988,1.42E-12
4864,1068.863494,14868.79124,210.43111,548.1944536,7767.583533,23.63239549,3753.838426,399.7408241,2316.159024,2158.202608,1086,34201.4,5.29E-10,0.03710667,2.50E-12
4865,1175.724158,16716.91097,582.2217172,678.4128958,8162.371026,26.73088761,2427.641347,457.1492432,2123.000109,2266.672728,1086,35702.8,2.82E-10,0.03508376,2.03E-13
4866,1314.69934,17976.61187,695.8365374,1007.092855,8493.729508,29.17833747,1197.262875,432.5859608,1873.41956,2376.80205,1044,36441.18,1.89E-10,0.038891952,-7.88E-12
4867,1423.975204,18600.2509,611.0645249,1287.175973,8716.454277,29.66259787,287.0024802,416.9260151,1628.891298,2465.512464,983,36449.88,1.51E-10,0.03573163,-5.30E-12
4868,1584.966517,18473.20086,669.9872895,1206.339697,8770.991886,29.24397866,219.171693,425.228726,1384.198409,2427.254126,983,36173.54,1.67E-10,0.043186213,-3.63E-12
4869,1681.594987,18355.19516,551.8472253,605.3370003,8795.924937,29.88167268,2.65256329,470.2735,1404.900184,2257.559921,925,35080.13,1.56E-10,0.037152166,1.25E-12
4870,1887.403901,15196.0973,226.4304851,154.6729888,8763.801621,30.72116178,0.022570867,568.87965,1508.017493,2098.784506,826,31260.79,1.34E-10,0.041681439,-7.49E-12
4871,1943.630615,12443.65343,68.56599252,105.0116322,8764.564958,31.05313395,0.022511475,579.233785,1547.999419,2084.826959,825,28393.52,1.34E-10,0.042439191,2.82E-12
4872,1920.326231,11256.35855,57.99024965,103.3333227,8678.988654,30.63369575,0.020973759,535.5811497,1481.20873,2158.812582,825,27048.21,1.40E-10,0.044136617,2.13E-12
4873,1871.329966,10786.7021,56.61796005,100.750737,8448.952167,28.94857821,0.176153115,472.2310223,1404.994676,2122.613978,825,26118.27,1.52E-10,0.047338156,7.90E-13
4874,1859.405759,10475.84205,56.21333606,100.3673124,8384.888759,28.54205474,0.016782033,523.661372,1457.648724,1988.486743,825,25700.02,1.64E-10,0.052893994,-4.30E-12
4875,1925.167484,11070.3951,59.11994462,103.4040258,8712.683889,31.10454819,0.172833435,573.2712041,1598.022678,1712.181366,106,25891.48,1.76E-10,0.04307519,-4.05E-12
4876,1892.84546,10924.88382,57.63574287,99.21649759,8418.777071,28.6597971,46.65292501,573.8282071,1725.615191,2089.422483,858,26715.5,2.31E-10,0.03719594,-5.10E-13
4877,2249.852021,13502.27013,69.90800042,129.2265003,9007.985491,33.13082456,596.8335431,539.875367,1793.929316,2470.111709,1022,31415.09,1.44E-10,0.032906221,-2.13E-12
4878,2552.931554,17682.86286,103.68363,334.7235854,8983.183545,32.64987987,1610.350839,296.1035964,1458.005657,2472.719977,1086,36613.18,1.41E-10,0.03512499,-8.38E-12
4879,2490.585535,19420.02786,121.4771087,579.0587608,8319.23464,27.89979834,2800.115592,325.3709914,2002.802539,2296.909068,1086,39469.44,2.37E-10,0.041889354,-4.48E-12
4880,2368.584393,19220.10027,94.46661574,687.3169883,7890.766374,24.5563451,3897.445065,276.3662588,2450.739999,2177.979809,1086,40174.28,4.46E-10,0.04211763,1.36E-12
4881,2315.99798,18000.20198,66.08735618,479.6195531,7552.279219,22.15851349,5027.918813,212.5736537,2701.680953,2114.344191,1086,39578.82,7.98E-10,0.042210008,9.42E-12
4882,2235.108104,17310.26585,53.24355651,492.3518399,7350.981388,20.67918314,5897.423652,197.047377,2632.373001,2044.653893,1026,39260.09,3.85E-09,0.037847289,-1.56E-12
4883,2153.993783,17038.73166,47.65036228,541.5088259,7280.414102,20.05731966,6132.847174,207.3326889,2589.02525,2021.597605,1025,39058.12,7.96E-08,0.038769068,-6.86E-12
4884,2143.940565,17030.05109,50.29871387,550.635233,7320.753358,23.34427788,6177.893495,322.3702818,2445.055588,2029.294311,863,38956.6,1.80E-08,0.036917268,-7.20E-12
4885,2160.00962,17263.43271,59.50530724,327.8566219,7419.806384,24.08485688,5685.639044,519.7156714,2339.288377,2052.835807,1024,38876.14,2.74E-09,0.034395464,1.90E-12
4886,2148.569228,17648.31211,71.3115528,309.9594838,7601.436918,25.30380224,5462.080486,805.4592262,2349.684082,2107.224756,1025,39554.31,8.79E-10,0.031647095,7.91E-12
4887,2133.427973,18474.09113,95.86222139,495.5692538,7833.010162,26.85473202,4691.953359,1172.675955,2383.430551,2182.759587,1086,40575.6,4.41E-10,0.034929866,-1.25E-11
4888,2282.759928,18917.96314,125.7265218,1424.040891,8092.388628,28.20903637,3684.617534,1502.894943,2514.179502,2246.151157,1086,41904.9,3.03E-10,0.031283981,5.91E-12
4889,2388.425781,20010.33663,160.2425107,1131.591897,8436.71733,30.68993608,2564.392698,1698.188639,2547.397893,2339.109457,936,42243.06,2.14E-10,0.032771156,-6.68E-12
4890,2486.210737,20945.04061,184.4323062,906.6620656,8754.310894,32.8339412,1256.689546,1737.626521,2375.607279,2461.556709,935,42075.94,1.52E-10,0.030603621,-9.12E-12
4891,2615.781152,21478.71159,212.4454516,699.152781,9107.252437,33.80318252,270.5734321,1789.073722,2182.243372,2074.277268,749,41212.29,1.20E-10,0.024383804,-5.83E-12
4892,2573.075523,21115.37913,160.325127,564.7852639,8927.687235,31.96105198,26.60066425,1783.330251,1915.007402,2431.0745,749,40278.19,1.66E-10,0.036152302,-5.94E-12
4893,2439.883366,19238.8163,98.77323023,579.1756943,8736.357833,31.40732693,0.570732376,1626.370914,1598.114935,2405.950203,1022,37777.38,1.80E-10,0.040533848,-8.57E-12
4894,2146.145673,15461.09711,74.71969319,205.6397417,8734.219351,32.46916116,0.021919355,1723.084772,1354.467126,2483.15491,1015,33229.98,1.41E-10,0.03945389,-3.66E-12
4895,2310.451895,12198.09112,70.25768827,132.4174525,8830.054171,33.41389027,0.023141979,1662.41307,1429.104714,2467.063864,1015,30148.25,1.43E-10,0.04100935,-2.56E-12
4896,2340.559753,11092.52306,58.313077,127.7280575,8614.038223,32.25255159,0.019812744,1385.304071,1449.953899,2439.747459,1015,28555.4,1.50E-10,0.039959141,-2.59E-12
4897,2339.8544,10883.92054,57.02082136,124.2126799,8421.172814,30.85781102,1.135188147,1156.625728,1336.522858,2409.38137,1015,27775.66,1.62E-10,0.044212336,-7.29E-12
4898,2363.752039,10853.98338,56.87686468,123.0208096,8399.43844,30.722515,0.016571921,750.7042886,1349.362617,2425.727914,1015,27368.56,1.52E-10,0.045437942,-4.30E-12
4899,2441.127305,11776.88928,60.20673505,124.5132562,8755.857479,33.23087534,1.17377283,571.0464817,1178.528961,2158.001507,324,27424.54,1.60E-10,0.035649911,-1.06E-12
4900,2454.670178,12184.14234,59.74075242,126.9094741,8574.341087,31.99122168,52.78946601,542.6548462,1003.187706,2373.986232,760,28164.38,1.80E-10,0.033308512,-1.01E-12
4901,2711.2748,15244.73013,101.413544,84.65075899,9371.625722,37.30846357,681.9276873,594.1570045,1028.026046,2592.788849,1.50E-10,32447.88,1.15E-10,0.02300692,-1.56E-12
4902,2596.277951,19067.70032,132.0208037,426.365681,8599.111803,31.85686926,1731.752781,469.1342225,892.7423086,2368.464918,984,37299.39,1.88E-10,0.037653835,-3.50E-12
4903,2530.457076,21061.62043,164.4892495,705.7641492,8367.757392,30.43244658,2676.379397,377.0980377,938.9302876,2313.258244,785,39951.15,2.27E-10,0.036705023,-3.46E-12
4904,2414.292381,20664.19987,135.8006553,823.4598036,7903.589434,27.21675565,4227.14499,292.3271779,948.4316188,2197.186218,565,40198.61,3.97E-10,0.038904111,3.36E-12
4905,2371.303827,20082.22861,102.1672826,539.6520094,7650.69226,25.42283111,5244.004757,222.0522277,952.2481298,2132.39334,299,39621.13,6.66E-10,0.035274588,4.11E-12
4906,2280.716595,19599.68263,83.39708148,413.7500591,7498.433203,24.29942594,6000.652692,239.339066,1052.211852,2075.890395,1,39269.34,1.50E-09,0.032997588,-1.80E-13
4907,2180.896567,19515.5175,61.52804501,501.0169175,7422.358052,23.67255341,6314.807265,233.0996959,1131.381819,1915.727413,1.02E-10,39035.35,1.61E-09,264.6558288,2.16E-12
4908,2195.864582,19702.46674,58.18223756,292.0027075,7492.140073,23.80399183,6220.557859,212.6668127,1144.723148,1747.75306,9.59E-11,38676.81,2.58E-09,413.3512125,-3.30E-12
4909,2200.740769,19792.25787,61.30589833,278.3659736,7584.506045,24.11564863,5686.716637,277.2646133,1316.618423,1811.128877,1.04E-10,38615.59,1.76E-09,417.4307549,-5.63E-12
4910,2137.394052,19624.23976,51.2973303,237.2338766,7448.309711,23.37092043,5161.334236,302.5713622,1443.946292,2032.699904,527,38989.36,1.18E-08,0.03744239,-4.66E-12
4911,2203.384081,20340.676,116.6429446,317.1215295,7891.027018,25.96066118,4550.501894,411.5685768,1564.181729,2143.852614,956,40520.88,6.25E-10,0.037053245,9.41E-13
4912,2336.088017,21537.34089,162.6129509,708.160688,8206.270862,27.52661527,3459.08056,521.8831123,1583.628091,2212.781596,959,41714.34,3.74E-10,0.033379363,-7.14E-12
4913,2427.694651,22430.91761,171.4774526,893.2357225,8530.860002,29.69553715,2386.786664,558.3051795,1649.512805,2306.447191,781,42165.9,2.47E-10,0.032810585,1.18E-11
4914,2621.306883,23020.55972,173.4862533,644.2314255,8799.335898,31.22642193,1219.796018,652.1637596,1527.642837,2217.616163,832,41739.33,1.61E-10,0.035381108,-3.92E-12
4915,2722.189042,22948.34182,187.669408,603.1827397,8983.827607,32.25583747,298.5766492,690.3577861,1306.053858,2247.130073,822,40841.55,1.46E-10,0.034821009,-5.31E-12
4916,2700.813265,23028.52308,155.7263783,515.9867563,9014.723677,31.52268996,24.70361529,518.0705228,1145.234336,2253.844171,922,40311.11,1.56E-10,0.038487923,9.33E-12
4917,2620.730932,20988.17736,93.150334,374.6621428,8923.073954,31.10806861,4.541964175,646.242005,1055.804318,2412.791661,1023,38173.24,1.77E-10,0.042743216,1.63E-11
4918,2631.680769,16912.82907,69.06535072,125.6748689,9055.453603,32.91276046,0.022794784,598.860851,1033.158932,2367.251845,961,33787.87,1.48E-10,0.040841481,1.51E-12
4919,2646.337196,13620.03364,64.55068407,87.68606956,9102.072326,33.509534,0.023307682,497.9026294,1071.34658,2317.626674,935,30376.05,1.52E-10,0.03864182,-2.99E-12
4920,2595.268652,12176.28233,53.75111674,82.25942179,8819.69632,32.04065589,0.018963811,347.1705679,1081.336054,2283.79038,935,28406.57,1.64E-10,0.04446072,-1.94E-13
4921,2560.390179,11444.63208,53.5085402,81.22904113,8714.62052,31.2489297,0.120528522,323.3580876,1034.890891,2265.405583,935,27444.36,1.71E-10,0.044382304,-2.90E-12
4922,2509.112179,11047.42071,53.39062162,80.99732254,8687.223852,31.13058833,0.016817426,285.0212607,1079.537738,2324.605329,949,27047.41,1.56E-10,0.046421913,3.85E-12
4923,2589.111924,11749.57667,56.25621442,84.88657384,9190.313917,34.26598326,0.168294808,339.8461451,1184.507553,1694.712152,124,27047.61,1.47E-10,0.035431156,3.60E-12
4924,2575.452496,12186.72208,58.13583657,86.1683635,9250.677934,34.61384423,62.67695681,399.3448718,1261.883249,1898.371536,1.24E-10,27710.25,1.45E-10,103.7971636,-1.56E-12
4925,2667.082725,15194.55664,195.817994,92.82990016,9526.325437,36.19381208,737.956954,473.0158022,1407.461191,1616.262138,1.18E-10,31844.59,1.26E-10,102.912597,-4.72E-12
4926,2450.967227,18247.52571,298.4911455,433.741071,8567.784917,30.23027204,1790.733767,352.4181542,1287.826359,2274.718906,982,36716.39,2.66E-10,0.047527414,-7.88E-12
4927,2420.81515,19629.23569,326.897148,533.1771086,8520.098025,30.12448662,3061.937896,349.7125163,1284.178784,2271.141206,680,39107.27,2.74E-10,0.048007273,-6.00E-12
4928,2282.709439,19283.31055,299.5299008,656.6846305,8105.405852,27.38920982,4663.649082,271.2711155,1318.527053,2178.041861,209,39295.47,4.57E-10,0.04868845,-5.33E-12
4929,2215.028025,18192.81539,58.76145832,444.5812996,7691.815714,25.04200592,5613.244278,240.5699528,1474.202189,2083.60057,211,38250.61,1.28E-09,0.050885303,5.25E-12
4930,2152,17201,47,287,7517,24,6630,242,1742,2019,265,38125.94864,0.0025538,0.048807419,-3.58E-12
4931,2124,16849,47,300,7516,24,7515,200,1879,2019,262,38722.74889,0.003834744,12.24727269,5.76E-13
4932,2102,16494,47,257,7508,24,7835,191,1887,2020,108,38454.10898,0.004799211,18.88622487,-1.88E-13
4933,2092,16486,47,251,7512,24,7244,168,1846,2020,1,37673.67167,0.003815161,17.32451759,8.21E-12
4934,2084,16904,47,291,7522,24,6800,186,1866,2021,876,38620.95086,0.005071941,0.044068336,-1.17E-13
4935,2156.97291,17522.68126,61.14171428,474.6150267,7674.672836,24.90439841,5729.705431,240.0206074,1846.726068,2074.203311,1085,38890.6,1.79E-09,0.043565294,1.01E-11
4936,2292.839287,19285.91031,103.13246,1148.6709,8102.178473,26.98748953,4372.809282,293.5953887,1852.347061,2191.918242,1086,40756.35,4.53E-10,0.038892474,-6.69E-12
4937,2442.802547,20343.64399,138.0036698,1666.203995,8467.270738,29.07861353,2796.29183,371.8745248,1798.343932,2262.466361,1086,41401.94,3.06E-10,0.040202073,4.80E-12
4938,2576.444891,21155.58715,135.1809827,1494.807989,8754.862029,32.60620251,1360.894462,429.9568967,1664.67822,2372.982305,1086,41063.96,2.01E-10,0.041125048,-4.92E-12
4939,2665.543341,21880.29404,133.2774655,682.4055433,9032.162721,33.1286435,326.9904649,484.7121798,1565.395546,2502.1269,1025,40331,1.41E-10,0.036847486,-5.54E-12
4940,2707.297733,21980.70271,112.25881,588.0646325,9179.357911,32.96611426,18.4370353,499.5164626,1528.207195,2479.818651,901,40027.59,1.52E-10,0.037259191,-4.59E-12
4941,2674.537622,20829.08661,51.0983195,437.9705942,9006.257033,33.085449,2.553911323,445.5002043,1608.911077,2458.241013,1023,38570.2,1.60E-10,0.041830918,-2.73E-12
4942,2487.246608,16496.76211,21.27726896,121.3432109,8929.368453,32.80313066,0.02198065,428.0148259,1750.729207,2402.759339,975,33645.28,1.37E-10,0.046129216,-9.79E-12
4943,2016.366539,13526.98569,16.68316077,92.15142656,9014.0352,33.21972463,0.022155592,430.4306343,1971.667865,2308.944816,925,30335.46,1.31E-10,0.047208843,1.11E-12
4944,1948.657877,12219.15805,6.685830865,77.02410876,8828.131868,32.19290231,0.018780424,357.2677615,2018.504212,2221.729218,925,28634.32,1.59E-10,0.050611963,4.04E-12
4945,1927.448444,11417.18561,6.336510427,75.75621447,8700.148677,32.38680019,1.134106041,319.1703632,2079.181188,2213.982998,925,27697.68,1.62E-10,0.050910044,-6.38E-12
4946,1917.838289,10777.7584,6.238138677,75.53778571,8676.129423,32.30380329,0.016416155,336.3171076,2210.226032,2207.347472,923,27162.66,1.63E-10,0.052872498,-5.81E-13
4947,1954.104279,10911.59168,6.940719628,75.61199501,8805.539882,32.03204489,0.127855362,368.1286427,2413.162077,1964.578296,664,27195.77,2.06E-10,0.047471849,2.72E-12
4948,2071.199494,11776.72224,10.21037445,81.05979613,9356.440431,35.079807,42.06443221,487.6628665,2554.633986,1619.617443,1.08E-10,27927.26,1.31E-10,107.4308706,3.55E-13
4949,2047.988083,14638.5795,18.93710271,268.4610648,9282.428088,34.59346628,684.7380029,522.0000834,2588.716988,1755.596963,9.18E-11,31733.49,1.43E-10,108.5493416,-4.92E-12
4950,1928.039331,17949.33332,36.336987,399.1932712,8809.355591,31.91693915,1561.813475,521.870308,2451.589992,2342.474188,403,36434.88,2.11E-10,0.043404884,-2.45E-12
4951,1842.170883,18926.44636,61.18828467,720.9691096,8509.484366,30.43738121,2692.391846,520.3100196,2669.038007,2282.001585,805,39059.39,2.65E-10,0.047836787,1.33E-11
4952,1745.655843,18184.4338,45.94430306,1016.002109,8208.243288,28.61160114,4468.938867,504.9024768,2906.034221,2218.410654,213,39540.13,3.64E-10,0.047164734,-7.10E-12
4953,1677.080432,17706.2822,24.64027084,496.6544328,7972.208044,27.26331777,5100.13111,543.3876412,3099.333304,2148.543183,7.85E-11,38795.48,5.92E-10,0.043935061,-9.13E-12
4954,1584.073614,16915.76777,6.101404113,453.7380451,7616.990737,25.53662749,6389.540643,580.7404899,3279.642047,2053.794649,8.14E-11,38766.25,3.01E-09,139.676021,3.13E-13
4955,1756.666677,16600.1859,3.92361907,537.5467303,7572.045185,25.27575116,6611.389988,604.3183843,3304.794473,1938.063373,8.02E-11,38682.45,6.84E-09,271.7600851,4.72E-12
4956,1789.022524,16225.37182,0.281929492,409.1883106,7516.98123,26.01778656,6538.362205,731.1754931,3557.943473,1645,8.94E-11,38423.96,0.000124577,15.38464961,3.09E-12
4957,1902.551764,16075.51627,4.238032373,522.8435948,7580.335648,25.2954858,6293.690862,933.4637502,3649.514828,1918,8.50E-11,38488.46,0.000303961,416.9899294,1.06E-11
4958,1923.038103,16136.71758,7.547569846,667.9413782,7638.664317,25.59231628,5692.19078,1035.555684,3665.5821,2023,133,38948.79,0.000146698,0.039685157,-1.36E-12
4959,1883.432418,16767.99453,221.4883465,534.6549309,7882.161105,27.72817654,5050.411753,1072.76458,3726.896262,2144.099726,853,40164.59,6.63E-10,0.041832308,1.13E-11
4960,2056.530565,17674.93285,520.5709356,818.1187956,8369.211176,28.2764532,3907.777745,1193.456419,3631.718484,2223.506194,1074,41498.06,3.77E-10,0.039617572,-4.49E-12
4961,2295.396889,19082.56354,558.2620314,810.1908583,8827.932259,31.62664284,2468.073529,1277.431424,3315.553561,2339.510389,959,41965.5,2.27E-10,0.041126033,-9.22E-13
4962,2433.908895,20430.35709,595.0150313,702.6760271,9191.710212,32.52247349,1160.253134,1299.851632,2972.669398,2503.298826,422,41744.22,1.45E-10,0.042722446,8.14E-12
4963,2483.276853,21036.82605,575.5732151,690.5656166,9325.337469,32.81417656,246.8478771,1213.349136,2572.501544,2542.619989,8.22E-11,40719.67,1.30E-10,0.041932075,1.21E-11
4964,2476.478167,21111.19408,469.7126277,772.5298624,9276.33551,32.70581178,15.98837699,1198.36834,2458.809225,2424.728541,116,40352.81,1.74E-10,0.040544719,-6.53E-12
4965,2433.807917,19283.05547,279.1667169,438.5833722,9005.948998,32.00130932,3.451078805,1087.083059,2298.438941,2291.903294,946,38099.39,1.90E-10,0.050153498,5.31E-12
4966,2450.48283,15315.42849,19.87524457,101.3783635,9132.437496,32.10756029,0.021603527,1080.029194,2348.691129,2283.995125,923,33687.4,1.42E-10,0.047035897,4.08E-13
4967,2424.168599,12691.11907,13.98296071,78.47881038,9024.368503,31.72372153,0.019833987,871.6062818,2243.237987,2233.013424,923,30534.67,1.56E-10,0.04918884,-4.14E-12
4968,2380.939758,11642.81797,5.326137348,74.87707919,8861.98053,30.91408758,0.017292654,708.0876764,2202.992514,2208.116866,922,29038.02,1.66E-10,0.049907945,6.67E-12
4969,2413.520792,10782.04279,5.290826179,74.03653693,8776.085046,30.48321986,1.128262453,606.4817125,2203.409342,2198.362392,922,28012.79,1.70E-10,0.050917433,-2.30E-12
4970,2477.793483,10385.09034,5.461124671,74.28073168,8812.118556,31.67496389,0.016449171,370.6078473,2328.745131,2245.021239,922,27652.76,1.50E-10,0.049865996,2.27E-12
4971,2502.483956,10555.24813,5.687519414,74.70692661,8870.670952,30.87596132,2.137048661,367.0270978,2282.568654,2246.989951,693,27631.35,1.84E-10,0.046200011,1.97E-13
4972,2495.162492,11497.78535,7.024717225,77.60509993,9161.346436,32.29978145,28.80205532,388.0098779,2273.339692,2345.521249,0.14,28300.1,1.56E-10,6.93675115,-1.35E-12
4973,2572.014272,14075.34595,16.27995844,108.0871303,9422.499521,33.47449891,609.5988321,427.7697684,2253.187927,2445.556528,183,32139.83,1.49E-10,6.984386056,-5.64E-13
4974,2488.875255,17339.72176,29.33509371,325.6562031,9030.260612,31.61344895,1580.902495,426.8829007,2213.208017,2366.893151,1064,36897.31,2.00E-10,0.038932233,-1.78E-12
4975,2390.145811,18959.63135,58.18516084,646.5227063,8919.644392,31.11534266,2580.46914,616.6777762,2202.233259,2338.886278,743,39486.47,2.20E-10,0.041215241,-1.74E-12
4976,2244.137086,18062.86146,47.62232961,1170.522382,8460.78107,28.94481635,4066.86565,759.7464928,2315.345247,2260.536473,444,39861.32,3.01E-10,0.0430073,2.48E-12
4977,2174.609237,17283.6726,347.5612535,892.1350213,8186.072656,28.54184215,4949.78896,751.3322625,2617.402589,2191.494274,122,39544.57,4.38E-10,0.040696437,-6.42E-12
4978,2069.786749,16474.98817,425.5112315,510.4307445,7764.031338,25.56505137,6114.793938,544.5598332,2861.95526,2060.99887,347,39194.51,2.40E-09,5.111187186,5.24E-12
4979,2071.654429,16670.95949,417.1033771,367.9474036,7709.16353,26.32568042,6400.319545,436.6397771,3020.484722,2048.690256,142,39293.65,3.74E-09,17.63821191,-3.79E-12
4980,2074,16495,488,258,7640,26.00000001,6150,367,3177,2021,170,38850.95617,0.000459943,15.04337001,-6.40E-12
4981,2081.134801,16148.20138,481.0282914,226.0230043,7632.533425,25.00250463,5790.429967,438.0288052,3362.142345,2022,508,38685.19,0.000683822,29.33384073,-3.73E-13
4982,2244.713681,17075.51165,397.45672,385.6094087,8078.683827,25.06235184,4517.049213,666.3674077,3301.679666,2124.502327,463,39279.6,8.18E-10,0.036253,-5.50E-12
4983,2296.181995,18367.80983,442.2604485,655.9153991,8322.430915,28.05352727,3159.38462,910.4782405,3139.123032,2223.800734,975,40520.4,3.78E-10,0.03874465,7.75E-12
4984,2350.514441,19737.93009,429.7110442,1187.158411,8574.062839,29.55226501,2396.901933,805.5091807,2825.872408,2258.14454,982,41577.32,3.17E-10,0.037155226,1.26E-13
4985,2475.780243,20956.39926,480.0340831,770.9423247,8953.639474,31.92053336,1513.127545,770.26428,2341.708878,2329.505638,800,41423.28,2.37E-10,0.042255349,5.92E-12
4986,2577.796468,20434.19921,436.8290474,849.3681805,9291.752254,33.52410731,668.7232192,1382.529734,2011.635234,2502.553419,103,40291.87,1.47E-10,0.040874717,-6.31E-12
4987,2589.446941,20179.84996,425.4657964,673.7660238,9297.864842,33.20387038,105.9495238,1031.535316,2280.73561,2494.837791,9.66E-11,39111.62,1.45E-10,1.035678167,-6.61E-12
4988,2615.984215,19851.13841,244.9263573,595.3414263,9242.369841,32.17127561,13.91309291,763.7082444,2392.446822,2403.01693,202,38356.98,1.86E-10,0.036613938,-8.90E-12
4989,2599.123343,17223.68558,33.26171393,284.0058877,9092.889451,31.84800872,2.419188724,1059.390031,2439.815143,2256.697009,614,35637.09,2.09E-10,0.045353642,1.06E-12
4990,2558.446505,13003.97322,18.01959846,122.5694492,9310.827142,32.97209169,0.020664677,1025.90093,2444.341698,2065.15889,722,31304.2,1.44E-10,0.030187075,-2.49E-12
4991,2514.829803,9467.186777,13.53990596,105.8068613,9318.534874,33.14138809,0.020608685,1132.151505,2735.41638,2003.628933,723,28047.23,1.65E-10,0.027034928,3.30E-12
4992,2394.107414,7954.796149,4.554195773,100.6482315,9109.937491,32.30738969,0.017516138,1307.628496,2880.326148,1886.069375,771,26441.36,1.75E-10,0.032405853,-6.35E-13
4993,2381.037968,7275.516311,4.989704433,67.12951804,9126.654258,32.36127817,2.159245886,1334.763336,3000.726118,1880.095567,325,25430.4,1.77E-10,0.033304756,1.12E-12
4994,2284.96644,6724.626802,3.980722969,72.91457679,8890.556103,31.2750722,0.01401663,1329.561481,3021.466286,1856.037667,402,24617.36,1.90E-10,0.039166735,7.48E-14
4995,2355.363181,6773.815001,4.544171444,83.32038937,9044.571711,31.84818291,2.144005433,1543.970564,3044.496508,1251.570455,452,24587.61,1.98E-10,0.034168988,-1.70E-12
4996,2313.947712,6833.344193,3.850564162,81.74511931,8863.534418,31.13528898,8.98946342,1658.483686,2914.657159,1229.051418,445,24376.11,2.20E-10,7.629022616,2.13E-12
4997,2381.570168,7181.164822,8.677416601,98.33568667,8945.580905,31.41919024,353.1656199,1901.009388,3048.014187,1589.262077,152,25682.61,2.29E-10,7.589460667,-3.17E-12
4998,2007.244182,7249.767138,17.35432661,246.0915761,8873.542532,30.09453643,1222.6411,1897.987485,3607.751381,1867.474117,750,27769.91,2.79E-10,0.038374226,1.13E-12
4999,1926.777193,7371.742588,33.18774384,333.3795748,8895.189403,31.25016331,2290.445481,2357.10842,4180.779418,1890.761228,1.10E-10,29310.59,2.54E-10,0.031212167,6.57E-12
5000,1614.58009,6476.878575,17.81511588,424.9471502,8340.457596,26.91669576,3914.333103,2618.100683,4375.998971,1749.066816,7.70E-11,29559.05,5.67E-10,0.044796392,-9.87E-13
5001,1140.031358,5292.131525,4.586692492,242.4352012,8015.201202,25.50262851,4258.869546,2977.330975,4952.24647,1716.420341,226,28850.71,7.78E-10,0.045940044,7.10E-13
5002,692,4624,1.24E-09,246,7886,26,5575,2855,5024,1604,7.72E-11,28526.01362,0.001831492,5.984548666,8.62E-14
5003,429,4525,1.50E-09,227,7872,26,6470,2498,5290,44.57348113,7.70E-11,27065.40509,188,128.1683887,3.81E-12
5004,430,4905,6.16E-10,238,7868,27,6420,2759,5354,3.80E-08,6.92E-11,27013.95977,860.0829283,126.9573018,2.96E-12
5005,432,5534,6.28E-10,449,7876,27,4998,2540,5533,312,7.83E-11,26871.72691,0.002350846,829.2707372,-6.82E-13
5006,432,5864,1.91E-09,300,7889,27,4690,2519,5563,5.711139402,9.43E-11,26437.36178,247,605.3493593,4.89E-12
5007,434.4895245,6751.033858,0.288345122,678.3864062,7898.665506,27.02709227,3583.776947,2224.707408,5612.205142,201.8628708,8.69E-11,26969.55,1.27E-06,442.8930977,-2.10E-12
5008,513.4866032,8119.046285,18.46804061,1120.000441,8255.75,28.18930314,2686.269782,2156.89408,5416.885597,337.2712768,318,28970.23,8.34E-10,0.031408446,2.40E-12
5009,533.1865214,8433.830976,24.85156051,1093.939267,8324.511836,28.5206981,1770.051129,2323.384797,5464.627551,1129.646179,775,29901.52,8.82E-10,0.030514761,5.40E-12
5010,846.4577473,8488.743694,49.2632967,1525.018364,8762.682045,30.1429797,832.4633328,1970.712844,5433.502973,1338.727052,780,30057.68,2.51E-10,0.034328723,4.59E-12
5011,1249.743512,8741.040885,57.55933707,1301.903226,8986.732364,30.7709754,174.9355553,2182.591687,4934.379717,1490.314187,720,29869.94,1.99E-10,0.031446807,-4.48E-12
5012,1393.259004,9017.271345,49.0228652,1592.037222,9164.109435,31.03473246,108.9699202,2423.890878,4586.639169,1385.928557,679,30431.13,2.03E-10,0.033127518,-2.92E-12
5013,1440.588694,9585.048161,30.61879367,1122.093593,9351.489156,31.57906221,2.491315688,2248.467368,4492.645419,1317.837362,1.03E-10,29413.04,2.01E-10,209.818924,5.68E-14
5014,1380.858286,8634.71954,9.295277942,512.2046379,9134.322328,31.29529089,0.01677848,2141.506379,4119.740915,1042.371847,7.39E-11,26702.8,1.99E-10,303.5312796,3.81E-12
5015,1386.426113,7461.986959,7.156473414,108.4560763,9208.178995,31.74116364,0.017891184,2097.746863,3934.844798,447.6935897,7.92E-11,24155.17,1.99E-10,529.0789233,-2.16E-12
5016,1317.592447,6878.124198,2.913221444,104.7153187,8898.471264,30.71023486,0.013741611,2063.184999,3805.117011,258.6666347,6.79E-11,22552.62,271,535.8890695,-1.82E-12
5017,1261.750238,6370.272443,2.436804881,100.9771764,8679.301384,29.81169794,2.104136961,2046.220408,3711.095601,223.5533227,6.63E-11,21477.87,107,842.6532115,-4.09E-12
5018,1248.906677,6303.016358,2.278478175,88.42028808,8623.449231,29.62604264,2.019309137,2028.981264,3535.46965,208.2809563,6.98E-11,21024.45,260,785.9982533,-1.82E-12
5019,1282.529211,5984.916235,2.819576823,87.01667817,8797.317284,30.21383968,2.119473594,2170.189524,3689.378687,205.4013078,6.54E-11,20861.41,802,588.4918173,2.73E-12
5020,1249.013556,5463.976968,2.314705165,85.5812168,8637.982889,29.65798771,8.991462183,2196.673585,3770.003325,215.4668666,6.97E-11,20369.05,695,595.6125602,4.55E-13
5021,1300.617634,5877.420736,6.88817301,85.79357752,8858.412364,30.39985053,159.3976085,2362.181253,4025.645974,236.2891411,7.53E-11,21128.54,1182,632.5063118,3.18E-12
5022,1216.280651,6314.448942,7.192397762,246.81214,8484.107173,29.09162703,388.4700686,2356.531718,4052.317849,133.0815335,6.55E-11,22878.96,222,127.3740992,5.12E-13
5023,1152.27892,6461.831549,5.796227911,562.3081865,8223.38528,28.13158463,476.7715854,2512.399378,4122.716307,1661.093662,932.73,26139.39,1.17E-09,0.05268047,4.43E-12
5024,1202.286197,7470.950835,22.94268477,592.1877733,8845.796086,28.37503958,1108.384284,3036.565809,4263.482116,1859.835837,825.67,29256.44,2.84E-10,0.036662798,-2.40E-12
5025,1256.357161,8226.864922,26.02209818,674.3035273,9001.051085,28.93118507,1544.710908,3255.709911,4616.235123,1933.115852,825,31388.27,2.14E-10,0.03177206,-1.52E-13
5026,1144.802144,8198.986944,22.00647346,624.9534164,8797.649484,29.16394514,2211.377603,3722.84562,5059.422125,1856.164705,764,32428.27,2.88E-10,3.102459193,-2.80E-12
5027,1225.666314,7801.668267,17.61475588,546.4368994,8612.901579,29.53644997,2642.021471,3616.321082,5438.518893,1801.499942,804,32524.09,2.60E-10,12.09565297,7.03E-13
5028,1213.302148,7645.490506,15.63469632,426.4186112,8567.101405,29.42364233,2639.473167,3691.045993,5241.777849,1770.938199,804,32031.5,2.92E-10,13.10621588,-2.54E-12
5029,1253.682898,7812.595644,17.9909297,278.3995311,8751.45872,30.06037078,2315.548646,3899.810562,4935.153706,1804.12526,801,31853.62,2.74E-10,46.20626739,7.11E-13
5030,1230.469206,7614.25536,59.49187329,295.0623855,8651.155474,29.67372432,2655.100244,3917.89642,4673.669975,1995.664441,923,32026.88,3.44E-10,18.55910363,8.21E-12
5031,1279.554054,8688.743095,330.3399067,497.7473482,8875.264737,30.41573347,2369.894667,3599.946192,4407.105087,2034.815978,925,33022.66,3.09E-10,16.16679727,-5.05E-12
5032,1299.602101,10259.58125,581.3513931,1160.333374,8971.751911,30.29999329,1794.314092,3162.368215,3997.958857,2076.267408,925,34258.79,2.56E-10,0.038597632,-1.11E-12
5033,1347.305811,10638.74603,609.7801118,1575.198785,9168.184166,30.96035618,1371.993433,3073.720005,3987.108542,1906.911965,826,34535.87,2.33E-10,0.039200691,6.04E-12
5034,1376.01419,11303.34561,612.6851272,1435.327804,9249.707514,31.25829972,723.8244449,3017.913041,3647.734756,1973.792595,826,34197.56,1.84E-10,0.043377853,3.67E-12
5035,1435.862388,11816.6798,603.5545449,1151.794319,9465.673784,31.9627209,138.6493824,3015.601341,3337.122442,2047.166995,824,33868.03,1.48E-10,0.037717852,1.69E-12
5036,1439.430282,12064.19459,603.7636784,1327.03509,9540.875271,31.26368943,68.46547372,3069.960075,3109.115397,2011.622792,824,34089.68,1.66E-10,0.046335966,3.83E-14
5037,1413.714563,11385.93307,534.2212458,699.3013606,9523.98344,32.2149511,0.499766147,3218.069533,3042.602644,1790.457451,719,32348.45,1.71E-10,11.54802397,7.44E-13
5038,1317.523571,8788.523928,267.9556593,318.8940942,9539.003378,32.14547362,0.021619637,3481.427956,2927.111329,1747.552015,199,28602.07,1.44E-10,17.08902303,-1.10E-12
5039,1225.572314,6741.585991,137.164358,173.0835467,9337.179345,31.45332325,0.018711442,3558.669596,2877.587592,1658.727826,192,25903.39,1.77E-10,29.65260333,3.45E-13
5040,1131.245421,6517.816159,50.6068056,234.9742261,9196.860411,31.06833997,0.017093866,3440.049809,2851.168188,1649.905179,189,25260.54,1.74E-10,32.17163085,3.69E-12
5041,1241.806547,6373.957184,51.09273711,80.06742658,9243.740846,31.19812948,0.140523163,3098.861435,2976.447962,1685.308527,1,24734.73,1.56E-10,48.89131789,2.03E-12
5042,1256.061989,6529.767769,50.82530238,79.10151585,9136.875921,30.9066918,0.032555765,2660.45313,2962.461514,1673.414785,1,24332.69,1.61E-10,48.21117366,9.95E-14
5043,1273.58985,7297.349127,50.02220549,76.84798883,8883.842317,30.06078683,0.102883591,1909.986875,2879.377765,1575.71776,305,24245.32,2.94E-10,36.57755853,-5.68E-13
5044,1478.441333,7734.97388,51.11184187,89.195548,9229.184974,31.16433346,17.58426625,1742.355675,3134.111683,1845.980554,1,25304,1.81E-10,51.10408857,2.01E-12
5045,1753.658026,10502.30656,55.63973526,122.1383867,9507.683379,32.02752321,351.5312667,1757.435211,3592.284426,1767.949669,1,29400.7,1.72E-10,42.95418326,3.62E-13
5046,2249.942166,12913.89404,55.8673611,371.3348438,9173.240926,30.95774874,946.3226261,1606.609632,3753.182699,2283.690087,985,34363.06,2.24E-10,6.982125751,-1.86E-13
5047,2532.444457,14276.23087,59.59829115,636.6837642,9196.290654,31.06837625,1619.205143,1899.367528,4224.735059,2300.738505,1086,37862.31,2.42E-10,0.052645321,6.78E-14
5048,2445.872445,14428.9574,57.17910325,696.6844858,8815.42435,28.80380092,2727.658392,1827.870382,4484.690343,2224.172552,1086,38823.26,3.44E-10,0.053259947,1.87E-13
5049,2396.603056,13631.68148,78.63056275,548.748853,8629.348992,27.1788249,3203.531595,1905.176308,4785.72441,2211.315181,1086,38503.89,3.72E-10,0.049267386,-1.06E-12
5050,2356.971949,13304.82222,119.0702897,358.7716227,8410.463708,26.49050134,4113.674841,1833.155329,4758.204272,2108.525546,1025,38409.76,8.87E-10,5.390282437,2.41E-12
5051,2339.047415,13310.29614,227.2940166,350.2838889,8302.004909,27.20874945,4548.491506,1642.344519,4725.939597,1810.225735,1025,38283.48,8.96E-10,24.65647866,-2.77E-12
5052,2280.417565,12940.71786,317.0486072,408.2304767,8103.11894,26.61531522,4577.141701,1306.093165,4557.824662,1780.226029,1025,37298.36,1.57E-09,24.07432265,2.03E-12
5053,2231.927751,13311.63879,324.876712,298.9713897,8278.913291,27.17730457,4113.712678,1267.746732,4167.698472,2043.564862,896,36885.63,9.82E-10,76.59797975,1.28E-13
5054,2348.644394,13307.31526,385.6492234,275.74318,8454.11907,28.73274467,3878.540193,1537.3375,3882.477084,2150.999311,1024,37247.03,4.68E-10,26.52796383,-7.35E-13
5055,2416.573151,14784.60224,452.5187323,431.789912,8757.88639,29.67773992,3452.774484,1425.297752,3308.33431,2218.894437,1085,38342.7,3.40E-10,20.64914859,3.38E-12
5056,2461.448565,16337.45432,492.5312148,967.1550398,8919.643944,30.21750753,2634.45316,1588.712846,2959.066401,2257.734551,1086,39734.37,2.80E-10,0.047548176,-1.01E-12
5057,2521.634555,16643.69946,536.2649042,1588.605388,9198.081824,31.09850479,1842.639817,1635.580473,2725.886207,2313.837028,1086,40123.28,2.30E-10,0.04815634,-2.56E-12
5058,2604.630736,17310.4484,558.8465211,1124.107595,9507.66385,32.11858562,887.4429874,1749.38832,2512.437832,2426.957669,1085,39798.99,1.61E-10,0.052491492,-8.44E-12
5059,2667.464787,17037.71026,564.8843077,682.5363916,9725.613568,32.88182565,178.5834613,2206.247473,2400.240724,2538.347258,1025,39059.46,1.23E-10,0.050058885,6.77E-13
5060,2692.742569,16643.27829,143.5535343,616.4350114,9801.930623,34.19123415,17.1621348,2567.457591,2314.879277,2471.155223,1024,38326.75,1.45E-10,0.035485599,2.21E-12
5061,2666.360305,14601.14335,115.0516501,364.8591725,9695.69729,34.89003345,1.520404562,2346.893689,2308.734815,2227.981538,925,35278.02,1.54E-10,10.11224783,-5.52E-13
5062,2632.62517,10993.40579,61.38611741,187.9087718,9599.425775,34.50144925,0.022273074,2226.96964,2304.40427,2145.858917,876,31046.7,1.35E-10,15.80817005,-6.08E-13
5063,2386.728232,9130.970217,71.44453005,78.08372463,9360.358463,32.69039761,0.019066657,2059.882685,2161.403947,1930.148828,826,28007.66,1.76E-10,30.07009097,-2.52E-12
5064,2384.181975,8155.58413,73.19972015,68.87060441,9151.84572,29.98728294,0.016341324,1922.032806,2209.303103,1908.288943,826,26697.8,1.80E-10,31.51062584,1.37E-12
5065,2426.458916,7610.239165,71.839399,52.63333552,9047.611612,30.68942248,2.149976524,1671.725467,2226.03819,1894.840103,824,25807.56,1.89E-10,50.66558761,-3.41E-13
5066,2484.193141,7416.387029,71.42328281,47.36053892,8936.75511,31.31630522,0.026744397,1514.006226,2290.605638,1880.5702,824,25449.54,1.97E-10,47.10421539,-6.32E-13
5067,2434.429967,7636.596551,71.84472492,48.60303044,9058.814445,31.69454035,0.120147654,1310.366441,2238.226332,1824.986711,825,25445.61,2.24E-10,35.07289195,1.05E-12
5068,2441.492078,8263.746556,71.89399853,37.70849595,9085.202055,32.75710014,10.68104548,1336.768855,2490.01495,2200.403262,620,26547.9,2.15E-10,42.76839625,-3.32E-12
5069,2540.607915,10436.43033,75.33879193,126.4754495,9493.901425,33.07758123,372.7366734,1302.955203,2791.469141,2325.85995,1020,30478.36,1.69E-10,40.49245655,5.17E-12
5070,2518.612652,12861.63961,58.681251,501.4799781,9409.85438,31.78183248,1469.78584,1324.341427,3052.691341,2352.640854,1085,34660.24,1.81E-10,6.269165811,-3.18E-12
5071,2420.096604,12569.93711,53.90346302,996.8811574,8997.466625,30.48731637,2631.878162,1550.015425,3799.118531,2283.08224,1086,36418.81,2.64E-10,0.056630712,1.22E-11
5072,2233.288063,11162.90702,48.13260273,612.6716589,8247.436386,27.04874908,4558.650309,1322.202485,4286.129285,2124.567796,1081,35703.97,7.39E-10,0.064358055,-3.96E-12
5073,2151.696094,9686.52972,48.50599566,319.58876,8071.654465,27.59252288,5181.901356,1565.584291,4506.008341,2093.354933,596,34248.36,1.12E-09,0.056479472,6.15E-12
5074,2041,9540,47,336,7796,27,6330,1337,4754,2018,976,35194.84098,0.00418533,7.154832242,5.86E-12
5075,2029,9277,47,217,7750,28,6655,1377,4888,1745,946,34930.69673,0.522987261,27.78028013,-4.42E-12
5076,1768,9692,46,225,7829,26,6735,1503,4288,1742,547,34373.68786,2.965859966,24.34627551,7.00E-13
5077,1781,9934,47,212,7883,25,6208,1421,4179,1917,1,33535.52126,0.001503935,72.47723349,3.92E-12
5078,1910,10608,47,366,7878,27,5526,1499,4282,2019,250,34384.47992,0.527308943,26.99277267,-4.46E-12
5079,2067.442582,11512.75257,50.2750554,247.1579473,8047.507182,28.52619785,4727.558113,1609.406713,4449.469312,2083.324477,1075,35878.19,1.22E-09,20.23014901,1.07E-12
5080,2217.870548,12937.99531,66.000803,468.6966905,8568.710527,30.1631151,3852.667866,1822.245965,4732.986726,2140.09812,1086,37923.39,6.01E-10,0.045673133,-3.27E-12
5081,2344.27281,14097.93174,80.19411733,859.6148555,8878.668845,31.1753102,2762.756556,1852.701412,4511.334524,2213.167739,1086,38717.77,3.63E-10,0.047913806,-1.07E-12
5082,2408.073012,14752.03117,89.31921116,902.0300687,9154.538588,32.08509591,1642.661968,1796.808143,4048.889475,2325.494878,1086,38237.88,2.17E-10,0.051615587,-2.28E-12
5083,2468.9457,15281.5015,95.25320897,660.5161214,9423.076098,31.99376018,674.0358852,1824.175427,3736.102663,2441.988586,1025,37662.54,1.52E-10,0.048948617,1.98E-12
5084,2568.150246,15546.72704,88.58630227,531.5211573,9567.366106,32.50690212,147.3823764,1930.285807,3493.636575,2400.31851,1024.25,37330.68,1.73E-10,0.051027182,-5.17E-12
5085,2370.284666,13820.16846,78.54336181,444.5153241,9535.874576,34.47996338,1.361082859,1842.793311,3351.929787,2014.528584,823,34305.83,1.58E-10,11.64911892,1.40E-12
5086,1907.327384,11110.72802,60.81081881,116.016981,9429.102078,34.06888658,0.019800338,1772.671121,2916.046696,1863.418661,777,29971.05,1.67E-10,16.160451,3.57E-12
5087,1667.707491,9158.920842,55.02144317,98.46219188,9312.429044,33.63851815,0.018190267,1297.561638,2786.350124,1704.89537,725,26809.45,1.88E-10,30.5548517,6.39E-14
5088,1454.180334,8558.39631,52.94187437,94.40892631,9159.160376,32.08312243,0.016202867,1405.468915,2541.964696,1689.064852,725,25680.38,1.90E-10,32.30560927,3.56E-12
5089,1432.873047,8056.988759,52.40482881,73.63534324,9027.741118,49.94116262,0.130406116,1427.673726,2393.660523,1622.527785,706,24788.11,2.11E-10,55.46669871,2.64E-12
5090,1472.826253,8111.402616,52.61260899,74.00046553,9082.941713,63.35466704,0.030346112,1242.082383,2206.800612,1641.856527,705,24602.39,1.95E-10,50.51819068,1.76E-12
5091,1422.144014,8050.605446,52.54698582,73.93370604,9075.280581,72.39741392,0.104700332,1427.292014,2213.124548,1601.962689,725,24680.18,2.45E-10,34.21209859,1.30E-12
5092,1530.211275,8613.292375,53.07999238,75.18195542,9211.683997,73.94630837,68.54525634,1255.35397,2156.859875,1871.752488,748,25617.42,2.14E-10,40.4874928,2.79E-12
5093,2054.800064,11376.04483,71.9005679,121.1446955,10065.15685,76.1917213,535.8668675,1414.373073,2351.893407,1762.08135,1,29795.83,1.27E-10,34.62341806,-9.52E-13
5094,2464.89445,13508.87461,68.42173499,709.6060839,8943.526243,84.06523862,1515.40177,1238.202114,2256.325378,2246.606613,985,34014,2.68E-10,6.92423708,6.06E-12
5095,2489.633132,14049.46033,58.72094069,865.1111209,8732.872072,86.27518538,2725.480816,1036.652756,2972.263153,2238.366544,1086,36340.78,3.23E-10,0.056048966,-5.94E-12
5096,2334.023056,13373.40913,58.69367508,681.5715408,8295.30412,82.49096406,4217.062223,863.9857006,3235.250773,2154.555136,1085,36381.29,5.57E-10,0.056317321,5.35E-12
5097,2260.779819,12714.814,50.62500134,643.3021725,8097.237447,80.73975782,4858.328045,758.7407302,3313.508031,2018,956,35752.02,0.001286599,0.053719479,8.85E-12
5098,2146,12184,48,528,7925,69,5500,687,3431,2018,1025,35554.22045,0.001534899,6.778010678,-3.87E-12
5099,2162,11818,1.000000002,555,7918,66,5945,560,3652,1917,1025,35588.6568,0.177256085,30.16594713,-7.17E-12
5100,2160,12019,1.55E-09,253,7918,64,5935,486,3801,1895,1021,35524.13574,1.867207288,25.99704974,-7.53E-12
5101,2136,11922,1.27E-08,296,7913,63.00000001,5792,486,3771,2019,551,34872.28193,0.001125729,76.71694624,1.49E-12
5102,2112.039205,12277.0187,0.765053896,449.7080109,7969.763615,64.2254732,4927.157206,532.9107134,3920.587178,2045.966078,1019,35291.22,2.45E-09,27.9212388,-2.76E-12
5103,2212.670178,13823.24093,9.125561777,396.3699718,8364.526015,66.74694401,4291.330918,567.1896547,4050.480074,2104.757445,1086,36951.08,8.82E-10,21.35769288,-3.33E-12
5104,2323.600122,15208.29455,21.1450336,866.6378544,8706.844644,69.06960762,3360.56229,716.2686743,4065.082121,2202.711647,1086,38626.17,3.72E-10,0.046546318,-7.93E-13
5105,2455.288764,15877.23315,32.71983738,851.198083,9146.249092,70.7126687,2152.340929,1033.998415,4589.13296,2312.281629,1086,39607.11,2.30E-10,0.045525326,3.26E-13
5106,2552.930324,15951.42152,41.00285993,743.5115846,9503.92334,76.24942986,985.4410028,1462.379996,4810.419356,2380.837649,1086,39594.07,1.83E-10,0.047058396,-4.24E-12
5107,2629.638717,15472.79319,44.83340899,534.5058708,9711.475955,90.35202763,153.9514751,1733.306127,4682.41857,2523.739834,1025,38601.97,1.27E-10,0.045179134,1.42E-12
5108,2676.210463,15599.60978,31.13448676,485.7872564,9746.201875,92.5700467,11.85481335,1627.438527,4475.970395,2392.792282,856,37995.52,1.54E-10,0.049921513,5.27E-12
5109,2522.783935,13517.39008,19.92901751,468.474859,9544.650696,77.51647239,4.400689241,1540.977441,4192.714341,2065.734936,721,34662.35,1.78E-10,13.22246389,7.24E-12
5110,1861.171585,10942.19746,8.989903642,117.4858827,9468.196361,74.11393894,0.020111641,1217.868018,3729.077352,1997.517922,720,30114.83,1.50E-10,21.8085298,-2.72E-12
5111,1596.196379,9126.722357,6.335123451,97.70678574,9366.015705,79.77449306,0.01868768,1102.322726,3197.252726,1924.560839,720,27178.23,1.75E-10,38.67582127,-2.04E-12
5112,1596.724937,8500.01449,4.228034119,95.35530221,9178.886177,72.91631874,0.016387729,989.5673258,2835.878366,1904.004258,720,25852.82,1.79E-10,44.77159592,4.16E-12
5113,1570.574517,8238.407656,3.765950613,74.33072055,9043.74163,72.68912139,0.131881539,1033.49393,2598.668945,1881.550839,720,25165.26,1.93E-10,72.09519143,1.19E-12
5114,1559.977854,7944.338532,11.74700279,73.84118469,9006.761098,72.73677711,1.0424189,1103.813327,2604.358002,1891.613941,720,24921.42,1.87E-10,68.81013754,-2.16E-12
5115,1592.964721,8150.347909,45.43649044,76.81327712,9337.374864,73.24189643,1.146437453,1132.243378,2523.320305,1817.5718,497,25203.4,1.86E-10,44.06107867,-3.13E-12
5116,1616.556557,9102.404474,238.5842126,101.7781149,9612.789773,79.59444533,18.43395657,1172.322344,2432.388241,1702.406074,189,26213.24,1.64E-10,53.01819129,-2.04E-12
5117,2068.382632,11773.69864,319.8031358,152.2068595,10066.83205,119.5930182,510.5853506,1297.436772,2370.248875,1402.036895,335,30368.56,1.29E-10,47.26422266,-2.13E-14
5118,2324.652495,14885.96548,316.1672501,465.3528946,9467.114689,163.7839391,1390.823511,1367.97461,2095.066762,2263.886135,337,35070.23,1.74E-10,7.557769187,5.21E-13
5119,2478.823817,16620.12395,310.6500301,623.3642323,9150.616835,126.5414605,2282.595694,1210.908489,2082.018104,2309.76837,597,37792.35,2.38E-10,0.060987481,-6.21E-12
5120,2451.145618,16545.76253,329.6515492,693.6191354,8734.423437,81.79565514,3745.421928,920.2566197,2049.553138,2111.939452,445,38108.51,3.22E-10,0.059067479,-2.57E-12
5121,2403.858497,15934.34884,357.6834956,489.6042668,8461.282253,74.44298073,4578.187245,804.3087998,1876.218872,1845.380648,594,37419.26,4.69E-10,0.055901199,4.68E-12
5122,2314.503316,15435.95424,354.1803714,259.7884615,8068.883289,63.66246684,5680.646552,750.0245358,1753.793103,1870.868033,827,37372.22,6.41E-09,7.084372144,4.30E-12
5123,2335.475358,15293.68306,353.9391852,269.8283866,8118.289664,65.8708697,6330.92483,549.9387379,1798.627007,1735.893087,449,37272.16,1.22E-09,29.31018298,1.02E-11
5124,2240.991266,15502.99851,377.1695516,277.6594431,7984.654807,66.29726842,6181.817878,446.2695146,1821.570729,1597.314696,651,37122.32,5.50E-09,25.42366332,-2.28E-12
5125,2218.928123,15747.92576,395.5572487,274.0458402,8120.726055,65.88063922,6093.311299,493.2813727,1932.964695,1957.790863,131,37357.39,2.14E-09,74.02189599,3.28E-12
5126,2269.698739,16016.57821,402.6932821,383.175371,8065.111657,63.66475924,5481.603619,463.9828609,1969.147894,1946.830823,803,37837.69,2.18E-09,27.79721164,6.95E-12
5127,2343.908827,17010.35077,409.1876542,476.2838916,8364.575559,71.01637953,4721.818602,536.1705105,2064.010687,2142.453063,1084,39201.27,5.92E-10,22.50594143,3.06E-12
5128,2463.048545,18040.05389,436.2692488,1216.531278,8851.881816,87.34522627,3785.222247,704.27301,2066.97019,2231.576899,1085,40968.12,3.18E-10,0.052347754,4.85E-12
5129,2568.640802,19084.67551,494.473755,1721.514819,9271.981191,78.10250525,2428.462509,950.6701737,2057.384246,2297.057427,799,41751.91,2.45E-10,0.052940602,7.81E-13
5130,2656.150884,20452.78555,501.1134364,1256.070323,9604.664283,77.6348693,1055.224195,1146.086019,2001.248892,2313.757005,681,41745.68,1.46E-10,0.055453249,-1.02E-11
5131,2734.007871,20653.84038,431.7197135,796.757942,9836.835197,76.92009604,153.4929429,1200.885135,1994.091276,2383.023207,620,40881.52,1.26E-10,0.053760232,3.97E-14
5132,2742.475656,20572.15974,416.5867621,753.5522255,9860.46705,83.1511895,143.3524216,1199.590643,1926.26635,2274.434822,671,40642.98,1.60E-10,0.056854941,3.77E-13
5133,2616.408056,18479.48417,52.01802359,502.0045205,9690.207266,73.97235377,2.475623379,1118.165563,1815.751935,2284.526884,971,37592.71,1.69E-10,13.30439695,2.60E-12
5134,1620.092405,15289.49648,9.532189999,181.7499052,9789.923779,73.26600937,0.023890201,1180.442819,1818.109995,2151.053243,899,32991.57,1.47E-10,21.12072063,-5.62E-12
5135,1298.540107,12715.91988,6.209758517,83.90622148,9597.68653,72.46447,0.021266296,1344.805985,1792.118071,2088.542519,898,29859.48,1.67E-10,38.73480395,2.54E-12
5136,1279.408106,11635.06964,4.120694536,83.28348182,9460.840748,74.73762851,0.019529358,1226.757925,1737.615791,1966.437181,898,28325.23,1.67E-10,41.06072909,1.34E-12
5137,1253.863361,11474.73444,3.748414733,74.63793527,9328.839516,56.19380911,0.142796752,946.8410949,1548.804083,1968.65536,898,27487.08,1.65E-10,67.38080951,-3.15E-12
5138,1256.711266,11147.88603,17.11949173,68.37764382,9328.477371,72.74098647,0.053499893,890.8519502,1453.476073,1983.531754,893,27050.87,1.59E-10,61.35606518,5.19E-13
5139,1267.923134,11543.55865,52.07072969,70.36385672,9802.688751,76.22790146,1.191748602,986.0334966,1539.942046,1409.147455,356,27066.49,1.31E-10,38.65777143,-7.89E-12
5140,1293.604325,13044.80893,70.8225691,71.05396618,10440.73278,79.58102857,19.02868688,965.3905213,1623.446468,514.386823,6.01E-11,27831.84,1.03E-10,291.0160964,3.30E-12
5141,1409.149969,16177.18111,106.0884194,376.2931607,10304.77312,80.98604878,416.5659836,950.9837124,1547.687967,402.7975208,5.56E-11,31523.44,1.16E-10,249.0670067,-5.40E-13
5142,2081.676423,18849.59611,226.1044096,444.4290449,9200.4967,73.81150795,1315.674282,635.0314457,1312.140252,1869.208283,282,36281.52,2.30E-10,8.648461298,-7.43E-12
5143,2254.366609,19534.70912,339.9228203,1180.719668,8983.874787,72.10816337,2305.350654,493.3743998,1329.059004,1980.575378,1076,39550,2.92E-10,0.060606202,-8.05E-12
5144,2238.799657,19386.0336,478.9175469,955.3272408,8771.726604,70.33467475,3560.269313,398.8134519,1300.102305,1975.76774,908,40044.03,3.38E-10,0.06213283,-8.07E-12
5145,2199.353066,18540.99195,385.0231618,854.0495503,8549.030333,68.13422679,4557.890308,392.7725507,1253.569781,1935.353647,678,39414.11,4.25E-10,0.058573427,-4.60E-12
5146,2092.869994,18224.4771,461.051864,613.0170477,8202.856898,63.26807922,5529.422983,286.9237997,1267.227202,1471.185624,1022,39226.92,2.45E-09,7.38059407,-1.12E-12
5147,2137.919142,18518.96875,556.5084094,421.0528414,8276.754564,54.68593732,5749.867202,315.3603769,1468.210109,1061.251386,987,39529.53,6.16E-10,18.04872204,-1.56E-12
5148,2108.261744,18336.14958,527.0298758,297.0912932,8190.276042,67.27192692,5689.456764,173.6995542,1684.444617,1656.893695,1,38726.34,9.42E-10,5.235088212,1.51E-12
5149,2118.283139,18385.5249,532.7394266,498.8036156,8260.333813,64.58121913,5528.926313,139.3340368,1664.711494,2007.962824,7.89E-11,38482.09,9.63E-10,719.1107809,6.59E-12
5150,2138.519024,18597.53145,537.3703088,417.1501599,8281.053576,65.70719328,4737.913328,172.2269397,1850.882319,1895.614196,105.52,38775.55,1.05E-09,23.93849612,1.07E-12
5151,2223.402339,19182.16697,549.9028303,554.6274608,8613.460152,68.41252515,3837.401903,260.2893204,2115.083042,2077.105668,291,39753.89,4.13E-10,18.96220969,5.05E-12
5152,2305.404061,20064.52282,560.0818651,1064.716924,8944.813097,70.20768607,2715.792482,367.7183316,2259.762153,2060.557321,310,40723.53,2.98E-10,0.046739877,6.02E-12
5153,2407.124851,21009.2532,584.1686539,1174.640139,9373.27485,73.18808269,1803.176848,518.314019,2368.612338,1731.938084,8.43E-11,40914.62,2.05E-10,129.0710686,-8.92E-12
5154,2531.723133,21476.69247,578.95331,1147.29847,9594.607516,74.37575203,871.6221335,510.6488442,2455.791146,1240.319255,8.84E-11,40149.55,1.52E-10,332.4820295,4.04E-12
5155,2465.694593,20674.71358,573.2745966,770.2267685,9285.343399,73.98571215,162.628809,469.9002133,2299.630204,2055.157489,107,38937.5,1.94E-10,0.055365409,6.59E-12
5156,2582.833981,20181.7894,560.4070747,738.346672,9741.037669,76.49293535,14.43533329,494.8077154,2308.5656,2142.095093,115,38955.76,1.52E-10,0.051468506,-9.10E-12
5157,2383.223346,18371.30283,79.87251153,502.6430622,9334.488127,73.04212875,3.357468465,367.8925281,2070.621651,2192.510677,948,36314.46,2.27E-10,12.49432769,2.97E-12
5158,1456.953331,15318.93787,65.41930978,259.0782396,9737.330063,74.95757891,0.023086544,432.5235656,2207.635675,2110.480688,876,32523.62,1.42E-10,15.71941218,-1.23E-12
5159,1200.362416,12618.3883,62.92617449,175.2617449,9725.313516,60.72099711,0.023010547,524.9309679,2124.676893,2062.370313,875,29404.38,1.52E-10,25.59433177,1.98E-12
5160,1235.694303,11406.44576,60.7044604,88.88199333,9606.348927,45.67682401,0.021383911,559.5831296,1854.944122,2065.318994,875,27769.31,1.44E-10,29.30989665,4.21E-12
5161,1232.431637,10801.17886,60.04019724,65.69627877,9390.22079,71.13952663,1.166035503,621.7685735,1518.289849,2038.938943,876,26627.53,1.55E-10,49.3406887,-1.93E-12
5162,1207.932959,10390.89069,56.99192598,63.42616954,9270.237052,72.05745563,0.050530709,674.9423935,1401.728115,2022.833164,884,25999.22,1.63E-10,45.87044936,2.52E-12
5163,1222.956189,10228.87507,51.38223723,63.36860314,9377.734698,74.83536577,1.164762365,913.813253,1426.644685,1924.524284,562,25815.19,1.80E-10,32.10914774,2.00E-12
5164,1232.967413,10237.95154,55.15728788,64.85608208,9401.871671,75.09638258,17.4060644,860.1422627,1378.294662,1720.167273,597,25594.1,1.63E-10,46.81063557,-3.55E-14
5165,1315.613674,10666.30911,85.79634674,178.7950252,9663.766706,73.24307461,391.3425295,976.5656575,1386.037751,2110.277264,367,27171.34,1.44E-10,43.40713762,3.67E-12
5166,1294.67032,11752.95093,98.42078043,311.7372471,9341.129727,70.25017934,1360.364519,1273.933607,1315.376453,2231.917723,966,30011.21,1.88E-10,5.541489679,4.96E-12
5167,1271.411326,13244.45076,100.1193386,663.3583478,9139.685535,73.538268,2374.050545,1206.432229,1414.993033,2217.765767,976,32681.76,2.28E-10,0.045148071,2.14E-13
5168,1152.576621,13273.43804,95.23583436,971.7311118,8577.95303,69.55601815,3829.94342,1030.395302,1411.190587,2099.188521,976,33487.16,3.96E-10,0.048488934,-2.81E-13
5169,1065.610144,12621.24363,85.23132738,658.9716965,8193.685268,67.42570227,4944.207726,975.7095465,1536.34258,1724.468185,926,32798.85,6.89E-10,0.045805914,2.86E-12
5170,1012,12117,58,268,7930,64,6410,739,1807,1459,925,32782.7414,0.003331586,6.255271916,1.14E-12
5171,1012,11280,47,279,7936,66,7060,777,2190,1717,875,33223.02528,0.651559723,15.32316482,-7.39E-12
5172,1012,10008,47,228,7926,64,7095,777,2552,1717,875,32286.76086,4.59148922,9.647646688,2.09E-12
5173,1012,8506,47,224,7932,65,7092,877,3004,1717,331,30722.72204,0.003799532,84.27415932,-7.13E-12
5174,1012,9149,48,309,7924,64,6380,811,3060,1613,446,30789.0678,0.925485536,26.00671244,-4.16E-12
5175,1008,9916,63,384,7918,67,5295,826,3094,2019,968,31539.51397,0.002768734,18.48326229,3.27E-12
5176,1131.167233,11994.16611,63.63161916,440.358296,8326.4238,74.30102332,4019.964469,905.6754033,3028.251515,2077.478625,975,33036.38,1.41E-09,0.038097291,-2.07E-12
5177,1289.722638,14058.967,98.92785318,809.1816847,8771.097525,84.81075085,2583.476318,875.2681958,2878.482501,2162.12255,1026,34633.57,4.92E-10,4.487014695,7.71E-13
5178,1379.933725,15362.2703,115.0926221,942.7998619,9178.689592,69.82266007,1163.899472,805.2660662,2715.184899,2323.478994,1086,35129.69,2.05E-10,12.74818949,-9.36E-12
5179,1468.70386,15703.02739,109.0192779,1228.883294,9485.814526,84.95938026,174.5153217,778.1965958,2489.196616,2421.052955,950,34893.33,1.62E-10,0.039216695,3.18E-12
5180,1533.960724,16307.24521,128.2409863,1300.577959,9629.092286,90.08758145,150.614877,741.1294464,2261.141149,2376.03736,1024,35542.09,1.82E-10,0.037583615,-5.38E-14
5181,1532.707404,15645.20879,104.4687715,807.8687948,9665.102349,89.81092559,2.43798775,698.9040913,2122.541717,2301.939533,974,33937.21,1.59E-10,7.780360095,1.76E-12
5182,1483.751624,13279.70372,96.26510337,278.7754027,9734.794182,91.14544807,0.022850108,651.6978462,2096.090083,2196.291071,900,30800.53,1.29E-10,8.007325514,6.93E-12
5183,1468.421615,11293.68919,80.88332582,116.4345655,9811.382551,91.35991081,0.023815887,623.246352,2054.545711,2015.634843,726,28267.77,1.29E-10,13.85187648,-3.38E-14
5184,1414.626915,10471.9424,52.4992994,108.6811406,9547.034801,90.56819681,0.020596627,575.8101068,1832.818245,1973.014492,725,26774.41,1.37E-10,17.60619539,4.03E-12
5185,1372.933637,9887.241885,51.59414676,101.3644683,9291.853633,85.58206928,2.172712285,394.9179316,1726.659523,1921.3113,725,25527.46,1.60E-10,33.17130639,-1.77E-12
5186,1361.902586,10033.18999,51.66730455,101.5836061,9218.573917,87.77336286,1.065736684,230.8481136,1220.134595,1939.864165,724,24940.42,1.51E-10,30.18337555,-5.33E-14
5187,1318.407007,9877.485018,51.59595031,99.72017552,8989.820979,83.46937287,2.148256462,233.5392106,1484.29057,1849.816411,724,24688.27,1.93E-10,26.02295094,1.80E-12
5188,1313.094363,9647.618744,54.13734882,99.7793363,8975.376628,82.43553159,12.15841903,224.3511703,1417.074561,1851.04639,724,24365.76,1.84E-10,35.31249206,-5.66E-12
5189,1319.305324,9969.944652,55.95546792,107.5199238,8979.948312,74.75634414,392.7636841,220.081943,1363.856741,1841.44452,725,25012.11,1.92E-10,38.46691253,6.42E-12
5190,1338.482892,10211.85329,56.94944768,141.6808042,8926.699566,73.97705019,1545.474167,195.7178479,1200.829021,1981.551998,874,26542.66,2.19E-10,4.556081764,1.49E-12
5191,1300.661482,10814.09285,55.44117117,357.2600551,8678.846272,82.08335723,2741.044118,180.5653515,1094.107494,2033.44849,925,28262.52,3.20E-10,0.030645346,3.15E-12
5192,1170.91195,10765.66561,49.19202015,474.6955294,8106.198261,82.01940173,4548.214114,91.72100259,1034.655458,1926.2904,925,29174.53,6.96E-10,0.033749937,-2.05E-12
5193,1134,10642,47,393,7938,81,5706,78,1094,1832.997185,925,29870.96239,8.30E-09,0.034790929,-6.09E-13
5194,1134,10470,47,456,7932,80,7380,90,1167,1817,925,31497.95521,0.00777223,0.03701604,-3.81E-12
5195,1138,10375,47,421,7928,80,8020,96,1260,1595,925,31880.51073,0.700718077,3.788556455,-3.29E-12
5196,1136,10215,47,414,7914,80,7955,133,1344,1595,925,31749.73699,4.713320262,3.549685628,-7.82E-13
5197,1134,9815,47,260,7921,80,7538,193,1446,1594,925,30913.5882,0.003024893,39.40877376,-3.38E-12
5198,1128,9810,47,244,7916,81,6685,257,1534,1797,1024,30508.66391,0.559605553,13.77648257,-1.61E-12
5199,1130,10499,47.00000003,370,7921,76.00000004,5370,401,1616,2019,1086,30525.64766,0.000298629,9.35204389,1.32E-12
5200,1258.815621,12743.2553,65.60248469,575.7259235,8524.304933,83.83848634,4062.269053,675.3844777,1821.607675,2171.108341,1086,33067.89,4.55E-10,0.022292167,7.08E-13
5201,1359.689422,14583.39516,81.15380972,1030.611691,8995.642567,86.67849232,2562.055276,892.1039133,1879.232342,2263.541995,1086,34817.95,2.71E-10,2.154668401,-1.61E-12
5202,1455.200677,15646.84904,94.42733917,1673.541614,9422.945077,85.98353171,1088.639756,880.9073089,1885.823297,2365.817313,1086,35680.08,1.79E-10,6.054956804,6.10E-12
5203,1551.085486,16218.44863,104.1497222,1273.421758,9806.869976,77.5808802,144.8602869,981.9979382,1920.531975,2470.849991,1025,35574.78,1.44E-10,0.016638607,6.07E-12
5204,1560.317755,16458.51289,93.59092319,1370.861626,9878.95877,78.38060956,143.1912212,1165.923848,1931.602777,2415.420292,1025,36121.74,1.63E-10,0.020708398,4.05E-12
5205,1541.816678,15467.93527,67.87472431,657.2434768,9842.057067,77.54626841,2.449547336,1143.856416,2043.918167,2309.974847,974,34124.56,1.55E-10,4.112463087,6.88E-12
5206,1477.261887,12184.16563,60.78867078,275.7033967,9826.140915,78.48852865,0.023638948,1173.767644,2182.356269,2144.574697,875,30270.11,1.28E-10,8.161276928,-1.46E-12
5207,1459.941929,10372.08522,58.0335225,122.2844453,9838.659719,79.39198042,0.023832595,1144.171534,2342.220791,1253.946339,825,27475.53,1.24E-10,20.22931506,-8.78E-13
5208,1377.085275,9447.213915,53.73518681,94.76859382,9390.551479,75.33877956,0.018206942,1104.536303,2477.068295,1166.360326,825,25986.5,1.52E-10,25.17635997,-2.26E-12
5209,1363.651217,8539.55114,53.26521434,88.25146121,9275.487973,76.08227169,1.167681985,1155.844898,2564.328803,1162.175283,825,25062.49,1.54E-10,42.31594255,-3.83E-12
5210,1344.402323,8080.828426,52.98208828,87.87413881,9144.663236,75.72823934,1.07503145,1204.212184,2703.223775,1143.389798,771,24562.62,1.64E-10,46.75923994,3.62E-12
5211,1411.163892,8591.042391,55.23584681,90.29535923,9432.917813,77.72840072,1.186011486,1155.839557,2774.99765,1232.809294,1,24793.66,1.84E-10,30.55621552,-5.31E-12
5212,1679.717301,9693.582753,63.82103773,103.435417,10087.81314,82.25780061,12.06980698,1081.196104,2851.121941,632.6901849,1.04E-10,25965.89,1.20E-10,321.8154891,4.43E-12
5213,1972.918335,13142.99192,121.7391224,129.7640262,10274.34667,83.19612329,378.9613149,1033.389506,2827.672547,320.0690659,9.29E-11,29935.64,172,177.4086237,2.61E-12
5214,2401.749984,16045.14459,375.1908834,432.7004696,9547.198607,78.11884708,1318.938422,799.4467914,2611.385214,1307.854718,7.40E-11,34763.47,1.62E-10,154.2585261,3.47E-12
5215,2664.504397,17476.88849,406.1640526,659.1330799,9119.717859,75.70688768,2655.314896,692.1315551,2355.004535,1971.298179,7.88E-11,37913.04,2.12E-10,162.8239285,-6.71E-12
5216,2655.411298,17771.93281,507.8738882,538.5553914,8967.181387,40.48422298,3813.082785,598.9241191,2294.97935,1534.048426,8.97E-11,38577.09,2.62E-10,145.3836749,-6.05E-12
5217,2555.424533,16799.1825,489.3793454,404.470613,8555.306171,42.83360202,4922.195949,474.4377121,2417.507724,902.2601117,1,37563.96,4.02E-10,0.038263001,1.07E-11
5218,2424.672095,15621.93071,452.5258874,289.2988381,7977.454841,63.16883225,6087.902904,347.1475896,2552.331196,913.7238203,1,36731.12,3.29E-08,0.036710361,-7.06E-13
5219,2416,15523,335,262,7954,64,6970,291,2596,800,1,37207.9298,0.244196792,3.826004919,7.26E-12
5220,2382,14947,279,296,7950,65,7325,264,2599,179,1,36281.72843,1.400102771,3.871471575,2.46E-12
5221,2394,15205,356,360,7939,65,7182,228,2509,272,1.01E-10,36000.61859,0.001320813,509.3800913,-3.41E-13
5222,2400.74826,15933.17307,363.7554631,340.3431359,7981.224266,62.20607241,6240.371438,263.7628789,2654.292892,440.4610961,1.05E-10,36361.51,4.18E-09,318.828571,2.39E-12
5223,2428.068908,17067.52381,288.0295901,358.0136311,8132.700414,65.23462294,5032.736587,321.8668335,2609.321273,1759.392258,8.14E-11,37653.97,1.59E-09,408.91793,-1.09E-11
5224,2630.898366,18547.78639,345.7866135,1256.789853,8972.690455,84.13742572,3911.261446,543.256745,2649.278545,2005.665825,9.01E-11,40135.63,3.53E-10,811.921663,-3.98E-12
5225,2693.191505,19627.40551,356.7028956,1921.455746,9191.078262,109.1364495,2502.946939,611.0089431,2499.845128,2125.338176,8.12E-11,41439.99,2.10E-10,198.1195589,-8.67E-12
5226,2810.072824,20670.31077,376.7061537,1573.564018,9749.750943,142.5342947,965.0746427,731.9338844,2361.374814,2138.62221,8.88E-11,41325.72,1.40E-10,194.2245503,6.11E-12
5227,2874.975443,21168.76556,391.098348,1141.458491,9953.898854,163.8790296,136.6157761,784.8134543,2025.543384,2136.276243,9.59E-11,40635.4,1.14E-10,141.9245819,-7.67E-13
5228,2987.472473,22279.8314,398.4985254,1194.703417,10436.69274,175.2055075,30.49652564,846.7743887,1786.598469,678.0793102,9.89E-11,40649.81,1.10E-10,164.5427542,2.16E-12
5229,2671.191461,19659.15046,455.6918401,676.4459875,9093.313906,145.7531092,1.263471513,545.0834269,1220.226308,2154.293004,934,37544.4,2.75E-10,12.01297346,3.33E-12
5230,2567.079485,15328.36421,225.0156143,311.5520522,9636.786368,145.6416582,0.021354153,612.6951376,1250.423136,2218.550393,925,33205.26,1.38E-10,15.86940654,-1.21E-12
5231,2414.370522,12778.41751,96.12291079,143.1497985,9853.224976,143.9473488,0.024005764,610.7166024,1217.444558,2179.923308,925,30334.85,1.35E-10,27.4915441,2.38E-12
5232,2370.81881,11773.40073,68.09601106,93.55996273,9666.676343,143.1332219,0.021589363,613.8408389,1117.849261,2062.898987,876,28754.03,1.35E-10,32.26575283,1.35E-13
5233,2324.318522,11119.62994,54.68680284,84.69014794,9415.372879,140.8060212,0.147774649,663.7501628,1001.389642,2045.549739,968,27762.84,1.42E-10,55.5016266,-6.18E-13
5234,2375.206593,10717.29803,61.28844836,85.31641081,9665.097436,143.3045743,0.107642187,704.9237104,1024.539834,2084.037057,455,27267.16,1.25E-10,48.9597396,3.66E-12
5235,2447.924939,11517.69578,103.078625,104.4029086,10111.15407,147.0923157,1.245736168,645.7637821,1159.131152,1153.390734,105,27464.7,1.23E-10,31.1800488,2.10E-12
5236,2429.446291,12474.70813,171.3134218,104.2157713,10015.65161,146.5170265,7.946314865,593.643971,1179.450414,1992.259183,7.25E-11,28288.73,1.36E-10,826.4221288,3.30E-12
5237,2745.357068,15721.58419,278.3082592,278.6968103,11186.80013,156.7360768,193.393724,784.9795628,1534.672155,371.1126409,8.83E-11,32094.75,170,986.8906189,5.23E-12
5238,2662.335548,18771.39439,284.7370822,611.1901474,9278.182842,141.8601416,1399.269881,480.6317712,1243.599524,1058.913156,1,35916.69,2.21E-10,16.4244811,1.00E-11
5239,2645.107956,19294.4031,366.3063787,809.902321,8965.569736,105.5511856,2446.7308,423.7992257,1413.82469,1921.353451,180,38564.1,2.65E-10,8.448841225,6.98E-12
5240,2640.329668,19168.36832,634.0935263,789.191329,8934.619664,117.4244275,4125.429897,363.7532795,1629.837769,1080.230761,107,39583.45,2.53E-10,6.8286388,-5.16E-13
5241,2586.528219,19073.79927,710.2385057,472.4019272,8676.792929,132.6120479,4840.206533,327.9854429,1742.587302,478.528213,7.69E-11,38895.4,4.17E-10,146.280392,2.61E-12
5242,2462.245686,18325.91793,697.3307768,503.5514306,8167.437373,127.6917491,5925.300023,309.4958162,1835.27798,74.71551846,7.87E-11,38280.74,3.88E-09,148.2242831,6.42E-12
5243,2423.580047,18108.18929,694.3267666,548.1451191,8094.525794,128.1379264,6341.32587,258.4942003,2033.461624,20.33455202,1,38085.48,566,0.041193139,-9.89E-12
5244,2439.941138,18049.63482,694.2677058,682.3482124,8093.606029,127.1221123,6128.982859,301.3938769,2189.37278,19.1219275,1,37847.75,879,0.041460222,-1.02E-11
5245,2408,17828,690,883,7944,126,5605,284,2129,5.65E-09,105,37930.99097,26.01585037,44.99317816,-1.83E-12
5246,2442.873458,18177.50764,694.7855575,347.2785763,8078.861865,99.08497709,4909.293347,466.0967409,2171.895704,1821.906659,7.63E-11,38290.3,3.03E-09,919.284528,1.93E-12
5247,2534.684404,18567.32889,710.4464671,599.2962978,8547.273586,130.7248406,4342.149156,343.2188925,2337.119882,1959.267239,7.30E-11,39723.9,5.23E-10,347.609657,-3.24E-12
5248,2632.26419,20499.23072,731.5186815,1170.038705,9040.065081,136.0300262,3115.949043,404.2205854,2183.558074,2164.454911,7.52E-11,41630.76,2.92E-10,446.5700146,6.20E-12
5249,2690.797792,20648.52856,749.6097206,1761.023295,9277.663793,137.3075117,1910.631898,379.9131833,2140.353767,2224.245383,6.36E-11,41796.86,2.24E-10,123.2149083,-5.87E-12
5250,2800.113081,21124.41894,734.5916905,1329.924563,9636.643496,139.6016892,751.5513862,562.4107205,2126.859055,2285.789454,6.36E-11,41300.58,1.52E-10,191.3240718,-1.02E-12
5251,2896.245536,21227.9953,767.6712665,630.3011395,9910.459551,143.6838566,107.9185239,813.1335306,2017.744985,2116.247075,1,40625.54,1.30E-10,6.860760892,-3.20E-13
5252,2915.318279,21383.81662,763.3997934,690.499705,9953.34231,145.7463609,19.58370957,731.0871276,2082.685415,699.8726221,892,40268.87,1.41E-10,8.48193924,-9.61E-12
5253,2623.903636,18316.55526,317.5283947,415.8197646,9166.668309,139.9362269,2.281217264,666.4332852,1851.042499,2128.057208,974,36602.17,2.87E-10,0.055804964,1.12E-12
5254,1707.76043,14139.03994,64.22884669,116.4652916,9746.899998,143.8700889,0.022900561,947.5092386,2001.828257,2182.309549,872,31921.89,1.27E-10,0.044540929,-4.68E-12
5255,1459.825255,10986.76582,59.9129412,162.4623637,9946.135279,146.245987,0.025250347,1152.032002,2066.253311,2132.601907,871,28983.22,1.31E-10,0.040112845,-4.35E-13
5256,1394.220082,10433.66493,54.4749285,81.61416257,9542.306129,141.3465026,0.020130472,1095.698002,1871.887165,2082.38532,871,27568.57,1.47E-10,0.047349002,-3.30E-12
5257,1365.855435,10096.93832,53.75023126,76.4801518,9460.736135,141.0310261,0.113973989,1104.363643,1776.843549,1890.874407,674,26640.93,1.43E-10,0.056869629,-9.13E-13
5258,1344.244099,9614.999765,53.72367495,75.5944726,9337.084509,140.8847385,0.053761079,1082.358018,1772.696772,1903.154789,674,25998.73,1.38E-10,0.064599155,-7.85E-13
5259,1349.142198,9520.805876,56.81450358,76.29611761,9393.545745,141.5649127,0.130611265,1185.645374,2016.668222,1776.777747,575,26092.33,1.89E-10,0.061306015,-4.29E-12
5260,1670.232501,9844.645346,75.88316869,137.804139,9387.387117,141.6367033,5.753386209,1094.784954,1984.965354,2059.550778,791,27117.93,1.99E-10,75.71344801,1.86E-12
5261,1890.334783,12670.92015,102.8186405,138.143838,10174.07726,149.493443,434.2531436,959.4859027,2179.315567,2259.072252,166,31054.48,1.23E-10,69.43497139,5.83E-13
5262,2385.195994,15655.0871,73.63398524,375.5756205,9424.254654,144.3038109,1398.189363,946.7238009,1977.315784,2328.701389,1065,35766,1.95E-10,7.981504157,8.58E-13
5263,2635.968211,16601.98109,77.71472416,705.5266088,9027.54881,109.2235564,2653.098213,936.4365163,1856.276415,2272.071135,1086,37953.72,2.71E-10,8.125280967,-9.02E-12
5264,2490.355861,15488.06637,165.302089,641.5610966,8508.352391,107.0140137,3950.794156,1150.204657,1968.485856,2135.112257,1086,37683.51,5.94E-10,7.738742795,7.72E-12
5265,2393.751091,14379.75391,311.6233272,339.8460704,8156.359423,129.1680461,4919.219751,984.4601548,2073.658733,2055.293308,1086,36821.14,2.16E-09,7.993812969,-5.61E-12
5266,2345.103124,13221.29595,405.2745603,239.2314619,7963.511029,128.6029674,5359.022019,1185.305146,2472.60022,2018,1026,36356.83,0.001022134,7.115459747,4.40E-12
5267,2385.79752,13335.725,424.2508885,251.4106136,8099.880822,129.8837305,4998.149301,1185.446089,2628.571039,2060.239952,1025,36524.31,1.16E-09,0.044958484,2.64E-12
5268,2376.659613,12633.30771,429.4322722,240.1122271,8018.944683,128.888691,5157.74484,1230.151959,2913.292724,2028.179566,1025,36181.66,4.89E-09,0.054289189,1.55E-12
5269,2393.949349,12059.29936,432.4312039,252.4005578,8150.542647,130.0907727,5160.232003,1275.290784,3034.054461,2049.438432,1009,35890.23,1.83E-09,56.49956994,2.31E-12
5270,2481.992609,12461.82743,454.6625374,258.0670403,8637.616745,105.9169168,5138.96076,918.6802575,2623.281607,2136.366103,924,36082.63,5.88E-10,58.74200241,2.27E-12
5271,2490.866455,13355.78786,551.688586,335.5522967,8507.210771,107.1797335,4225.060228,1457.082733,3195.031745,2148.879154,1085,37419.6,6.01E-10,39.73956105,-2.10E-12
5272,2574.725479,14902.88244,688.9441475,522.7825933,8854.960285,134.9413413,3315.905419,1605.568867,3347.756065,2246.946506,1086,39217.88,3.19E-10,63.53313991,-4.80E-12
5273,2667.492964,16284.03247,710.1398609,705.9441454,9169.557823,141.2328743,2005.958401,1691.489797,3226.49649,2293.972148,1086,39963.41,2.53E-10,18.90697437,7.32E-12
5274,2753.881272,17329.01404,723.4556841,762.2242487,9513.964612,144.6885528,810.0727177,1532.63575,2982.188153,2429.200555,1086,40035.29,1.58E-10,32.0355835,-1.07E-12
5275,2806.575229,18210.03035,494.3003885,548.105708,9707.426679,147.358737,113.7287539,1416.383892,2567.102897,2456.312448,1025,39485.91,1.52E-10,6.415084888,3.88E-12
5276,2831.218906,18522.13313,485.1481952,661.126532,9815.586425,147.6698845,90.82878984,1248.773835,2397.976951,2367.61821,775,39335.68,1.63E-10,7.400855585,-9.08E-12
5277,2733.846346,16547.39592,116.4311278,602.6709585,9473.415419,143.3829909,2.384094654,959.1964026,2210.684084,2259.20311,973,36021.56,1.95E-10,0.050449197,-2.82E-12
5278,2678.255575,13315.14416,11.1269368,212.2256334,9578.25854,146.4019291,0.020605439,811.4990648,2142.598478,2085.840275,875,31856.32,1.65E-10,0.051195687,-1.57E-12
5279,2635.458242,10848.41182,8.182266232,143.840531,9497.436114,145.3490722,0.019528082,796.8650125,1992.816285,2014.388421,875,28957.71,1.90E-10,0.057291115,-5.38E-12
5280,2617.650373,9684.019559,6.833002185,85.28233312,9405.546506,143.9948654,0.01827006,675.6306428,1956.032057,2011.643159,875,27461.59,1.89E-10,0.06076787,1.18E-12
5281,2587.745296,9264.277031,5.841205312,74.56594756,9243.013428,142.7665124,1.113264369,585.4321983,1892.660259,1990.42623,875,26662.78,2.01E-10,0.061372005,-3.62E-12
5282,2580.746864,9320.876566,5.878276112,73.84305089,9174.629418,142.5831848,0.045924032,520.7488483,1778.845172,1971.929099,868,26438.06,2.17E-10,0.066402133,2.68E-12
5283,2613.265463,9429.304604,8.739256758,75.95034066,9404.414314,145.1431798,0.127713564,598.1782229,1857.345129,1942.349872,289,26363.75,2.23E-10,0.068094659,1.28E-12
5284,2681.317023,10182.42516,16.8461765,88.48822321,9724.95611,148.7030592,4.042602927,677.7501409,1928.97962,2208.010193,6.42E-11,27462.16,1.70E-10,199.3583091,-3.33E-12
5285,2768.003016,12707.4971,34.39744209,153.3959339,10036.44178,152.5425314,235.7048142,664.8567809,2089.052968,2314.146834,406,31490.55,1.38E-10,71.48920885,4.58E-12
5286,2764.53936,16001.51495,239.1911325,422.5554352,9691.198189,149.8385654,861.2611873,586.1806993,2173.51866,2382.387809,1076,36340.39,1.66E-10,7.795988902,-2.65E-12
5287,2719.771235,17206.63227,506.9421204,989.5901267,9414.173365,137.1933273,1740.908392,546.0087361,2280.391766,2359.436038,1086,38978.94,1.97E-10,8.107370627,-2.16E-12
5288,2604.100354,16547.81066,540.182806,1214.864836,8965.287165,136.7892254,2860.322134,610.0212656,2626.237994,2271.852213,1086,39456.16,2.50E-10,7.308648588,1.20E-11
5289,2543.089281,16193.5754,537.492105,641.1859493,8810.792868,136.7334663,3247.052601,623.0072903,2969.231979,2202.934316,1086,38984.12,3.22E-10,6.975261281,7.17E-12
5290,2458.234695,15632.80278,508.0112528,435.2354219,8561.625242,134.1333053,4220.275376,641.0977271,3021.660912,2083.405707,1025,38714.62,1.01E-09,6.862416072,-8.87E-12
5291,2441.005042,15344.90174,492.0686754,501.3567788,8438.236277,134.9294865,4475.5328,558.5142929,2971.447576,2078.837348,964,38400.78,8.19E-10,0.050020027,-3.74E-12
5292,2360.730811,15097.52662,487.994847,476.4403402,8406.32775,133.4834041,4596.625477,541.6757456,2813.155627,2062.665255,788,37764.57,1.08E-09,0.055881446,-7.13E-12
5293,2455.716999,14702.23519,556.0652258,497.4460776,8505.020595,135.5706278,4311.585566,1005.045135,2593.20786,2065.100628,1023,37794.75,1.18E-09,55.24390695,5.40E-13
5294,2484.880861,14331.58462,637.1178562,305.2701916,8510.204807,130.2239206,4400.919311,1297.129645,2578.86079,2074.765639,1024.98,37711.29,1.34E-09,64.6476395,-2.13E-12
5295,2548.699256,14693.41949,950.3065081,316.397489,8708.314845,141.5705255,3759.277038,1607.655068,2641.650649,2165.740317,1085,38575.23,5.15E-10,42.80118564,3.46E-12
5296,2621.171001,15736.59125,1109.890935,557.3689115,8974.451517,141.0194929,3032.108388,1780.652961,2757.326744,2235.271911,1086,39973.89,3.37E-10,57.96311061,-5.68E-13
5297,2700.45128,16921.51941,1158.245051,619.3901413,9283.021978,144.645485,1949.982648,1725.45485,2646.355499,2296.424523,1086,40510.85,2.50E-10,20.64086538,2.18E-12
5298,2792.519234,17656.92207,1171.206435,865.9056645,9554.554753,146.9092533,908.3614029,1342.623033,2510.021204,2433.798963,1086,40437.51,1.56E-10,31.31201081,6.24E-12
5299,2937.854214,18399.43544,1204.28637,757.8656185,10104.08431,154.8207045,137.8174913,712.2386744,1729.442085,2557.659095,1025,39716.62,1.22E-10,3.883999228,-4.69E-12
5300,2856.710224,18155.10007,1190.200755,703.8980573,9804.096459,152.8461798,92.36139421,896.1593008,1864.477449,2384.523139,1024,39119.81,1.55E-10,4.563030672,-1.90E-12
5301,2719.091458,16151.70586,749.90838,527.4391622,9720.134616,127.4459438,0.419855604,857.1084585,1661.823911,2242.747929,824,35581.79,1.54E-10,0.035570136,3.56E-12
5302,2120.263542,12935.99133,61.49520764,161.7855164,9936.07078,152.4170394,0.024991125,1668.88044,1616.171174,2040.805913,530,31223.87,1.11E-10,0.035936416,9.37E-13
5303,2067.537809,10096.8179,78.89104471,127.7393033,9793.868644,150.764179,0.023383085,1738.528357,1779.916913,1931.689943,527,28292.73,1.30E-10,0.047471552,-7.68E-13
5304,2031.030364,8950.863938,85.04436825,103.0045023,9579.743686,149.3420019,0.021058556,1627.12982,1801.422362,1916.98984,527,26771.54,1.34E-10,0.051941156,4.83E-12
5305,1976.373039,8859.701221,59.89981773,90.73162604,9248.068986,145.1661021,1.10201414,1398.653693,1689.244348,1853.815532,527,25849.7,1.56E-10,0.056378673,2.30E-12
5306,1951.350477,8747.474767,56.57649918,89.39325732,9109.405121,145.0552091,0.045584462,1583.115961,1556.738018,1798.30004,526,25563.39,1.87E-10,0.064934177,-7.49E-13
5307,1964.609228,8429.889184,58.40321503,95.23301674,9166.933319,144.9346243,1.1281942,1682.988918,1771.264518,1737.97045,526,25579.28,2.17E-10,0.074667364,2.90E-12
5308,2036.260171,8877.31262,80.44402578,110.5559956,9522.948326,150.3153282,6.738740572,1643.790322,1897.888234,1875.273056,628,26737.1,1.82E-10,92.42681987,1.86E-12
5309,2302.393592,10896.7379,93.396485,161.5100808,9897.551328,155.3231979,393.5485605,1612.078803,1823.322134,2294.046723,1021,30583.79,1.47E-10,67.11880143,2.46E-12
5310,2808.416573,13433.10442,226.6568476,413.1346799,9686.669721,151.9032991,1469.047869,1785.582563,1931.717735,2356.87427,1086,35342.73,1.78E-10,6.377978043,3.69E-12
5311,2731.370727,15219.57017,433.2174309,897.4559061,9238.44038,144.9174841,2221.311418,1748.289166,1880.454559,2305.964467,1086,37899.61,2.36E-10,7.381712523,1.06E-12
5312,2623.069789,15103.44917,485.1365144,1252.085193,8612.791876,138.4959575,3449.297269,1790.873579,1835.554851,2202.121614,1087,38573.22,3.54E-10,6.655808932,-2.10E-12
5313,2611.836249,14961.89972,471.6941886,954.5331262,8534.600694,139.6718432,3469.211993,1865.84374,1990.827031,2170.276826,1087,38252.31,3.98E-10,5.08540949,-4.04E-13
5314,2588.377653,14957.04566,461.682999,911.8408568,8513.594771,138.5210343,3969.5395,1770.745626,2132.697487,2118.12484,1026,38582.78,6.19E-10,5.390424577,-4.14E-12
5315,2565.134552,14515.75523,416.3489235,865.7100944,8441.910132,135.7940205,4339.059156,1888.896468,2300.588292,2122.238088,1026,38617.4,4.83E-10,0.034956544,3.55E-12
5316,2438.398679,13590.60692,264.1101611,801.7660595,8219.785771,96.12848957,4768.375554,2215.492234,2500.28835,2077.926952,1026,37998.84,8.27E-10,0.039170551,2.91E-12
5317,2369.83564,12631.99036,251.4470345,503.6438341,8286.582903,97.33156667,4329.893646,2386.845123,2675.110855,2081.583057,1026,36595.99,8.51E-10,44.27401753,-9.14E-12
5318,2325.103455,11861.12301,243.4250974,260.7985104,7967.687675,94.74109291,4996.143846,2228.983355,2724.624629,2036.216923,1026,35710.25,5.11E-09,54.59759086,-1.78E-12
5319,2515.116751,12102.23816,248.7637491,273.65451,8096.216951,96.84844536,4483.296116,1955.737487,3017.862128,2094.56292,1086,35931.15,1.10E-09,39.14721668,1.05E-11
5320,2662.425799,13481.37668,395.1227499,455.8885778,8729.255826,101.792018,3616.718526,1930.576079,3006.48725,2181.07449,1086,37585.33,4.64E-10,61.38799119,-3.20E-12
5321,2725.397911,15114.1565,368.07063,675.0115394,8985.933017,104.5508501,2297.619437,2044.655687,2772.608114,2280.844697,1086,38432.41,2.67E-10,22.438384,7.82E-13
5322,2790.18605,15911.06331,500.665612,734.2313134,9240.556737,107.684169,977.3959731,2051.849487,2662.176148,2340.536506,1086,38367.5,2.06E-10,34.8453015,-2.07E-12
5323,2880.814201,16100.41163,511.4115401,1086.976375,9553.076957,112.6004409,103.9955709,1286.361912,2197.620514,2499.071186,1026,37352.04,1.39E-10,6.300326041,2.49E-12
5324,2890.354968,15894.15914,513.6501712,1400.615311,9554.026915,113.251193,102.5386281,1371.022294,2031.966732,2377.885419,1025,37268.36,1.59E-10,6.110772428,6.69E-12
5325,2888.142763,14089.63662,368.8912326,497.4972032,9352.866837,112.2363178,2.450877236,1853.177209,1978.269861,2138.599179,874,34155.73,1.59E-10,0.038097189,3.23E-12
5326,2806.315121,11000.12668,473.9812565,142.5137694,9357.508569,113.330535,0.02328523,1728.371181,1938.086064,1903.666122,726,30189.87,1.20E-10,0.052584937,-4.09E-12
5327,2759.4041,8325.194172,474.2184281,135.8527675,9341.206103,111.8273246,0.0219235,1719.460806,1866.359446,1799.151939,725,27257.68,1.43E-10,0.017009396,-2.72E-12
5328,2775.501797,7925.97609,476.1452261,124.0306729,9301.993073,112.3985368,0.022910639,986.4996814,1475.523414,1840.251693,793.2169047,25811.56,1.28E-10,4.44E-10,7.08E-12
5329,2651.539651,7321.230949,480.5033722,116.9791299,8613.222571,105.0347132,1.104848444,1522.644284,1638.780867,1718.19287,725,24894.23,1.79E-10,0.003256768,-4.38E-12
5330,2660.849203,7170.78841,486.4185299,117.3849574,8642.336099,111.0651018,0.046980567,1387.429106,1439.92719,1745.992553,725,24487.23,1.63E-10,0.008130833,2.06E-12
5331,2654.061793,7462.50953,530.121673,125.4188152,8760.808561,126.8201644,0.121476757,1166.593867,1267.473764,1661.0326,725,24479.95,2.00E-10,0.012246038,2.35E-13
5332,2661.729715,7408.637747,660.7935159,135.3716872,8789.098776,121.1070626,6.146587314,1051.02346,1232.620393,1738.459261,774,24562.77,2.20E-10,16.21820381,5.12E-12
5333,2766.712162,8002.740175,502.3822099,162.9452296,9171.727366,111.5397919,400.5350415,1120.158509,1352.969519,1973.629064,874,26435.98,1.61E-10,3.359067333,-2.16E-13
5334,2705.500928,9818.752648,492.5396294,289.6901453,8647.39883,105.99377,1625.451637,960.3577359,1205.004226,2202.299694,999,29051.26,2.62E-10,0.729244209,-4.83E-12
5335,2637.890333,11205.54054,425.3580646,515.9567346,8260.273759,100.7965103,3066.389591,737.3236295,1120.566704,2167.82211,1000,31236.61,3.50E-10,1.307971844,4.13E-12
5336,2521.984514,11700.70521,244.1256012,639.3163584,7666.33438,94.25322375,4323.706387,580.9908009,1168.825607,2102.883511,1000,32041.15,5.09E-10,1.975595034,-3.90E-12
5337,2471.075092,11519.92948,240.1133109,369.6908206,7468.301349,91.40606007,4822.902348,444.5947761,1344.590614,2050.524243,1000,31820.96,7.95E-10,2.168094234,2.61E-12
5338,2409,11041,231,324,7268,90.00000001,5725,346,1473,1969,999,31873.04906,0.000699894,1.950242946,6.50E-13
5339,2414,11161,231,310,7270,91,5730,302,1632,1993.13831,999,32133.12369,2.13E-09,0.014622228,-1.75E-12
5340,2415,10474,232,275,7270,91.00000001,5155,365,1936,2006.597996,999,31218.58565,1.38E-09,0.012350839,3.36E-12
5341,2482.699195,10211.78287,241.326832,299.8918519,7521.730783,93.94745427,4416.630348,434.1427327,2172.089693,2032.482796,975,30872.38,4.65E-10,9.34455051,2.31E-12
5342,2564.099648,10959.91354,259.9397845,282.6005331,7870.991578,99.56350804,3534.825055,571.8171337,2499.824497,2047.153929,975,31659.24,5.19E-10,6.489208345,-5.45E-12
5343,2682.00582,12430.22436,280.9786622,329.8811502,8276.32887,101.5298022,2580.972953,843.289341,2839.549034,2182.059101,1014.550905,33561.37,3.44E-10,1.83E-09,2.71E-12
5344,2801.475191,13874.13712,310.2294628,496.9147849,8699.353581,108.2764245,1750.252761,1504.986174,2981.614002,2303.440475,1041.500021,35872.18,2.12E-10,6.40E-10,-1.42E-12
5345,2857.919474,14427.18176,321.749458,621.6014144,8905.137349,124.4073163,959.3235162,1815.09403,3071.57902,2317.033741,1031.362922,36452.39,1.99E-10,7.88E-10,-4.58E-12
5346,2885.3845,14706.92202,108.126012,634.523931,8990.201213,144.1122126,336.1092079,1710.644583,3042.500821,2409.697076,1056.638428,36024.86,1.47E-10,5.26E-10,1.11E-11
5347,2944.834115,14403.5463,121.176561,511.6300849,9233.293468,157.8512085,32.6980117,1840.597287,3021.183087,2436.247117,799.2727653,35502.33,1.28E-10,5.33E-10,1.50E-12
5348,2917.168474,14190.98903,149.9679003,503.8149248,9273.566911,157.7151706,18.63973482,2118.376054,3141.78438,1895.037962,434.3394572,34801.4,1.46E-10,6.79E-10,-2.81E-12
5349,2790.200502,12078.18536,103.2087713,446.2361788,9307.903589,156.9958594,0.415103544,2280.91986,3348.568221,628.4421628,865.6143894,32006.69,1.51E-10,3.60E-10,-2.39E-12
5350,2119.667972,10283.44505,72.88853525,121.3972612,9232.68893,153.565945,0.025089249,2263.150923,3276.223704,464.1686209,740.9479751,28728.17,1.21E-10,4.76E-10,-7.01E-13
5351,2062.896713,8303.148758,68.53445532,105.3935756,9091.397753,153.501322,0.023361155,2128.959577,3156.007563,306.7402693,713.946652,26090.55,1.77E-10,8.40E-10,-6.24E-12
5352,2021.943026,7490.216741,65.9608235,82.52823401,8939.542494,151.296405,0.021381933,2053.650999,2960.544877,320.4597988,705.5052204,24791.67,1.66E-10,1.07E-09,1.82E-12
5353,1943.135013,6727.455779,62.97570203,77.45243822,8701.50179,148.3342234,1.146820608,2248.989228,2837.545576,308.7740845,675,23732.31,1.71E-10,0.000654798,7.05E-13
5354,2039.114531,6707.281461,68.10524458,82.44172212,9259.284185,158.0264194,0.050733761,1357.844268,2322.761273,424.7456484,715.9745142,23135.63,1.20E-10,7.10E-10,-2.75E-13
5355,1889.399545,5765.355467,62.22619504,75.40522246,8453.477789,138.6518478,1.121332154,2335.409654,2759.26633,759.1101559,675,22914.41,2.26E-10,0.013538806,-2.35E-12
5356,1898.350513,5649.846032,67.66594954,94.50406089,8594.929885,147.4827245,3.06622618,2474.799258,2787.198173,781.3993501,675,23165.26,2.02E-10,8.982171054,-8.46E-13
5357,2041.359029,6915.994864,78.80558363,116.8388764,9271.931307,154.6926237,121.3691928,1531.378091,2224.67533,864.52651,678.2985926,23999.87,1.30E-10,4.51E-09,-2.28E-12
5358,1945.943571,6837.636239,77.30790829,142.6414429,8468.800078,133.208678,553.4495475,2601.179943,2745.106837,1798.358454,775,26078.1,2.11E-10,0.53269921,-7.29E-13
5359,1962.279988,8773.586199,89.21203023,378.7099789,8515.021808,145.2625173,1272.444788,2233.403216,2845.072634,1994.714505,850,29059.43,1.98E-10,0.277666405,1.71E-12
5360,1946.216446,11287.03054,89.15427026,515.1752471,8093.858924,140.4896711,1933.503932,1827.378071,2870.548964,2104.297544,925,31732.01,2.18E-10,0.643608186,6.42E-13
5361,1905.946367,12202.78358,93.49698747,517.534419,7957.834749,139.4681508,2505.842344,1817.450412,2947.500119,2191.1779,975,33253.29,2.11E-10,0.745023502,4.59E-12
5362,1909.65384,12999.57075,97.46675404,347.9515574,8108.202637,139.3000364,2878.118112,1933.436842,3106.351732,2127.641343,975,34622.07,2.68E-10,0.623606286,-4.65E-12
5363,1905.431322,13100.62757,92.0205594,513.9194414,8039.620771,137.8395481,3112.243154,1841.833645,3139.406893,2148.653693,975,35006.59,2.22E-10,0.006593049,6.19E-12
5364,1924.070468,13550.47313,80.59144946,261.1965687,7966.966364,137.5491422,2967.715768,1530.714095,3045.950324,2116.397401,975,34556.62,2.60E-10,0.004710072,3.36E-12
5365,1962.263925,12678.30982,78.63565154,254.2113686,8034.418288,138.4745402,2996.321748,1807.84515,2821.782123,2108.466103,975,33846.66,2.78E-10,9.068714131,-1.36E-12
5366,1986.400518,13396.57325,86.71845568,413.5378101,8053.575941,138.7430815,2845.679264,1299.152598,2637.625822,2151.204065,1054.199195,34063.41,5.27E-10,7.73E-10,2.79E-12
5367,2021.858477,15006.46354,107.0635758,584.2040042,7976.9853,141.3825489,2434.687146,824.4468996,2629.420811,2226.191429,1086,35033.74,3.57E-10,4.963735451,9.50E-13
5368,2079.677054,16137.15999,112.2437139,1698.061548,8186.679871,144.5205528,1796.546115,536.0047402,2402.535594,2296.911043,1087.449775,36477.79,2.60E-10,2.11E-08,6.00E-12
5369,2330.042687,16696.82165,146.2712182,2181.115184,8445.548277,147.5767848,1021.076857,441.3267913,2267.517676,2316.160958,1125.991912,37119.45,2.36E-10,6.42E-10,2.29E-12
5370,2674.716931,16775.29465,159.6195927,1843.059912,8685.412081,149.5741192,416.5004935,594.8731667,2111.491367,2397.667978,1120.71971,36928.93,1.75E-10,7.47E-10,2.88E-12
5371,2744.593341,16804.90276,164.7018157,1919.344271,8547.756763,154.8343277,40.96273235,615.120579,1944.347167,2477.622116,1057.954126,36472.14,1.46E-10,7.51E-10,-2.29E-12
5372,2767.039976,17417.03947,165.3743533,1480.720184,8129.045641,156.0113937,11.31222701,516.8755951,1908.991264,2326.071782,1034.168111,35912.65,1.84E-10,2.86E-09,-2.34E-12
5373,2664.28523,16364.75539,124.2730147,664.758005,8128.298821,154.7216458,0.29784929,447.9872316,1805.9945,2064.911462,936.4468473,33356.73,1.76E-10,5.86E-10,9.43E-12
5374,1623.801317,14187.10198,89.46415628,366.6519834,8382.847041,155.062958,0.022177842,476.2495127,1651.913994,1933.927951,800,29667.04,1.45E-10,0.003072584,2.00E-13
5375,1423.327648,12133.85677,99.21088106,154.282593,8309.355671,152.5948368,0.021096953,581.5519351,1596.336069,1884.363066,812.969433,27147.87,1.56E-10,3.21E-09,-2.36E-12
5376,1372.972877,11521.80867,71.94252925,89.93192009,8049.239038,149.8427885,0.017793002,509.5541019,1405.478598,1878.771482,819.8701998,25869.43,1.58E-10,1.85E-09,-2.90E-12
5377,1354.873157,11243.35351,59.97764738,88.09666467,7929.999597,148.5125976,0.129722946,395.2090928,1309.80357,1836.798504,803.825935,25170.58,1.81E-10,1.87E-08,5.24E-13
5378,1357.926789,11241.4689,58.97867418,93.2831942,7835.261765,148.3846384,0.030008495,278.3915343,1194.677377,1828.535492,799,24835.93,1.86E-10,0.008373319,2.34E-12
5379,1422.185228,11712.28592,62.56095409,98.79197668,7959.469132,149.3122947,0.123457592,310.7769931,1226.50256,1425.591515,722,25089.59,2.16E-10,0.010027265,2.46E-12
5380,1871.315228,12603.91669,70.85127625,123.6353102,8086.991541,149.5365079,1.099232514,393.110239,1319.712338,1363.874026,631.8676083,26615.91,1.96E-10,8.32E-10,-2.48E-12
5381,2145.386922,15266.23404,108.4893034,144.0868678,8922.707688,166.652311,163.6891258,545.784991,1523.662323,1719.771708,65.65471802,30772.12,1.16E-10,2.26E-10,7.10E-13
5382,2282.565456,18444.2626,116.9991022,500.1635424,8017.76279,156.669324,816.5474374,464.7821861,1375.303014,2324.835188,1000.719363,35500.61,2.00E-10,1.75E-09,-9.46E-12
5383,2805.14718,19405.7979,127.8339214,921.938374,8045.831666,157.3044058,1509.547852,472.4571417,1325.110909,2355.856602,1114.554052,38241.38,2.00E-10,1.01E-09,2.05E-12
5384,2731.903498,19674.83887,125.872104,1620.669859,7625.12536,147.5404834,2862.340675,197.8718897,1057.49885,2264.534504,1089.793908,39397.99,2.63E-10,8.84E-09,-3.59E-12
5385,2731.491398,19564.78806,115.4121104,1540.345276,7632.942451,144.3395784,3240.442066,143.6485588,941.7898648,2251.662872,1086,39392.79,2.58E-10,0.072231526,-6.19E-13
5386,2628.030778,19051.02489,101.1107622,1082.694201,7392.956254,145.3884761,4341.746042,199.1329777,1149.484582,2139.022053,1025,39254.95,5.26E-10,0.64101202,-1.86E-12
5387,2568.079459,18340.34407,89.70205812,619.1848437,7259.921225,137.0391241,4652.316502,751.7675995,1468.467222,2108.267531,1025,39020.08,6.13E-10,0.009633044,-4.54E-12
5388,2555.460797,18392.59607,69.98948677,381.4172828,7249.879143,141.7406045,4728.899815,756.9539963,1570.621501,2073.388696,1025,38945.94,9.61E-10,0.007387856,-4.61E-12
5389,2526.637922,18140.62144,66.11309636,227.4572975,7252.692633,136.8449421,4752.227487,915.1781262,1665.577999,2083.440474,874,38638.19,8.38E-10,2.601418257,-4.09E-12
5390,2547.996161,17920.88796,313.4551295,359.1979386,7241.092025,138.9373841,4467.218508,923.499547,1745.12618,2025.263318,1024,38702.51,6.54E-10,4.164152086,-9.19E-12
5391,2618.477684,18794.38929,547.1574943,445.1106139,7285.645309,141.4138956,3728.750613,814.6316803,1805.133647,2259.266543,1033,39467.63,2.99E-10,5.346770318,-1.03E-11
5392,2697.333972,19684.77465,605.9193103,1119.452764,7556.047194,144.8132917,2821.732045,1043.299228,1797.33599,2272.62547,1085,40827.13,2.86E-10,1.203916702,-2.11E-12
5393,2771.844119,20442.27118,553.4190264,1513.829954,7932.665954,148.004048,1660.898777,997.5991854,1689.196346,2360.134507,1084.696899,41154.56,2.07E-10,2.03E-09,9.29E-14
5394,2803.717516,21315.44708,639.5830316,1090.046114,8213.489686,152.5681689,644.1833016,1038.232772,1591.766027,2478.550021,1124.786287,41092.37,1.51E-10,7.65E-10,-1.44E-11
5395,2893.193218,21455.04805,660.5477633,1003.507215,8441.536796,159.2886003,49.75353535,919.4113996,1490.210245,2559.355005,1056.548172,40688.4,1.25E-10,8.63E-10,-5.57E-12
5396,2880.092877,21115.31428,624.4393053,870.6877137,8295.346594,155.7479469,71.16822001,976.6869524,1374.02946,2374.457749,1073.578905,39811.55,1.60E-10,5.83E-10,-8.22E-12
5397,2847.216825,18564.87279,169.0778341,427.8828084,8184.282894,154.3726414,0.236836621,933.3187912,1428.245756,2245.060539,1039.512284,35994.08,1.85E-10,5.47E-10,-3.80E-12
5398,2780.094196,14759.76852,68.49254158,200.1171315,8022.922434,155.6817012,0.021462349,1026.157138,1449.477247,2092.181146,879.2264774,31434.14,1.39E-10,9.15E-09,2.11E-12
5399,2683.48816,12381.37678,61.81677069,108.1358964,7568.052714,149.1703265,0.016684357,1089.99874,1532.57523,1946.73303,872,28393.36,2.16E-10,0.004336261,1.11E-12
5400,2632.436641,11674.23123,58.28440218,76.80084571,7326.895166,144.9447658,0.013865014,870.3586334,1428.921465,1941.168745,872,27026.05,2.19E-10,0.005757496,4.50E-12
5401,2620.702644,10651.8104,57.16437212,73.9064147,7443.003504,142.9906593,0.091726062,851.4217105,1477.473108,1958.1413,872,26148.7,1.99E-10,0.00584027,-1.87E-12
5402,2621.669639,10199.63498,57.33546367,71.04073705,7468.847017,140.2196435,0.026422993,855.5699822,1508.212954,1968.598786,872,25763.15,1.91E-10,0.005624237,-6.00E-12
5403,2650.798012,10165.50424,59.67989155,72.52374251,7553.665148,141.7975665,0.087411448,748.2355726,1674.621262,1896.309584,869,25832.22,2.55E-10,0.002432256,-2.19E-13
5404,2725.76325,10914.64721,66.85072871,57.25741987,7882.892601,146.8145609,2.70527183,779.6803829,1755.271094,2189.483122,496.0743611,27017.44,2.28E-10,1.00E-09,1.04E-12
5405,2870.446202,13005.12301,83.94461807,154.2762024,8541.122516,154.898852,207.5786395,915.0600714,1838.441233,2339.879796,1061.138863,31171.91,1.41E-10,3.81E-10,1.28E-12
5406,2892.192573,16856.35698,109.1144076,365.4425412,8497.244568,151.8937765,957.5137534,1027.652479,2040.441869,2404.452683,1163.824366,36466.13,1.56E-10,3.47E-10,-8.56E-12
5407,2767.646546,18621.41576,152.9456329,1166.197211,8007.618688,141.3719092,1936.502748,908.5552724,2096.240222,2318.023816,1086,39202.43,2.25E-10,0.087802178,-5.58E-13
5408,2613.793333,18054.27282,192.7702521,1496.909042,7476.820535,140.1883703,2934.556924,764.9840381,2347.197168,2208.150071,1086,39314.74,3.49E-10,0.902555315,8.02E-12
5409,2583.775866,16990.9335,503.525338,1197.403316,7344.28816,139.5893689,3699.445978,900.9349773,2625.314133,2148.272181,1086,39218.66,5.02E-10,0.82282062,1.55E-12
5410,2557.566304,16988.24072,712.4840609,681.8909671,7387.023866,141.456838,4198.522465,948.4528271,2846.552693,1988.310398,1025,39474.71,9.87E-10,0.791141716,7.40E-13
5411,2567.942117,17314.34294,677.7667087,338.7138511,7574.622894,141.3932603,4099.914434,1125.918051,2937.289097,2037.967227,1025,39840.87,4.63E-10,0.00058011,9.63E-12
5412,2547.799017,16505.85184,660.1103278,303.1263117,7513.666438,137.779168,4022.432667,1306.017296,3031.502093,1974.930305,1025,39028.21,9.47E-10,0.005458857,5.54E-12
5413,2538.545893,16073.21496,647.8294162,275.9003694,7534.961203,139.1203091,3921.709317,1184.06692,3496.191429,1983.442328,1025,38819.58,8.49E-10,0.402141345,9.57E-13
5414,2561.193253,15879.05296,624.7946472,239.9754607,7631.703846,137.0336773,3617.515688,1079.060665,3805.943386,2112.726143,1025,38708.07,7.84E-10,5.929727709,7.28E-12
5415,2660.306613,15829.9875,660.2401052,311.4715003,7847.327689,141.6063402,3222.071549,1379.91032,4324.164965,2267.883519,1021.089893,39666.06,2.87E-10,2.44E-09,2.34E-12
5416,2750.450617,17099.63607,661.1498866,595.2087334,8082.955695,147.4654187,2449.09439,1580.927018,4359.46552,2277.674238,1007,41009.61,2.80E-10,1.417591459,-1.41E-12
5417,2854.869398,18094.737,696.3141707,803.8666223,8436.929778,151.6730843,1438.395502,1572.116156,4259.45582,2341.568496,658.3239727,41308.25,2.20E-10,5.44E-10,-2.55E-13
5418,2913.045294,18733.49883,689.4448879,857.9264691,8661.133253,155.4662369,478.3565568,1642.799607,3993.277914,2464.40757,263.9833822,40853.34,1.56E-10,4.44E-10,-3.42E-12
5419,2896.181492,18388.59164,724.2109994,872.9342147,8588.122765,151.921458,26.38870164,1712.414371,3792.335595,2436.412442,751,40340.48,1.63E-10,0.033680652,2.34E-12
5420,2931.880095,18192.00744,612.4313521,480.1316866,8713.51845,158.3353914,52.74609981,1792.228072,3725.486355,2335.435997,496.6390602,39490.84,1.80E-10,2.57E-09,3.12E-12
5421,2853.247592,14762.71582,553.071692,356.8158384,8482.726845,150.7156414,2.211755979,1843.267231,3594.497445,2079.603663,919,35597.87,2.31E-10,0.003519206,-7.12E-12
5422,2403.899906,11748.05482,20.42054682,126.6067834,8637.857443,157.4673694,0.021205137,1857.98209,3304.716171,1957.088186,900.3754846,31114.49,1.53E-10,4.06E-10,-2.76E-12
5423,2146.975523,9281.83456,18.08642819,98.07122345,8601.248605,154.7346358,0.020646608,1980.632369,3258.753531,1876.072507,800.0000002,28216.43,1.60E-10,3.00E-05,1.73E-12
5424,2084.206658,7787.459189,14.49388409,81.07731854,8353.070727,150.6956772,0.01727519,1960.932118,3512.463077,1847.178853,812.3352235,26603.93,1.75E-10,3.43E-09,-5.19E-12
5425,2027.238651,7037.336746,11.41319284,70.29314038,8097.457128,146.9567437,1.085067276,1915.14558,3527.910525,1809.671133,812.4020935,25456.91,2.01E-10,3.35E-09,-5.98E-13
5426,1988.458878,6619.799905,9.632282079,68.65836453,7933.778009,148.3237142,0.011877044,1721.815142,3904.289565,1807.386634,799,25001.15,2.03E-10,0.004370613,1.74E-12
5427,1965.138657,6419.82978,9.647739358,68.22004699,7852.884138,143.0439167,0.043263406,1872.586205,4015.310778,1763.705966,773,24883.41,3.25E-10,0.000490853,2.37E-13
5428,2044.303592,7144.573992,15.84084944,71.4177364,8127.980036,147.2587917,0.415356812,1793.963508,4286.891027,2048.408172,568,26248.83,2.19E-10,0.223061352,-3.09E-12
5429,2245.820658,9536.348706,26.11996898,86.79208886,8794.013385,159.7423273,132.4294415,1956.112445,4275.308736,2318.210557,808.8016855,30339.7,1.56E-10,3.21E-10,-3.47E-12
5430,2609.120116,12670.93895,40.16587765,303.9763049,8822.235383,156.8107597,756.4093752,2298.642934,4321.536552,2397.204922,1157.888826,35534.93,1.62E-10,3.65E-10,-3.48E-12
5431,2758.347327,14206.18826,43.03935805,647.352601,8457.68878,158.3314054,1678.233625,2141.18004,4797.07122,2318.204259,1128.433127,38334.07,2.28E-10,6.63E-10,3.12E-12
5432,2700.312326,14169.8382,32.60281554,976.0791903,7930.806186,157.480472,2780.756359,1882.103198,4981.765861,2199.556841,1084,38894.94,3.72E-10,0.361450711,-5.70E-12
5433,2638.721529,13715.00863,35.84323457,567.7638366,7858.502915,180.1745716,3062.47252,1888.620893,5207.089532,2195.449054,1084,38433.04,3.60E-10,0.606711922,-2.14E-12
5434,2587.971459,12947.60945,33.97565219,346.3970538,7773.368796,178.8880817,3800.741046,2067.077693,5402.120271,2136.608203,1024,38298.29,5.63E-10,0.467707141,-2.92E-12
5435,2557.850923,12203.88368,29.22233577,293.7315554,7719.03686,164.6784094,3938.310559,2137.587647,5644.128099,2130.953861,1025,37844.38,5.09E-10,0.003928131,-6.94E-12
5436,2508.737025,11379.58964,21.83307694,258.9095501,7585.935984,158.2934583,4073.556699,2248.601791,5309.604153,2091.703591,1025,36661.76,7.62E-10,0.004968293,1.47E-12
5437,2516.656806,10535.75995,20.993964,244.7922792,7546.104062,151.6821673,4050.397803,2441.082495,5258.821583,2132.477047,1025,35920.12,4.91E-10,3.648153114,-2.13E-13
5438,2607.118569,10609.476,27.90620823,279.0338227,7671.487121,151.7926958,3825.825783,2469.774946,5529.441285,2184.332884,1025,36373.53,4.17E-10,7.659310581,-2.75E-12
5439,2678.94541,11960.75328,50.09942436,354.8909961,8032.971515,157.0707918,3054.780953,2659.559804,5829.608405,2273.572175,1085,38133.48,2.82E-10,3.772751713,-8.81E-13
5440,2787.603766,13920.71185,74.80714164,615.7118104,8377.818362,162.5852031,2076.287833,2915.53648,5469.093542,2347.918268,1114.67574,39862.75,2.16E-10,1.02E-09,1.21E-11
5441,2868.899732,14754.03763,87.85331255,911.0767875,8621.319268,167.8099765,1066.160723,3238.554818,5029.304184,2383.547505,1073.536059,40202.1,1.93E-10,9.12E-10,7.19E-13
5442,2940.477233,14554.29578,101.7541889,1120.37,8903.038871,172.9902574,321.1833712,3532.37032,4879.749307,2500.77417,696.7065024,39723.71,1.44E-10,3.87E-10,1.72E-13
5443,2995.870781,14865.23561,106.1075581,977.5926977,9038.246878,175.9040453,20.47450648,3321.929034,4926.43938,2533.929881,449.2196244,39410.95,1.31E-10,6.20E-10,-1.36E-12
5444,2930.003863,14688.29506,92.78749041,797.1353437,8858.858181,172.9043046,38.54445955,3253.976463,4711.882519,2302.760904,384.5014068,38231.65,1.79E-10,7.22E-10,2.07E-12
5445,2682.596047,11325.63084,50.62629398,361.5922199,8668.087115,170.4871902,1.194342779,3366.753764,4563.909918,2002.845874,893.9663958,34087.69,2.10E-10,1.45E-09,6.61E-12
5446,1747.437687,8313.064862,19.4635165,164.6731818,8816.694677,172.2063799,0.021271603,3430.383577,4254.628662,1949.87151,860.274676,29728.72,1.56E-10,9.44E-10,-4.81E-12
5447,1349.579358,6382.908165,17.09781455,109.8472075,8799.425416,170.3075069,0.020649535,3593.792178,3779.38808,1846.743717,775,26824.11,1.57E-10,9.22E-05,1.17E-12
5448,1330.572442,5750.040659,13.68426169,100.2517629,8562.411124,167.0747382,0.017299952,3365.685919,3659.727827,1755.394661,747,25451.86,1.75E-10,0.000694419,-4.01E-12
5449,1184.586515,5650.944751,12.54199168,99.19406324,8514.824067,166.0910904,0.082840104,3177.250559,3634.146263,1780.283829,320.8140299,24540.76,1.59E-10,1.71E-08,-2.25E-12
5450,1360.953795,6016.770209,11.38799828,96.99994067,8407.382108,163.1342252,0.014925293,2593.939441,3657.834403,1766.969782,293,24368.38,1.67E-10,0.006827796,-1.41E-12
5451,1341.752661,6038.038763,11.2789189,95.24991801,8296.255133,161.1321967,0.040090944,2710.889227,3621.472581,1663.057804,713,24652.16,2.44E-10,0.007293204,-2.22E-12
5452,1490.990525,6997.275239,22.02439419,120.4022348,8855.585826,171.6874039,0.437157163,2509.752613,3675.816152,1971.146194,486.9822611,26302.1,1.81E-10,7.82E-10,3.89E-13
5453,1894.409159,9683.119601,32.39027627,164.4945805,9646.942351,184.1412568,99.74447711,2839.434709,3768.635574,2133.427939,193.8700761,30640.61,1.12E-10,1.97E-10,4.33E-12
5454,2168.062932,13541.57411,54.46110511,576.6318001,9115.843775,174.6221281,489.6747164,2951.014647,3895.074606,2426.153681,1139.966501,36533.08,1.59E-10,4.60E-10,-3.53E-13
5455,2438.886619,15583.11502,262.2023234,1098.992285,9070.458262,172.7753725,1107.063246,2937.289953,4069.747341,2444.173277,1169.046304,40353.75,1.61E-10,4.31E-10,-2.79E-12
5456,2779.282119,15706.26861,275.9424672,977.3512268,8707.065116,159.404364,1879.481353,3123.874211,4358.430136,2357.388843,911.1115586,41235.6,1.96E-10,4.68E-10,-9.37E-12
5457,2777.823275,14716.91033,277.938044,679.4486114,8506.987942,162.1509115,2468.955518,3023.117203,4743.461616,2306.461562,741.2549865,40404.51,2.29E-10,1.60E-09,-6.33E-12
5458,2619.076047,13246.89791,148.6419951,522.0446079,8020.980303,156.6360738,4046.062542,2776.263678,5027.939325,2157.156667,693.8008467,39415.5,5.00E-10,1.35E-08,1.19E-12
5459,2513.813212,12623.44658,15.19462978,351.1671235,7697.97853,151.5899502,4770.946953,2347.844827,4884.050599,2112.17442,690,38158.2,6.55E-10,0.006824356,-5.75E-13
5460,2423.234078,11105.94684,3.44374833,344.7199826,7425.962033,146.5361398,5264.377877,2422.389595,4665.366768,2037.104094,771,36610.07,3.47E-09,0.011156802,6.30E-12
5461,2327,10805,1.28E-08,448,7302,145,5095,2263,4665,2019,1019,36087.91394,0.075521276,0.010538714,2.27E-12
5462,2345.901901,11193.28595,10.91079052,317.943658,7576.669229,149.1268974,4942.249016,2057.428739,4806.530008,2041.37822,559,35992.61,4.97E-09,7.814404442,4.81E-12
5463,2372.272538,12085.09496,16.69611341,377.7852555,7660.445984,150.3988227,4223.017952,2175.409867,5060.959596,2079.306547,1078,37276.74,1.50E-09,2.647634144,-3.23E-12
5464,2504.980504,13893.82655,41.59144089,545.2758749,8067.200728,156.378761,3181.229674,2124.943787,5061.668338,2184.269081,1087.425264,38848.79,4.66E-10,1.64E-08,-6.24E-12
5465,2611.000466,15603.14929,59.44087361,782.5067738,8398.078983,147.7678857,2011.326653,1799.352244,4915.777428,2244.831912,1103.307491,39676.54,3.29E-10,1.77E-09,-6.49E-13
5466,2724.797958,16627.11109,77.53704121,1089.506935,8742.805706,153.8313212,821.4957793,1622.31386,4419.053568,2417.403197,1119.663542,39815.52,1.78E-10,8.34E-10,-7.64E-13
5467,2819.985434,17049.23168,90.58413674,1043.844644,9029.147377,159.0885391,42.13864896,1518.887839,4107.352174,2545.766704,1046.472824,39452.5,1.31E-10,1.66E-09,-5.83E-12
5468,2783.92752,17224.80099,82.48118702,1076.803553,8918.903753,159.4363907,59.15979814,1516.064509,3975.736935,2369.200592,792.8247739,38959.34,1.81E-10,1.34E-09,2.10E-12
5469,2707.631997,14688.04058,42.24246817,461.6647316,8767.210001,154.4141202,2.214329866,1490.479964,3937.597462,1908.67789,865.096457,35025.27,2.02E-10,9.01E-10,3.43E-12
5470,2362.753325,10332.00575,14.49878141,191.4288297,8841.860688,158.2456695,0.020536518,1744.89053,4024.730867,1917.106545,871.8284759,30459.37,1.46E-10,4.12E-10,6.04E-12
5471,1969.948087,7500.959593,15.69322813,130.0844218,8889.407136,157.8936369,0.021093049,2023.992068,4120.530264,1825.760009,790.7204626,27425.01,1.65E-10,2.28E-09,-6.40E-12
5472,1925.830929,6603.815106,13.52358182,123.8185897,8692.596696,154.6061428,0.018500112,1975.420497,4065.520851,1743.564166,783.084941,26081.8,1.79E-10,9.74E-10,3.38E-12
5473,1871.523804,6278.944956,10.94991367,117.8920078,8478.397137,150.6758674,2.108109162,1892.361114,3991.350671,1739.698536,749,25282.9,1.79E-10,0.002115641,6.37E-12
5474,1861.753506,6375.832723,10.55864404,116.4657951,8443.395631,147.0353019,0.01487133,1508.183875,3907.051964,1739.4593,748,24857.75,1.79E-10,0.001612613,-7.36E-13
5475,1894.289952,6456.926279,12.29616543,119.8506344,8544.234248,150.9067428,1.048923735,1535.110479,4025.620758,1684.513388,729.602431,25154.4,2.28E-10,5.44E-08,-1.30E-12
5476,2040.1815,7623.729649,18.08693265,145.4662392,8810.665888,155.5932093,2.379306535,1536.992094,3970.325946,2018.352722,347.2565135,26669.03,1.85E-10,6.73E-10,4.41E-12
5477,2300.681755,9830.00917,29.18619189,180.0563881,8924.26311,157.2667602,363.0499577,1386.945473,3824.47123,2376.508307,1064.751656,30437.19,1.70E-10,4.46E-10,-1.12E-12
5478,2636.905583,13010.36515,60.28381338,354.4762601,8900.535459,154.514389,1459.595147,1321.655401,3806.896591,2403.259187,1092.68302,35201.17,1.80E-10,6.09E-10,-3.91E-12
5479,1951.662822,14628.82044,72.89768088,1152.986078,8442.231883,148.4513341,2594.602641,1279.943822,3858.568887,2280.192599,1026.251814,37436.61,2.74E-10,3.54E-06,-1.60E-12
5480,1800.266968,13486.73691,61.91760829,1480.837047,7958.797193,139.4438316,3812.2205,1170.776986,4151.01745,2199.381728,1026,37287.39,4.17E-10,0.006223233,4.10E-12
5481,1737.071201,12296.41703,59.85910002,1064.90642,7754.335798,131.0612923,4290.814843,1237.384899,4585.015541,2150.963139,1076,36383.82,5.96E-10,0.009260471,-4.51E-13
5482,1686.679198,11510.63036,55.59910722,418.9432025,7630.214251,132.9784426,4952.093705,1472.509366,5130.656426,2063.483988,1020,36073.78,2.08E-09,0.008048446,-1.63E-12
5483,1646.610377,11136.50326,50.87831599,318.5971179,7356.271047,131.7034436,4957.659264,1733.98294,5303.814437,2055.892094,1025,35716.9,2.61E-09,0.012292716,1.30E-12
5484,1682.731985,10544.73915,55.16107093,342.1986295,7448.632423,133.7323662,4726.638939,1906.205209,5166.665565,2056.963801,537,34600.66,2.60E-09,0.009133175,-2.17E-12
5485,1679.452762,10577.31875,54.1499221,288.1186799,7419.230174,133.0861379,4202.31288,2017.960982,4938.712608,2027.644204,919,34256.98,2.81E-08,0.007096188,3.55E-12
5486,1747.460795,10487.55558,61.66684319,298.6054651,7642.297284,136.6597665,3463.191586,2198.83738,5369.685633,2089.531548,1021,34516.49,1.31E-09,0.001881979,6.30E-13
5487,1831.335455,10978.39554,78.17949334,361.1294553,7900.679475,140.1673645,2953.064139,2462.709028,5549.14385,2174.787705,1086,35515.59,5.12E-10,0.001509979,2.29E-12
5488,1916.597423,12504.82554,94.98275707,518.2869776,8169.99696,160.0949613,2057.423183,2437.288101,5641.698342,2250.005867,1168.659888,36919.86,3.27E-10,5.01E-10,9.11E-13
5489,2010.783228,13427.35397,108.2363634,577.8737018,8450.74125,164.9898978,1037.091105,2434.36265,5565.835024,2312.314324,1134.908483,37224.49,2.51E-10,8.69E-10,8.30E-13
5490,2209.444084,14601.76149,160.3855342,777.8328237,9072.112829,177.0155398,363.8239809,1464.591032,4432.403765,2537.046612,1184.682312,36981.1,1.38E-10,3.58E-10,6.93E-12
5491,2117.195126,13812.0889,168.3860901,667.9195214,8771.987842,171.1145997,17.38199245,2533.132355,5031.765391,2523.023066,988.8951164,36802.89,1.41E-10,8.28E-10,-1.26E-12
5492,2170.250113,13625.29397,173.4567153,772.189305,8944.833965,173.2905837,32.7614401,2722.535746,4856.140104,2257.890032,61.94802751,35790.59,1.56E-10,4.30E-10,3.33E-12
5493,1930.631656,11080.00612,222.4457404,551.1103165,8503.816928,167.0491256,0.163597895,2732.518678,4804.818444,1784.112533,747.356861,32524.03,2.19E-10,1.55E-09,-2.21E-12
5494,1345.968754,7741.738414,526.7862023,281.8466387,8668.41855,170.4654735,0.020452453,2920.65355,4861.944089,1662.098759,662.2391168,28842.18,1.45E-10,2.91E-10,7.05E-12
5495,1303.382897,5375.039226,511.5444471,281.1629969,8813.061664,170.9004631,0.022438248,3176.913957,4591.318998,1154.279155,594.0337582,25971.66,1.46E-10,5.10E-10,2.34E-12
5496,1241.574861,4893.976886,412.2717359,170.0643334,8827.145201,174.2482335,0.022620444,3043.695019,4551.625664,618.6346886,402.1107566,24335.37,1.37E-10,1.19E-09,2.31E-12
5497,1255.613407,5036.020118,346.1544572,146.7201796,8820.700518,175.000566,0.15712381,3133.413108,4424.080759,496.9806899,23.02907423,23358.87,1.36E-10,499,6.03E-12
5498,1249.862316,5303.592721,393.4879846,137.9735723,8396.493172,167.82635,0.01681537,3105.671185,4176.954261,398.9617064,7.33E-08,22806.81,1.57E-10,524.0300838,1.14E-13
5499,1149.097329,5004.187322,422.1745145,209.0600509,7961.387041,159.1581865,0.032697891,2987.181494,3832.722037,1067.881051,6.03E-10,22692.31,2.56E-10,100.5717226,-2.69E-12
5500,1179.529243,4675.851353,354.9530022,178.8432799,8150.48961,163.6153422,1.243618797,2921.372432,4173.628342,1284.479047,213,23296.8,2.26E-10,0.205270244,6.49E-13
5501,1223.000747,5303.409879,337.9860675,193.2329222,8039.683554,165.6144342,88.8216717,2875.550914,4407.64794,1691.643447,718,25044.59,2.11E-10,0.001576475,6.34E-12
5502,1299.608119,6985.246166,376.4886191,414.5061628,8205.565274,166.2741531,515.1117795,2868.7603,4406.794457,1950.240479,844.8444907,28033.44,2.04E-10,2.55E-09,4.91E-13
5503,1291.86619,9150.546714,358.8486357,651.5446427,8087.357016,164.3018439,1132.828575,2739.083849,5080.366348,1947.947955,884.1282307,31488.82,2.46E-10,1.33E-09,8.84E-14
5504,1225.73461,10344.63222,408.2228192,664.8711918,7889.031891,158.8198698,1821.548449,2617.979365,5504.634795,1927.390462,850.3843277,33413.25,2.71E-10,1.83E-06,-2.96E-12
5505,1151.435073,9907.161025,517.4978978,462.2102719,7823.499338,154.5675659,2369.239152,2773.375465,5742.417607,1883.179681,850,33634.58,3.33E-10,0.00307726,-8.53E-12
5506,1117.051768,9395.101729,510.3796147,402.9127635,7730.52814,152.8234599,2891.697832,2644.739021,5892.390806,1814.109598,850,33401.73,5.06E-10,0.004731764,-9.98E-12
5507,1076.231114,9339.592694,301.1455212,419.4930811,7585.866659,151.2091676,3240.925215,2528.759186,5466.335375,1770.520689,826,32706.07,3.52E-10,0.008701944,2.21E-12
5508,1075.779957,8556.491237,172.3878211,350.650568,7582.976428,149.9415987,3529.605228,2558.96549,5246.375092,1350.131545,800,31373.3,3.95E-10,0.004964207,7.93E-13
5509,1039.528218,7731.862631,153.4050668,353.0673346,7500.554143,148.5739329,3496.016388,2481.434627,5171.275351,1474.757362,676,30226.47,4.61E-10,0.005054178,7.37E-13
5510,1014.973404,7650.759255,141.0145672,405.8339644,7445.12599,146.6012268,3322.903962,2335.946128,5078.277071,1887.173846,924,30352.6,1.24E-09,0.00941522,4.98E-12
5511,1131.239575,9347.773463,157.4695697,613.2179689,7731.617605,154.2963974,2824.759315,2107.312212,4851.222481,2112.409246,1005,32036.31,5.86E-10,0.0078326,2.73E-12
5512,1255.636238,12268.22285,227.2618131,821.042503,8026.550588,163.2845715,1921.170248,2249.082307,4466.134328,2299.615165,1043.269389,34741.27,2.63E-10,3.55E-09,3.86E-12
5513,1290.586648,14398.20503,229.5032722,1145.571711,8238.32839,166.9696225,988.6570402,2139.591605,4011.240562,2353.5882,1106.117924,36068.36,2.18E-10,4.98E-10,4.24E-12
5514,1390.866973,15308.91018,285.4272412,1228.721475,8408.512015,169.3291631,297.3287967,2045.246274,3456.264008,2458.054996,1111.048873,36159.71,1.63E-10,4.19E-10,-6.50E-13
5515,1423.757285,15492.32022,161.2875428,1683.227528,8558.853103,170.4620769,12.82564797,1980.998179,3022.53011,2532.806957,1088.70135,36127.77,1.38E-10,5.55E-10,-9.22E-12
5516,1444.981782,15402.46953,204.9838714,1111.664302,8781.206252,173.2144038,8.225631668,2286.323807,2747.045943,2304.577063,1005.857412,35470.55,1.68E-10,7.18E-10,1.38E-12
5517,1487.446551,13739.77152,183.3128597,455.2583099,8936.988515,176.4285151,0.171205919,2507.626866,2812.844896,1882.61991,841.7608556,33024.23,1.52E-10,4.96E-10,-2.25E-13
5518,1390.624869,10868.27973,162.9131918,240.1504453,8953.182145,177.2831283,0.024662436,2676.364189,2764.61256,1791.760645,867.4244311,29892.62,1.28E-10,1.86E-10,6.06E-12
5519,1513.919507,8548.462093,166.0826046,190.1759065,9671.761106,190.0480321,0.03457255,1764.501751,2466.869064,1842.320355,796.5950093,27150.77,1.08E-10,2.15E-10,1.45E-12
5520,1399.829651,6819.656655,159.5705867,183.1868554,9191.263493,165.174477,0.027998821,2529.280285,3004.9555,1365.62278,776.5617177,25595.13,1.22E-10,2.47E-10,9.01E-12
5521,1363.857282,6462.429042,153.7193774,188.4500334,8911.912765,172.2525572,0.143910471,2586.296125,3189.521869,1028.690771,401.7162672,24458.99,1.28E-10,4.11E-10,-1.24E-12
5522,1382.940094,6831.473379,158.3194307,191.0394421,9106.990374,175.1035265,0.026837559,1612.857599,2560.885712,1080.967966,436.245639,23536.85,1.08E-10,4.07E-10,8.64E-13
5523,1213.622778,5846.694886,142.4583172,199.3512633,8302.123023,160.5410784,0.047076574,2840.039602,2866.893768,954.9646357,473,22999.69,1.82E-10,0.046428597,1.34E-12
5524,1162.635766,5040.193823,111.1053598,195.5597552,8068.336775,156.4960219,0.201632047,3113.202132,2894.827679,1417.324198,524,22683.88,2.55E-10,0.003142618,-2.14E-13
5525,1134.519052,5258.88253,131.6022238,129.1484997,8256.255981,156.7114558,63.01945993,2822.428238,2795.727205,1484.757699,724,22957.05,2.09E-10,0.002344155,7.75E-13
5526,1552.265504,5840.372574,168.0544792,139.1902156,8248.728032,159.2974364,431.4110452,3070.036171,2823.226261,1844.823828,793.2844547,25070.69,2.05E-10,2.73E-09,-1.85E-12
5527,1873.910516,6626.939154,200.5954546,373.6482831,8487.012053,178.1177131,1087.057321,3389.226777,2989.004904,2017.322238,898.0155872,28120.85,1.67E-10,5.34E-10,5.33E-12
5528,1958.565554,7833.701935,204.1390188,516.7337928,8366.573,190.214752,1780.066575,3714.65207,3242.547804,2179.6146,952.550898,30939.36,1.90E-10,1.53E-09,-3.64E-12
5529,1944.047579,9182.549083,250.9114716,527.9751948,8178.605271,175.9063087,2160.386371,3529.46087,3214.703688,2291.926037,974,32430.47,1.85E-10,0.001873591,-5.34E-12
5530,1823.738869,9542.456239,261.4722758,395.3861679,7948.551145,154.4030022,3140.876981,3511.704392,3069.035978,2139.575005,975.0000001,32962.2,3.22E-10,5.51E-05,3.77E-12
5531,1751.557834,9844.828874,343.2612743,350.4278228,7741.40796,150.4198457,3671.056075,3194.860579,2807.94791,2151.664326,975,32982.43,3.02E-10,0.002501306,-3.01E-12
5532,1633.416913,9357.707597,400.4591032,294.8735861,7509.777084,145.9520144,3973.751284,2842.828592,2690.943756,2079.237178,975,31903.94,4.45E-10,0.007108165,4.69E-14
5533,1653.142563,9079.572478,242.7134758,299.6865136,7423.540099,144.528063,4118.113042,2628.083483,2446.798185,2068.247041,975,31079.42,4.84E-10,0.00494424,4.34E-12
5534,1669.290505,9671.010225,253.7655299,457.0355869,7513.239278,146.1300788,3823.138524,2427.568662,2320.698682,2172.887608,1025,31479.76,5.09E-10,0.004678575,-3.09E-12
5535,1781.395504,11863.34152,296.5153577,447.5500125,7856.778637,152.4246563,3180.424683,2284.434597,2270.002219,2247.699553,1037,33417.56,3.30E-10,0.006739059,1.71E-12
5536,1877.269846,14519.31119,347.1518712,684.9835455,8153.388768,151.7772765,2307.283707,2016.465724,2236.222993,2263.247941,1037,35594.1,3.07E-10,0.002862668,-4.23E-14
5537,1926.55873,15948.41173,352.8422948,832.9465322,8372.081977,146.3905889,1285.132674,2027.532361,2261.376202,2342.425291,1138.491614,36634.19,2.26E-10,6.50E-10,-3.38E-12
5538,1990.984971,16510.46354,360.2859061,1390.680493,8574.171846,162.767145,359.9724137,1675.133724,1983.290727,2439.256718,1157.64251,36604.65,1.71E-10,4.38E-10,1.55E-12
5539,2050.371567,16958.19045,365.2692081,1731.406463,8561.562607,156.1552422,10.98648981,1546.341896,1762.571069,2516.926841,1091.108172,36750.89,1.43E-10,5.42E-10,-6.10E-13
5540,2046.798562,16918.55029,353.2813233,1974.876807,8457.477987,155.0095514,28.74980748,1407.126645,1556.111016,2323.230018,1013.877987,36235.09,1.68E-10,7.12E-10,1.08E-12
5541,2097.999162,16391.7927,525.5570174,1005.434625,8505.818707,156.9700362,0.15539483,1071.6967,1373.618082,2048.401949,729.0056216,33906.45,1.65E-10,1.12E-09,-1.58E-12
5542,1986.533268,13776.96838,869.2153729,333.737353,8521.669931,154.6162529,0.020364387,776.1249219,1125.219002,1964.691632,936.1235178,30444.92,1.40E-10,2.51E-10,-5.29E-12
5543,1958.635916,11811.11395,812.4161214,128.0039944,8605.338851,154.1989905,0.020137579,647.8048946,1000.969824,1905.340409,888.2969068,27912.14,1.60E-10,4.60E-10,2.36E-12
5544,1946.099694,11094.68776,629.8808382,106.5923064,8535.314878,152.6558466,0.019127887,587.4386465,962.4555878,1893.687508,863.4678115,26772.3,1.53E-10,7.93E-10,-7.68E-14
5545,1905.197998,10630.67014,626.6993019,156.8518435,8449.789976,151.3185225,0.089617689,516.6585745,912.9954894,1891.560292,826.6082398,26068.44,1.49E-10,4.96E-08,-5.92E-12
5546,1919.327663,10235.11967,839.3605276,84.00333324,8403.541092,151.6684959,0.017357195,357.0707398,840.8185118,1992.79999,875,25697.32,1.51E-10,1.407382221,-5.65E-12
5547,1914.538405,10481.62158,724.4501174,74.51029725,8384.393617,150.5477424,0.034503049,453.4652804,873.7891798,2043.422641,924,26023.87,2.01E-10,0.903362269,-2.52E-12
5548,1984.12868,11224.75221,805.6161614,115.6289193,8652.529726,155.4915057,0.25260189,392.3628172,900.0781844,2296.558024,1041.911166,27569.31,1.89E-10,1.64E-09,-3.20E-12
5549,2185.950377,14040.08409,1071.810758,150.8373695,9327.118157,170.5471098,95.13543873,571.8816833,1152.958469,2518.51348,661.9930643,31946.83,1.12E-10,1.67E-10,-5.74E-12
5550,2114.135049,18402.31241,1463.450003,615.6173537,8759.029162,160.1437589,614.855447,513.6633297,1014.386607,2460.213923,1186.70296,37304.51,1.50E-10,3.34E-10,4.00E-12
5551,2060.915751,20345.18329,1720.390598,1209.127401,8476.734807,156.7394812,1480.33967,417.7809676,984.2931846,2398.148108,862.5267416,40112.18,1.78E-10,6.05E-10,-3.50E-12
5552,1937.583125,20368.90442,2000.597344,1547.893304,7986.090686,167.7978283,2676.019798,288.0553874,841.9586271,2294.465334,806.3241507,40915.69,2.55E-10,3.67E-09,1.99E-12
5553,1883.245522,19721.17095,2114.974504,1537.697082,8036.119177,153.9294583,3194.838424,251.9924174,797.6244319,2250.738553,792,40734.33,3.11E-10,0.000521335,5.70E-12
5554,1823.529798,19716.24866,1942.647979,1583.423346,7848.278622,155.8711595,3987.969747,208.0557736,753.658304,2201.841684,701,40922.52,4.03E-10,0.00507391,-3.65E-12
5555,1813.572721,19623.92089,2024.045056,1788.305015,7820.174244,156.0524692,4018.951069,193.198802,775.550673,2210.873906,700,41124.64,3.79E-10,0.004842861,-1.03E-14
5556,1730.148973,19695.55316,2245.816619,1351.450752,7859.533669,156.9855182,3962.231071,199.729281,823.8256437,2203.917597,573,40802.19,3.87E-10,0.002286313,-5.64E-12
5557,1707.107032,19682.32522,2329.76798,1333.290795,7884.729601,157.274543,3432.042654,198.3709602,865.3723303,2191.392123,860,40641.67,4.20E-10,0.003240884,2.03E-12
5558,1775.624264,19595.56931,2242.119028,1438.745496,8012.379455,159.770799,3229.581193,282.5304328,1031.646149,2217.17455,884.3893199,40869.53,3.75E-10,2.04E-09,-1.06E-11
5559,1933.396519,20976.99916,2292.851037,1171.423415,8270.186074,162.566952,2592.323662,381.106195,1117.622835,2365.392272,939.9518768,42203.82,2.08E-10,3.25E-09,1.60E-12
5560,1992.726194,21855.24036,2619.552602,1725.254351,8447.611185,168.4267744,1733.548129,525.1081497,1147.404853,2376.263331,1119.79407,43710.93,2.01E-10,1.46E-09,-5.75E-13
5561,2049.109564,22235.94278,2626.514821,1767.803721,8640.534185,171.6569561,923.2346997,673.5194139,1194.737568,2409.756374,1158.159916,43850.97,1.83E-10,5.70E-10,1.03E-11
5562,2074.757385,22246.40089,2543.826514,1318.54539,8600.46586,174.7370316,248.0001324,732.9607774,1103.141277,2490.351524,1162.933221,42696.12,1.51E-10,4.76E-10,-8.24E-12
5563,2111.034292,22229.61557,2526.059896,1250.047085,8652.143119,177.5149751,8.597092071,787.2421401,1102.199409,2593.786557,1108.969862,42547.21,1.23E-10,4.18E-10,5.29E-12
5564,2095.808946,22308.18045,2328.15462,983.1736829,8595.499279,177.5990457,7.477216223,803.0972242,1051.17043,2439.01148,626.9676284,41416.14,1.62E-10,4.49E-10,2.76E-13
5565,1998.083289,19886.86012,1374.204362,578.227055,8314.184348,171.6324018,0.09798529,767.0549547,966.9934906,2290.062541,971,37318.4,2.08E-10,0.000544435,8.71E-12
5566,1964.852453,16168.9716,686.5102978,215.0904774,8672.87887,174.8421237,0.021926616,766.1662982,975.3419757,2274.52771,1010.556263,32909.76,1.42E-10,9.62E-10,-5.11E-12
5567,1898.20358,14219.07566,340.5967001,102.2479376,8518.707605,170.9878926,0.019179257,680.7214204,816.409303,2196.855925,952.8348011,29896.66,1.73E-10,1.25E-09,5.02E-12
5568,1888.116001,13161.73309,71.80740104,77.56242612,8503.561724,170.4712076,0.018965903,667.6127251,815.6569524,2197.727337,959.122171,28513.39,1.59E-10,9.25E-10,-7.73E-14
5569,1860.50345,12599.91894,68.44863885,74.46421832,8387.501975,164.4632478,0.069469276,614.3781495,808.4666727,2182.98434,945.0108956,27706.21,1.62E-10,1.06E-09,1.18E-12
5570,1876.199784,12529.46231,73.85348702,72.68099944,8423.939213,170.3567414,0.017962199,458.5584632,822.217,2181.645817,719.1982264,27328.13,1.65E-10,5.67E-10,-4.40E-12
5571,1286.222937,13620.13656,79.0927352,111.5012803,8728.773188,175.4562784,0.045457132,522.7459218,964.256762,1698.71026,229.8886189,27416.83,1.65E-10,2.26E-10,-5.34E-12
5572,1327.377702,14675.97149,456.3376227,115.2188124,8820.651479,177.5209038,0.169253775,482.0687444,1066.907009,2311.602626,80.56435249,28621.39,1.55E-10,893,3.52E-12
5573,1513.920824,17063.11075,1307.582735,162.7454946,9248.913912,188.4831253,174.7225581,550.642727,1363.604539,1241.065491,129.9678464,32789.76,1.04E-10,155,3.58E-12
5574,1909.195245,20376.07571,1884.837067,512.4749157,8494.549704,174.7703654,620.6283449,436.0150249,1267.314294,2394.73322,123.5161046,38075.11,1.67E-10,119,-2.02E-12
5575,1976.137465,21397.21441,2272.031321,1296.166878,8334.022968,173.4766749,1515.091584,385.6361264,1329.891078,2366.766108,156.8953896,41203.33,1.95E-10,6.53E-10,3.83E-12
5576,1815.630755,21415.19625,2281.866431,1377.08809,8231.903166,164.8313219,2607.928685,315.6014862,1402.205804,2365.848251,30.77976506,41810.88,2.00E-10,198,3.47E-12
5577,1688.60767,20689.75348,2473.326069,1079.102239,8054.283314,163.5878506,3407.040614,290.7161801,1508.331587,2284.712494,12.08850041,41361.55,2.69E-10,290,-3.75E-12
5578,1783.299387,20085.99434,2466.739142,921.055086,7872.194598,158.6363511,4215.953492,275.2323553,1808.971401,2186.022599,1.55E-09,41143.7,4.47E-10,630.3987528,2.73E-12
5579,1730.688082,19275.69539,2373.347969,583.3642755,7722.44893,154.9354737,4955.430292,281.3689395,2166.625414,1855.154652,1.31E-09,40352.1,4.92E-10,746.9594188,1.01E-11
5580,1688.118308,18522.65667,2097.243476,447.7343277,7608.848355,152.7120114,5445.125112,368.6794755,2499.836716,803.459098,8.79E-10,39256.94,8.72E-10,377.4735535,-4.09E-12
5581,1723.34322,17100.53157,1683.18348,376.2259917,7500.343636,150.8071471,5295.681951,493.6202485,3111.166201,825.9266586,7.34E-10,37888.09,9.54E-10,372.7401049,0
5582,1682.910179,16459.34727,1266.753384,406.5686358,7371.164328,146.9291295,5222.792668,506.2302728,3509.900404,1416.144656,5.00E-10,37600.08,2.25E-09,388.6609276,7.39E-13
5583,1728.975136,17249.58226,1192.069853,493.4511807,7659.831379,152.4887607,4481.390113,623.1814126,3873.452929,1824.033764,3.64E-10,39078.58,5.99E-10,199.8767877,5.00E-12
5584,1834.147474,18594.19788,1376.78398,695.5714152,8100.248054,160.5763961,3333.503193,778.846911,4251.41838,1934.746393,4.53E-09,40862.89,3.06E-10,197.1500761,-3.18E-12
5585,1918.30222,20005.74389,1515.393875,910.2831046,8617.902049,169.1609374,1851.804758,844.4542968,4460.986918,1456.856928,63.16102434,41670.05,2.07E-10,144,6.25E-12
5586,1923.419853,21209.06111,1699.854069,781.4434569,9021.488495,176.8533923,500.5357115,1032.116779,4208.549758,711.8451801,96.06219638,41260.23,1.43E-10,101,2.70E-13
5587,1920.905408,21259.78828,1738.720943,752.7138273,8777.490227,177.0645404,10.33809731,1127.204286,4214.043508,641.2844501,157.9964299,40777.55,1.32E-10,6.42E-10,1.17E-11
5588,1886.324076,20237.63935,1596.831876,498.103249,8569.309456,173.9167134,6.808906382,1471.347,4479.889087,348.4680558,562,39713.63,117,0.007766346,-1.63E-12
5589,1713.637574,15935.5688,990.037594,396.0244561,7968.306588,161.7932031,0.061155146,1693.576425,4098.986603,1965.140113,417,35340.13,3.53E-10,0.002508977,8.11E-12
5590,1798.461405,11451.85795,366.3167186,171.5739169,8478.207584,167.6368253,0.01790467,1861.359784,3982.87055,2069.923689,563.3936672,30911.62,1.61E-10,2.34E-08,2.93E-12
5591,1846.740836,8984.446953,432.0953742,95.99920642,8618.31128,168.7014817,0.017300352,1814.038561,3352.458872,1923.681991,612.8381428,27849.33,1.76E-10,4.40E-09,-2.00E-12
5592,1809.79664,7641.5649,306.4722231,72.59270686,8321.090217,162.0932638,0.012587087,1726.011967,3666.473547,1864.12474,818,26388.23,2.03E-10,0.002792215,4.81E-12
5593,1635.251842,6814.37265,309.7808239,73.93972729,8471.724079,165.1712579,1.059066641,1818.10594,3882.050182,1940.036337,479.8880938,25591.38,1.49E-10,1.12E-09,1.55E-12
5594,1691.553352,6778.631813,313.779701,71.88985051,8485.878929,164.3148796,0.014850058,1637.838963,3952.145052,1963.909644,254.1929655,25314.15,1.68E-10,1.62E-09,7.48E-13
5595,1714.930428,6762.645202,307.2789423,71.89956266,8449.556628,165.2531544,1.028251144,1627.92706,4229.189061,1629.343472,610.9582392,25570.01,2.57E-10,7.35E-10,-2.74E-12
5596,1644.677323,7823.836859,438.8545474,97.15129249,9311.879099,180.7461353,0.131419615,1755.812732,4473.588139,1372.934861,87.27759177,27086.89,1.42E-10,100,-2.10E-12
5597,2013.5431,12054.81254,596.6857559,287.8707678,9846.917444,195.0064453,112.1991916,1913.293834,4210.105337,523.9988399,122.8567473,31394.29,259,224,1.59E-12
5598,2031.486348,16978.94486,777.8509459,539.4616186,8746.164265,173.7326166,621.4887752,1866.171548,3512.267856,1411.898212,229.7629492,36889.23,1.79E-10,3.67E-10,-4.31E-13
5599,1995.270269,18024.57373,1106.274997,867.8889993,8396.047961,168.3433083,1410.409316,1913.75663,3185.74896,2325.773404,225.4424294,39619.53,2.24E-10,2.16E-09,7.28E-12
5600,2025.53728,17861.83622,1129.271107,1209.480612,8477.996481,168.8394211,2291.021097,1985.058022,3245.812847,2355.616045,33.12087171,40677.59,2.09E-10,106,-4.95E-12
5601,2121.412595,17376.52346,1107.889572,844.6693144,8285.690752,162.1424432,3091.686565,1948.094145,3213.075761,2251.623023,104,40506.52,3.11E-10,0.287625523,-4.31E-12
5602,2378.392986,16620.20034,975.0582591,525.3847871,8334.169054,162.4379442,3615.764401,2078.449241,3493.316903,2234.490604,4.465476824,40422.13,3.37E-10,7.75E-09,2.89E-13
5603,2467.023247,16734.95768,963.441168,593.7023096,8366.454785,162.3968827,3690.084673,1939.94054,3724.121465,1614.08246,16.15479219,40173.36,2.76E-10,99,-4.55E-13
5604,2414.643058,16754.98867,1093.716545,378.063618,8189.51169,157.3481967,3722.268956,1359.156718,3734.954797,1501.264731,3.97E-09,39305.59,4.26E-10,0.326980315,8.64E-13
5605,2394.871737,15888.59291,1115.520701,693.2189886,8135.211189,156.9767475,4176.954384,1142.883206,3755.529708,1599.453228,1.86E-09,38947.32,4.57E-10,111.8927993,-2.07E-12
5606,2405.68834,16400.79514,1124.377681,777.2536242,8325.874741,160.6218129,3295.170998,1179.742242,3734.557535,2139.135078,21.60280782,39437.82,3.77E-10,127,3.01E-12
5607,2436.000826,17252.09967,1222.530642,872.0387752,8492.397863,162.7637234,2549.337457,1195.817061,3814.217352,2264.863479,748,41009.93,2.96E-10,0.136845482,5.81E-12
5608,2547.173569,18390.39353,1357.947017,1411.840532,8851.747483,173.1318642,1871.081925,1351.547419,3832.269445,2347.657882,609.4493375,42744.24,2.17E-10,9.39E-10,9.98E-13
5609,2597.059049,19515.47052,1385.060101,1380.374905,8924.044477,172.0608151,958.7123271,1234.291877,3654.538534,2380.461008,570.1663895,42772.24,1.90E-10,4.40E-10,2.70E-12
5610,2641.043876,20004.50247,1475.527084,1370.179348,8898.272256,175.292631,245.2101702,1263.741837,3202.779961,2426.867298,864.5930664,42568.01,1.60E-10,2.87E-10,1.15E-11
5611,2689.958338,20723.20668,1570.516927,1267.161597,9062.19898,179.3323966,5.014673435,1175.427039,2913.730881,2546.981592,498.5608996,42632.09,1.22E-10,5.49E-10,6.33E-12
5612,2716.16083,20651.15768,1614.47743,709.2649285,9054.189627,179.0785036,7.663335136,1045.145881,2621.543797,1695.374225,245.1137603,40539.17,1.47E-10,3.35E-10,5.35E-12
5613,2646.600296,17904.14137,1005.125467,514.0755758,8688.47742,170.5161354,0.095726121,847.266936,2294.169373,1487.467975,849.9037271,36407.84,2.24E-10,3.02E-09,-7.65E-12
5614,2598.342331,13889.23796,602.6228943,213.9822341,8767.20536,170.669264,0.018467097,749.0304663,2338.182545,1728.239499,985.9889803,32043.52,1.61E-10,1.36E-09,-3.37E-12
5615,2604.250201,11484.70084,596.4926364,147.214402,8769.493133,171.7306227,0.019300089,699.2493775,2184.066202,1513.21988,930.7434026,29101.18,1.54E-10,1.74E-09,-9.65E-13
5616,2608.734736,10526.23355,585.2553379,122.2883238,8776.137937,171.4400214,0.019271153,698.5984819,2246.29148,1045.06404,941.25682,27721.32,1.39E-10,1.05E-09,-4.14E-13
5617,2575.721565,10073.75088,577.8064822,99.78547897,8675.176796,169.3574774,0.070601384,661.6365885,2421.274622,665.9978944,927.3116196,26847.89,1.49E-10,1.24E-09,1.22E-12
5618,2583.858581,10213.14505,584.7949418,97.45503781,8676.411631,169.5891788,0.017805343,610.9792125,2274.019742,368.0306619,933.7581594,26512.06,1.62E-10,8.08E-10,1.95E-12
5619,2562.380944,10436.26226,581.5366019,106.8303211,8614.913454,168.4501339,0.034035028,715.8367715,2320.799244,330.9602632,828.2259725,26666.23,2.18E-10,8.28E-10,2.34E-12
5620,2626.014408,10582.26529,633.6999891,138.2246997,8923.891301,174.3280966,0.106338276,940.2813859,2584.793097,1225.38151,309.183881,28138.17,1.71E-10,2.50E-10,-2.66E-12
5621,2656.537733,12236.25053,861.8870865,165.8448718,9012.287535,174.1074367,64.36177346,1106.824799,2659.559509,2332.985062,1062.85366,32333.5,1.61E-10,3.90E-10,2.35E-12
5622,2741.566657,15457.37963,1096.754185,629.5896072,9218.213878,145.8192004,604.8768281,1336.526304,2786.170374,2462.753066,1182.280269,37661.93,1.45E-10,2.93E-10,6.80E-12
5623,2663.365855,16722.26689,1183.763528,1262.827141,8886.123703,172.6444624,1372.710237,1373.430635,2806.793495,2381.076757,1145.537292,39970.54,1.90E-10,5.35E-10,2.57E-12
5624,2557.042193,15823.58393,1132.90735,1726.936995,8447.848717,163.2037078,2485.142976,1397.456605,3202.914608,2274.641398,1111.041523,40322.72,2.62E-10,1.06E-09,1.42E-12
5625,2560.702799,15885.33894,1138.239519,1077.945873,8349.685777,163.9907487,3161.363176,1265.233732,3532.502135,991.9961999,997,39123.9,2.96E-10,0.09890075,-6.40E-12
5626,2487.426108,15311.02471,1092.947716,1084.93298,7827.381207,159.133254,4241.257287,1326.675652,3834.75858,148.2159889,911,38424.59,4.81E-10,0.163488208,5.49E-12
5627,2443.800239,14848.55602,889.8714015,1090.886465,7809.360265,155.8138196,4766.733644,1622.252436,4329.744748,115.2888486,911,38148.63,831,3.677887322,7.84E-12
5628,2356.657125,14924.29303,848.1474871,897.2675175,7885.300351,151.9512507,4675.843953,1501.051632,4269.951281,35.46436455,1024,37678.39,889,2.537990337,-2.16E-12
5629,2378.623705,14272.75139,942.2783631,446.4308941,7930.110719,152.324702,4190.396041,1729.885072,4428.491977,45.03573776,1025,37474.43,63,3.898605459,-4.33E-12
5630,2430.313862,13996.81926,869.2409274,598.8140922,8114.638925,153.5493501,3674.110792,1731.423471,4892.06387,1272.284362,575,38307.16,6.63E-10,1.098906084,-6.57E-12
5631,2532.212919,14531.13895,761.0896403,456.057373,8485.940885,160.7529719,3035.754096,1779.230434,5339.909867,1614.605067,629,39325.64,3.46E-10,0.052201557,3.13E-12
5632,2595.772507,15632.41805,1014.560453,675.1157988,8620.070756,165.4124277,2160.725316,1704.479674,5565.729726,1744.923278,731.9320091,40611.14,2.77E-10,1.08E-09,3.98E-12
5633,2667.925996,16232.22564,1087.97597,1054.414165,8748.67857,170.7425955,1354.756607,1750.596181,5354.729832,1459.079581,694.4548604,40575.58,1.92E-10,3.76E-10,-8.93E-13
5634,2695.132915,15833.3231,1098.09325,1602.630577,8844.238906,171.9492274,425.934582,2132.226992,4995.800467,1629.095466,694.3545219,40122.78,1.72E-10,3.47E-10,-1.86E-12
5635,2776.915851,16015.49545,1198.751293,1454.226345,9333.635646,176.2755743,10.39361462,2418.701206,4806.912508,1273.838383,900.2841326,40365.43,1.31E-10,4.69E-10,-2.90E-12
5636,2792.363366,15257.33695,1152.252725,810.183306,9425.112916,179.6466298,20.79025476,2957.203784,4879.508319,335.5365481,1099.475198,38245.41,664,2.81E-10,-5.23E-12
5637,2441.75869,10965.86696,719.4171572,540.2654135,8639.502733,165.597741,0.073563361,3565.028535,4735.812309,1616.786561,790.8203408,34180.93,3.65E-10,1.17E-09,2.70E-12
5638,1758.221504,6578.432876,569.3905497,309.9585927,9035.594826,172.0885578,0.020020355,3750.615456,5158.950321,1728.82578,773.0115178,29835.11,1.48E-10,3.22E-10,-1.70E-13
5639,1264.498577,5100.341995,510.9653432,216.4901057,8942.764934,173.6240271,0.021175145,3686.017704,4804.744896,1657.711151,336.5500927,26693.73,1.72E-10,1.22E-09,-9.72E-13
5640,1452.718069,4069.004767,541.1811242,185.1682663,8828.666466,173.062611,0.02021802,3717.379861,4769.642324,1629.32962,46.92667294,25182.1,1.65E-10,231,-2.56E-13
5641,1319.43007,3445.698251,483.6348718,122.5101884,8459.112504,166.3871793,1.07291552,3602.623109,5188.195661,1569.752005,2.58E-09,24208.55,1.98E-10,149.8667544,-6.82E-13
5642,1123.010749,3160.871274,474.7287913,115.9542264,8432.299293,160.2747767,0.010902767,3610.264144,5248.170191,1542.999289,6.46E-10,23695.89,2.26E-10,172.6936361,1.56E-12
5643,1120.000411,3285.649721,477.5813245,116.7962022,8524.615831,162.3343902,1.037198262,3812.207379,5047.163994,1093.754113,247,23887.89,2.90E-10,0.25056416,-5.41E-12
5644,1192.467367,3780.387494,506.3960123,146.3198327,8910.949867,171.1570318,0.053946459,3986.046221,5013.192659,1246.880799,518.3487693,25472.2,2.20E-10,7.27E-10,-1.25E-12
5645,1871.142281,5603.354209,650.7064291,240.4464607,9567.856,184.2146143,196.4145914,4070.726766,5160.472726,1954.727133,78.29879054,29578.36,1.40E-10,2.14E-10,-4.50E-12
5646,1905.73776,9126.714042,603.7875218,447.5915227,8954.980305,170.8263788,1200.836624,3862.673083,4784.40896,2134.329686,968.6241168,34160.51,2.01E-10,1.09E-09,-3.36E-13
5647,1806.276751,10248.67652,464.7407884,817.8775592,8525.054072,158.2749955,2240.801215,3611.984451,4868.069895,2118.034059,1085,35944.79,3.57E-10,0.000301253,-5.25E-12
5648,1683.429424,8911.420661,416.0971113,669.4925231,8019.117997,152.5848568,4026.095581,3261.429602,4989.08766,1952.170977,1086,35165.04,1.07E-09,1.886392951,-4.49E-12
5649,1816.835796,9616.310671,470.0920267,656.3101035,8307.158959,163.3372536,4654.392769,1872.977359,4059.164279,1837.659212,1098.48157,34552.72,3.01E-10,2.16E-09,4.60E-12
5650,1619.768017,8406.629022,523.8192389,609.1439264,7361.913044,146.9972639,5422.071016,3071.830331,4923.175783,1638,855,34574.39,0.001864051,3.955779146,3.32E-12
5651,1659.082154,9114.275848,475.1886786,593.5179295,7698.109481,150.0614065,5612.352754,2935.560462,4975.752299,1026.409228,511,34746.8,1.30E-09,4.510241037,-3.49E-12
5652,1603.768014,9150.664195,478.0526681,658.2841192,7618.308243,146.5959903,5186.898031,2769.573641,5167.750112,916.5187977,480,34172.17,5.27E-09,4.243810733,8.33E-12
5653,1625.1277,9173.922361,472.9574586,592.7134063,7595.000922,131.645405,4141.056249,2695.274657,5269.783023,1670,773,34134.45,0.045226696,5.985955033,2.30E-12
5654,1713.224081,9020.793314,498.061873,587.3646155,7883.528229,151.3085619,3630.804349,2578.693245,5680.938462,2077.649165,1023,34840.95,1.35E-09,4.415894441,4.03E-12
5655,1846.373319,11015.31067,522.3100979,586.8327389,8437.858843,148.5121572,2492.675387,2341.181613,5900.210893,2232.66946,1025,36548.46,3.32E-10,0.47517589,-5.37E-13
5656,1931.379072,12690.6799,720.8595054,885.1321968,8755.177223,151.9888063,1568.721736,2744.813136,5793.156467,2285.157861,1053.454094,38580.52,2.63E-10,1.06E-09,6.58E-12
5657,2011.526938,13191.6559,1014.093705,1540.138039,8861.021862,165.8725543,916.5049125,3061.183969,5526.605073,2352.427011,1091.770037,39732.8,1.96E-10,4.41E-10,-4.35E-12
5658,2045.373621,13586.8713,1032.790855,1660.882607,8779.655775,171.2839775,255.9304616,2838.576687,5274.252793,2391.039211,1107.692706,39144.35,1.68E-10,3.50E-10,-1.48E-12
5659,2067.252232,13826.28614,1050.433385,1307.581417,8914.630092,176.7973323,8.011345112,3089.352975,4858.699324,2374.864182,1042.751576,38716.66,1.31E-10,4.34E-10,3.13E-12
5660,2073.164337,13292.83458,1030.15469,824.2345024,9173.834764,177.2961467,13.56560431,3212.124925,4741.024739,1673.83768,937.2480302,37149.32,1.58E-10,3.78E-10,-4.90E-12
5661,2022.260959,11173.79485,801.9757752,478.341825,8980.860376,171.7299214,2.101519157,3191.75804,4496.125601,1640.657454,739.4236787,33699.03,1.75E-10,4.56E-10,9.38E-12
5662,1985.9449,8112.114653,124.7967178,232.998195,9069.978644,175.534325,0.021563789,3481.534046,4369.425267,1496.986512,793.2751771,29842.61,1.39E-10,2.33E-10,-4.76E-12
5663,1568.749199,5321.794614,103.6410484,149.8368566,9061.955331,160.0260311,0.021462496,3628.570504,4394.777592,1631.724552,731.2628093,26752.36,1.60E-10,3.36E-10,-1.06E-12
5664,1395.91928,4242.564263,47.37719144,130.7871722,8895.98128,153.4373127,0.019088313,3686.933492,4486.314631,1371.98983,734.5264585,25145.85,1.73E-10,5.44E-10,-9.12E-13
5665,1297.431792,4013.291838,42.10042977,118.3469241,8804.71828,153.763916,0.070905987,3580.275865,4434.527328,1071.261335,623.1113861,24138.9,1.65E-10,2.53E-09,2.57E-12
5666,1590.683109,4211.848876,46.15175321,114.6566669,8741.193888,154.4683109,0.017514897,3362.045041,4356.245265,462.3606957,599.0388795,23638.71,1.60E-10,9.54E-10,-3.85E-13
5667,1855.346217,4714.591763,39.77694282,113.6947593,8401.209892,151.8328096,0.046851523,3331.810407,4173.872829,189.6150113,672.7125171,23568.51,76,8.00E-09,-4.26E-12
5668,1961.25182,4764.837036,57.09381517,128.2146844,8639.630972,156.4047099,0.056621966,3308.826805,4093.849479,899.8068017,239.8372538,24249.81,2.06E-10,1.03E-09,2.57E-12
5669,2273.160982,5194.220342,88.03741608,155.8408426,8907.885108,151.4844655,167.702431,3114.139788,4006.659781,1455.44178,511.3470638,26025.92,1.78E-10,1.11E-09,2.80E-12
5670,2534.84041,6753.062443,87.53220301,534.4892495,8599.950592,150.2375406,1231.603393,2754.111002,3617.370444,1873.398117,861.5046062,28998.1,2.96E-10,1.33E-09,1.79E-13
5671,2457.837405,8091.746168,76.09543554,621.2422067,8304.852791,144.2386238,2845.371011,2504.965384,3413.152356,1826.83967,743,31029.34,4.30E-10,0.001051308,3.93E-12
5672,2350.668968,8786.610314,23.87503816,586.656877,7760.427926,133.5996597,4324.535111,1806.536038,3158.600974,1715.956083,842,31486.16,1.56E-09,3.306989197,-1.66E-12
5673,2297,8907,1.06E-08,527,7464,130,4806,1291,2858,1662.287421,846,30785.15313,1.53E-07,3.134288531,9.55E-14
5674,2298,8971,8.66E-10,468,7245,132,6000,1160,2720,1857,825,31666.1029,0.006691775,9.890408871,2.03E-12
5675,2302,8943,9.06E-10,354,7249,130,6185,1109,2688,1615,825,31384.34326,2.753475651,12.90326454,2.58E-13
5676,2302,8530,5.84E-10,447,7460,131,6300,988,2604,1657,825,31233.05408,4.841180648,6.104738326,-8.27E-12
5677,2303,8142,6.52E-10,302,7512,130,5905,912,2400,1714,874,30185.18593,0.323522755,8.490551618,-7.49E-12
5678,2302,8049,1.06E-09,332,7516,130,5400,790,2240,1915,974,29640.7959,0.00280008,7.201297841,3.73E-12
5679,2333.863031,9300.683885,98.32313745,415.6705181,7658.680778,128.7550277,4459.649229,663.9327563,2180.653675,2059.470214,1085,30383.08,2.30E-09,1.60225225,2.67E-12
5680,2467.728245,12304.69736,705.1075203,585.9183284,8187.76451,144.8603579,3161.768303,798.0094426,2048.250892,2191.975081,1086,33681.93,4.23E-10,0.150043113,-6.74E-12
5681,2570.071119,14865.56134,850.2794054,854.8340123,8562.996534,151.5154875,1677.570817,761.0777399,1842.407641,2288.567185,1133.408722,35558.29,2.46E-10,6.25E-10,1.92E-12
5682,2651.317783,16516.83206,1101.351064,986.5704098,8653.590923,158.1915887,443.3897181,599.939602,1603.379951,2357.594364,1165.432535,36237.59,1.86E-10,3.84E-10,4.72E-12
5683,2700.481784,17339.54437,1120.864443,1202.195835,8824.781379,162.4745219,6.878716047,580.8491917,1420.506668,2453.502472,1103.900623,36915.98,1.38E-10,4.04E-10,3.85E-12
5684,2684.063885,16931.51637,1101.376139,970.9718622,8892.381017,161.3878868,14.89473831,472.1572867,1318.92324,2306.893557,1031.744022,35886.31,1.70E-10,4.97E-10,-4.76E-12
5685,2691.516287,15246.55435,925.8443769,501.6521372,9099.054117,161.1999554,2.129428381,494.9190818,1378.907174,1909.728288,912.0548055,33323.56,1.93E-10,3.22E-10,-6.57E-12
5686,2644.291827,12490.06089,608.0838963,292.4133923,9027.92905,164.9354064,0.020565321,512.461604,1461.559549,1847.538662,892.7351612,29942.03,1.60E-10,2.33E-10,3.26E-13
5687,2532.13657,10054.32082,518.5122384,204.6297393,9137.335257,162.7183285,0.022147317,565.6392168,1544.0604,1728.045315,788.8499636,27236.27,1.58E-10,4.20E-10,-2.92E-12
5688,2501.533225,8489.787785,575.5972911,131.9568971,9102.241541,160.5900054,0.02158279,558.6699678,1737.605752,1701.897001,788.968952,25748.87,1.52E-10,3.66E-10,-2.03E-12
5689,2491.095828,7485.860732,333.503762,124.371399,9086.354586,161.4876344,0.085224377,675.2851771,1992.298838,1598.560913,722.0359066,24670.94,1.43E-10,4.22E-10,2.73E-12
5690,2463.325111,7533.011692,98.67722535,119.2460677,8842.682258,157.1413641,0.018888269,476.7455241,1944.886141,1576.447795,703.7779334,23915.96,1.44E-10,6.56E-10,3.53E-12
5691,2388.031754,6954.514246,84.63177055,115.3020575,8288.938579,149.5369443,1.056465157,667.5969313,2631.650252,1489.468851,677.4921483,23448.22,2.03E-10,6.88E-08,-5.00E-13
5692,2383.341236,6444.769596,91.44844588,130.8109997,8365.479961,149.5680602,1.056555088,906.4311232,2772.27768,1545.556006,679.100337,23469.84,2.02E-10,4.24E-09,3.59E-12
5693,2376.296085,5957.245248,105.0172044,141.0564844,8464.894629,146.419809,54.82927298,1138.053862,3155.851783,1757.085247,774,24069.77,1.97E-10,0.979625764,2.46E-12
5694,2338.031365,6255.197199,131.7694582,237.1982165,8566.002588,149.080427,487.5648967,1656.029847,3583.310377,1813.284386,776.551241,25994.02,2.08E-10,9.51E-08,5.41E-12
5695,1823.03307,6919.373298,165.29025,584.5211889,8778.129732,152.7938013,1079.154042,2328.951436,4304.777262,1969.27181,861.9641098,28967.26,1.85E-10,8.72E-10,-1.87E-12
5696,2036.904205,7539.248114,172.1641034,636.8770802,8781.480096,154.4169929,1463.577022,2992.970035,5202.273554,2060.63901,910.8197875,31951.37,1.93E-10,7.41E-10,-2.69E-12
5697,2456.558996,7861.112255,193.9195183,543.3803064,8673.585967,156.5705331,1491.063769,3471.849729,5999.387339,2080.811417,926.9201697,33855.16,1.69E-10,5.14E-10,1.11E-12
5698,2545.665548,8129.323904,183.2626484,475.4516314,8554.28796,153.9696355,1796.902576,3799.326069,6539.99213,1993.625518,944.5423793,35116.35,2.18E-10,3.47E-10,2.32E-12
5699,2564.950899,7897.778028,173.1348171,512.0788893,8638.610025,154.2785911,1826.247338,4122.086543,7106.363068,1984.845358,827.4864427,35807.86,1.90E-10,4.30E-10,5.72E-12
5700,2533.764713,7689.920596,155.1811451,442.258885,8551.11457,150.6710731,1876.712307,4047.405104,6904.058697,1936.078686,835.6742252,35122.84,2.11E-10,5.09E-10,4.57E-13
5701,2513.679421,6834.169891,137.9416797,399.7201503,8414.010548,148.0878782,1836.932106,4035.750755,6708.914293,1932.240845,904.9624316,33866.41,2.32E-10,7.76E-10,2.75E-12
5702,2561.435455,7116.114069,145.4103144,523.7018213,8624.578075,151.600151,1703.248876,4073.543618,6222.694814,1994.496609,928.256197,34045.08,2.33E-10,4.62E-10,-3.58E-12
5703,2582.14955,8832.052814,155.7374272,864.5175372,8765.690231,153.6429543,1433.898199,3732.116963,5733.362348,2009.943908,895.0580676,35158.17,2.32E-10,1.54E-09,-6.59E-12
5704,2641.531727,9961.15727,198.7477401,1394.818466,8965.380587,155.8068891,1023.589626,3693.285305,5274.788359,2077.742772,912.5312594,36299.38,1.87E-10,8.04E-10,-1.71E-12
5705,2677.519599,10320.0421,226.7891122,1682.331601,9137.548928,159.823271,552.6775177,3934.838448,4833.739202,2084.963633,959.046588,36569.32,1.74E-10,3.48E-10,-5.13E-12
5706,2722.939331,10554.09737,256.6517625,1537.21932,9291.259493,161.4675322,115.6387117,3998.564584,4464.024808,2139.806465,953.9706223,36195.64,1.45E-10,3.82E-10,-3.29E-12
5707,2724.593013,10508.21472,256.8059906,1845.86066,9282.538432,161.1094758,3.331034203,4051.53662,4376.1458,2170.924393,1042.859866,36423.92,1.35E-10,5.39E-10,2.72E-12
5708,2812.385497,10713.89937,289.7293472,1056.593961,9635.529517,167.710242,6.615134048,3858.827606,4617.280284,336.1197941,913.2492467,34266.94,141,2.92E-10,-3.72E-12
5709,2660.779245,8852.578696,172.7775572,588.6418385,9054.365626,158.3585357,0.081024388,3680.934782,4822.668289,374.3121866,749.3722197,31114.87,2.39E-10,5.29E-10,3.13E-12
5710,2252.660644,5357.709919,115.712256,245.7609493,8783.938531,153.2719471,0.016563664,3731.42332,5110.920766,1633.458018,65.3570857,27450.23,1.78E-10,3.96E-10,-2.78E-12
5711,2150.358672,4215.257618,123.6620531,260.6715079,9105.102621,139.7865368,0.021058184,3523.78722,4810.895226,500.5542385,183.1832485,25013.28,1.29E-10,2.90E-10,-7.53E-13
5712,1957.180029,3656.870754,99.53429547,175.6070963,8807.364126,116.6066262,0.016946497,3782.122294,4875.320188,514.0595791,30.50806572,23727.19,1.47E-10,288,4.55E-13
5713,1945.136584,3627.763272,90.26608313,173.2195153,8717.343758,118.1330416,0.03130821,3763.116415,4779.000744,203.8315962,24.46768298,22860.31,153,429,-5.12E-12
5714,1920.845614,3433.803235,80.15453404,167.9740612,8436.936159,105.8476759,0.011773905,3761.635202,4601.456668,143.2679985,7.1170785,22213.05,158,288,-1.93E-12
5715,1642.680945,3666.768231,89.0173798,173.5833111,8705.74533,110.857873,0.046557753,3881.414541,4479.593165,156.5539064,420,22054.94,1271,0.321239738,3.41E-12
5716,1686.570467,4067.057628,107.5947111,196.5820148,8961.162773,115.6633424,0.038189498,3954.22951,4270.005171,186.6408487,561.485345,22722.03,1385,4.62E-10,-2.05E-12
5717,1790.933104,4844.553056,148.6928518,206.764336,9202.955123,119.6299275,68.18250614,4031.241057,5054.028945,216.7841728,494.1449214,24701.91,1476,5.39E-10,-6.82E-13
5718,2484.975168,6384.129439,165.1027519,332.602355,9027.549323,115.8667056,603.4018537,3973.688406,5182.600375,261.9697891,342.9338345,27596.82,1278,5.32E-10,-4.55E-12
5719,2557.443048,7679.374428,137.2288598,574.1960898,8531.194958,107.5747893,1570.526417,4001.312724,4960.284137,168.9791439,472.1754051,30003.29,757,2.03E-09,4.55E-13
5720,2478.010285,7979.603389,115.84205,834.1940336,8258.792817,102.97146,2597.332964,4031.502676,5063.741315,128.3156065,473.58,31504.02,559,0.866596496,2.05E-12
5721,2431.65717,8076.516873,95.0400492,531.7972246,7997.623774,95.4522808,3285.552009,3865.795548,5024.394901,59.84912342,473.78,31761.53,174,1.928952551,6.82E-13
5722,2323.006883,7811.060054,98.86275991,534.4845554,7983.479491,86.73527471,3529.048139,3811.606527,5024.273907,41.71515986,472.76,31673.01,40,4.022750369,2.69E-12
5723,2347.776575,8366.01439,112.6732014,467.3404552,8131.018617,73.5385646,3676.367358,3791.219741,5028.510391,85.01574785,472.77,31910.45,638,3.795042231,8.64E-12
5724,2305.312003,8635.556331,101.1399601,567.7784035,8014.749171,70.36065548,3469.489426,3609.480085,4879.171828,44.77738627,473.64,31393.91,775,2.545247996,-3.75E-12
5725,2322.966455,9158.023857,94.61835634,496.7166494,7972.963727,70.4295534,3113.525641,3256.176539,4623.091009,40.7747497,689.38,31226.3,610,2.366537192,5.68E-13
5726,2262.461792,9862.252787,67.90663749,397.1828025,7699.227681,76.46853918,2596.988075,2877.535855,4317.382081,1393,668.8,32214.83,0.00100421,4.375246048,8.27E-13
5727,2494.880363,11727.52959,139.6743119,722.5021677,8441.166596,103.7116995,2350.153373,2778.038988,4433.143365,870.1032403,780.47,34840.95,2.63E-10,0.423697534,-6.30E-12
5728,2471.913191,14099.70068,148.1306749,1412.962376,8299.974811,104.8762405,1430.907616,2445.824521,3904.44948,2158.434529,719.67,37196.51,3.61E-10,0.334122283,-4.76E-12
5729,2609.157771,16290.10987,210.0564434,1192.056361,8768.283693,113.8733696,697.252395,2184.630598,3577.425346,2310.532992,606.8311667,38560.21,2.22E-10,4.44E-10,3.50E-12
5730,2691.954409,17647.94205,249.3679297,1184.924612,8986.082483,119.0777993,138.5672659,2085.984153,3278.273583,2404.992388,426.3333249,39213.5,1.59E-10,3.66E-10,-1.42E-12
5731,2652.438812,18099.79369,233.4175423,1648.416824,8831.799093,116.4014977,3.985130513,1952.277446,2712.501315,2349.2321,747.3865499,39347.65,1.44E-10,4.28E-10,-4.63E-12
5732,2761.373087,18139.37724,252.9760589,1612.065922,9170.618775,121.5751239,6.817808256,1626.850035,2441.97614,438.3556649,768.6041492,37340.59,1.47E-10,3.12E-10,-1.13E-12
5733,2519.523025,16070.22683,119.8028377,518.2479795,8300.08976,118.645782,1.061287857,1382.486854,2003.493275,1952.530105,723.39,33709.49,3.89E-10,0.007737297,-6.47E-12
5734,2572.088289,11948.97597,105.0620845,237.3701968,8607.768012,139.4146385,0.016266066,1291.494724,2078.346726,2022.618196,759.0448944,29762.2,1.75E-10,8.65E-10,-3.37E-12
5735,2613.503781,9014.928065,108.5357805,216.4920471,8857.906418,154.8265412,0.019827451,1273.080753,2171.293522,1916.370501,761.3827632,27088.34,1.59E-10,7.41E-10,-2.10E-12
5736,2610.28711,8455.311665,95.40272552,118.226014,8755.120892,154.1430882,0.018304085,1128.144777,2119.119855,1889.728885,756.7666849,26082.27,1.62E-10,7.02E-10,-5.27E-12
5737,2567.7524,8371.311551,90.03312476,112.7295623,8565.514627,150.8962885,0.031328769,942.5154548,2042.084577,1861.010823,726.980263,25430.86,1.58E-10,2.15E-08,1.58E-12
5738,2562.038735,8673.546538,130.3074629,111.0723369,8547.898998,127.9338895,0.015239977,776.8707068,1920.550632,1570.209056,720.75,25141.05,1.59E-10,0.143594777,4.95E-12
5739,2601.361145,8301.34384,191.2465298,115.4529572,8884.693166,156.4159184,0.059629613,853.9327487,2258.031954,1676.31069,343.2914212,25382.14,1.60E-10,4.43E-10,4.74E-12
5740,2670.111385,8868.537214,446.9721378,213.8117105,9053.162206,158.4060123,0.022143082,860.2651509,2258.289954,1787.909136,840.9729492,27158.46,1.66E-10,2.78E-10,-3.54E-12
5741,2897.660206,11552.77206,1134.032586,343.5005427,9743.487694,169.3956074,54.67996667,969.7682818,2722.075837,2099.099227,89.55798902,31776.03,1.11E-10,1.56E-10,6.40E-12
5742,2710.53726,15902.84883,1368.276644,558.9530975,8993.476372,156.2586401,502.8494507,790.8351007,2884.354751,2247.450745,1039.909108,37155.75,1.63E-10,4.45E-10,3.14E-12
5743,2662.796512,17295.55985,1426.867808,886.7816693,8817.591273,154.1085039,1286.110504,785.1578932,3408.257987,2317.169636,1075.228363,40115.63,1.95E-10,8.37E-10,2.12E-12
5744,2647.370686,17534.79843,1524.685475,685.1968817,8740.642366,153.4000157,2279.152317,790.4192174,4076.469941,2288.490663,184.6140121,40905.24,1.97E-10,5.27E-10,-1.05E-11
5745,2557.127027,17196.47363,1497.325619,537.1540929,8410.417434,146.6625785,3001.202074,751.4320211,4231.319546,2117.479176,6.866803595,40453.46,2.69E-10,3.76E-09,6.21E-12
5746,2528.247345,16742.33648,1507.209456,517.2456216,8306.256204,142.2348311,3247.39507,823.7717828,4176.303699,1654.478343,273.1911645,39918.67,3.37E-10,2.43E-09,1.70E-11
5747,2523.561681,16509.29597,1581.128157,325.5163485,8302.031858,143.5720521,3598.684286,1001.599106,4197.264655,649.5973361,864.06,39695.72,2.84E-10,0.591445107,-1.25E-12
5748,2482.183388,16118.19536,1551.895861,304.7157283,8234.95351,135.8375978,3890.575079,983.2181407,4339.255288,1138.683715,1.280000004,39180.5,3.62E-10,0.293670535,3.00E-12
5749,2389.834949,15908.0233,1444.087679,278.6070834,7985.319605,123.9413306,4196.344321,939.2703771,4217.786241,1096.851205,259.55,38837.31,6.83E-10,2.306087009,3.71E-12
5750,2416.718316,15249.6055,1423.237421,544.971761,7962.394991,135.5916533,3513.980226,972.0263272,4256.80668,2091.162859,369.79,38933.84,9.59E-10,2.445733792,-1.79E-12
5751,2517.657617,15961.99463,1464.538885,543.9946062,8364.210844,142.276899,2946.351633,1077.010759,4187.665203,2213.33233,1077.25,40495.74,3.33E-10,0.543403971,-1.23E-12
5752,2621.710609,18064.53018,1545.243214,1074.199562,8729.842152,148.9021714,1924.234008,1045.056815,3979.464068,2281.031952,1121.415271,42535.63,2.62E-10,8.30E-10,-3.51E-13
5753,2697.582935,19781.61642,1518.662186,1517.514424,8838.49657,154.5296051,830.3265372,915.0966301,3428.722731,2351.988566,1158.043391,43192.58,1.93E-10,3.85E-10,3.98E-12
5754,2748.72214,20459.65471,1596.517321,1722.821947,9024.735875,157.4515644,154.4697705,925.9324424,2888.70016,2410.192957,1149.851109,43239.05,1.57E-10,4.30E-10,2.28E-12
5755,2777.265264,20914.79947,1553.410642,1661.911313,9105.363442,160.1842528,5.127991058,1086.843814,2756.998902,2351.853487,899.2014227,43272.96,1.36E-10,4.02E-10,-1.40E-11
5756,2793.653506,19766.36672,1609.765402,1166.099067,9180.651946,156.2073248,5.921736149,1142.123509,2987.519274,715.9611465,1097.600373,40621.87,1.56E-10,3.97E-10,7.49E-12
5757,2603.257395,16379.99508,1508.488051,368.4280988,8497.505682,146.1158755,0.075115293,1062.098966,2650.738295,1955.010281,965.7471585,36137.46,3.96E-10,7.68E-10,4.54E-13
5758,2650.28206,11961.28458,916.4357741,215.8075619,8729.252432,150.5722031,0.018081092,1285.753263,2645.455384,2068.10004,920.1886186,31543.15,1.55E-10,6.18E-10,5.47E-12
5759,2615.860554,9633.801393,903.7688635,211.1883495,8705.595522,149.7170796,0.01777892,1210.750025,2518.763916,1875.380431,842.9160876,28667.76,1.88E-10,1.77E-09,-1.64E-12
5760,2516.796697,9080.889938,858.4220726,156.9284622,8470.095869,143.2018342,0.014613268,1087.063466,2409.121552,1838.066645,838.8788506,27399.48,2.11E-10,1.60E-09,-7.47E-12
5761,2503.043383,8762.518559,879.6960603,148.430704,8420.304906,140.316965,0.027858502,919.7065771,2140.288695,1802.241798,828.8344942,26545.41,2.24E-10,5.37E-09,1.54E-12
5762,2470.025162,8720.475485,880.7116289,147.5536994,8444.35658,140.2698769,0.014162696,846.2980163,1971.966888,1829.678234,825.1602667,26276.51,1.82E-10,3.97E-08,1.06E-12
5763,2545.341258,9018.803672,935.8538462,151.7210592,8807.611507,147.0697739,0.057367904,891.3558075,2308.199723,962.4779698,748.1980146,26516.69,1.83E-10,4.98E-10,-9.11E-13
5764,2661.821852,9508.6285,981.5384357,164.6943677,9336.798498,156.3990238,0.026258797,1083.75905,2688.012421,1173.271351,584.2902427,28339.24,1.45E-10,1.75E-10,4.23E-12
5765,2862.373673,12917.97588,1312.229452,239.6636872,10031.74007,168.280982,34.77176806,1339.408664,2826.721997,906.8365434,82.69728116,32722.7,9.72E-11,1.37E-10,-8.44E-12
5766,2675.837052,17132.03003,1649.117797,739.0842381,9116.833847,157.5473452,358.0314029,1105.265346,2818.342939,2270.850497,53.72950259,37889.65,1.65E-10,187.02,-1.09E-11
5767,2635.531034,19006.75751,1709.907043,1310.42345,8991.757285,157.0295463,1157.286713,1025.414574,2648.582022,2366.747845,53.9629736,40874.36,1.70E-10,189.04,7.62E-12
5768,2579.360761,18885.39382,1716.698829,1453.139899,8742.284669,153.7998376,2166.965508,995.7307162,2916.415267,2051.438697,40.05199761,41301.52,1.92E-10,399.76,2.27E-12
5769,2679.942485,19470.77029,1763.4576,872.0057937,8978.498539,158.0666748,3025.400536,334.2737593,2069.683036,1650.618674,50.62261416,40627.84,1.85E-10,425.5,1.65E-12
5770,2475.745631,18222.64759,1678.793402,824.559124,8208.745094,144.4859395,4353.220146,566.6128062,2658.720171,1696.100939,3.699161212,40209.36,3.81E-10,623.97,1.82E-12
5771,2375.703782,17301.53102,1632.414334,518.6933138,7903.956685,137.5727028,4897.703378,952.5985259,3579.447644,919.0597725,6.39E-10,39540.64,7.73E-10,678.0411559,-2.96E-12
5772,2345.787888,16627.21501,1621.080005,432.5466586,7812.572942,136.0798814,5027.795188,1058.017556,3944.851376,384.8949754,4.55E-10,38662.56,1.05E-09,728.2814767,3.75E-12
5773,2358.725817,16226.83857,1598.154537,384.7557781,7686.864283,132.7474982,4269.562502,1111.910556,4186.62924,352.9919055,3.82E-10,37800.35,2.22E-08,508.830682,5.68E-13
5774,2284,15213,1633,360,7438,129,4395,1170,4128,902,105.1,37749.77884,0.002780199,7.318384072,2.09E-12
5775,2347.798385,15277.02401,1587.498011,400.5973118,7651.599977,132.6317055,3645.333539,1270.586982,4032.461406,2064.429105,478.21,38886.01,1.39E-09,2.160431493,-4.92E-12
5776,2496.913134,16175.18624,1578.483462,596.3341017,8162.180556,140.8032585,2817.813291,1480.686084,4131.948924,2180.369862,1077.9,40837.83,4.44E-10,0.788917713,2.46E-12
5777,2638.039418,18009.38823,1590.875939,770.8914631,8676.476323,150.2113906,1464.605425,1430.664517,3954.325394,2277.398373,1121.843521,42084.72,2.51E-10,7.79E-10,2.54E-12
5778,2630.69926,19377.62179,1802.453448,884.037624,8747.216853,155.6068511,273.5168218,1391.387074,3396.921417,2357.533782,1143.725075,42160.72,1.81E-10,4.83E-10,-9.61E-12
5779,2642.894714,20037.79971,1820.890679,1079.023634,8861.521891,159.0543967,5.040257524,1232.313831,3043.293215,2270.176951,1107.62072,42259.63,1.41E-10,3.65E-10,-3.62E-12
5780,2707.083231,20412.04421,1776.175754,721.0839326,9103.982571,167.2462782,5.570693962,1101.976371,2937.935848,308.0553452,1135.415768,40376.57,1.31E-10,2.56E-10,-1.89E-12
5781,2436.887687,17191.52271,1531.732614,393.4099806,8152.653928,161.9203723,0.062390753,937.5982647,2391.880888,2025.684221,977.1169407,36200.47,3.64E-10,8.21E-08,-4.40E-12
5782,2526.40737,12858.19827,825.4943994,141.1351768,8589.332601,160.5464422,0.017956432,1104.73213,2371.438824,2152.504425,989.7424065,31719.55,1.66E-10,4.32E-10,-5.91E-13
5783,2485.624671,10562.73273,593.6677789,131.6750184,8533.211439,167.5853318,0.016717492,1038.915889,2120.22286,2087.642908,949.5446564,28670.84,1.84E-10,1.26E-09,-3.47E-12
5784,2436.617795,9821.25975,580.5408265,91.11630338,8413.182756,159.6079171,0.014022545,961.8061411,1806.407725,2062.641087,926.1756787,27259.37,1.95E-10,2.51E-06,-1.91E-12
5785,2408.892527,9387.662084,549.4936115,78.14990097,8441.359182,146.6162197,0.025233439,857.3709027,1685.382919,2034.910044,928.9173753,26518.78,1.97E-10,7.81E-09,4.18E-12
5786,2368.417773,9243.039089,535.1643178,80.48376697,8478.929216,152.9189611,0.013044689,820.521561,1554.199645,2043.490916,923.92,26200.81,1.75E-10,0.288291012,2.32E-12
5787,2389.083154,9767.310177,565.6715228,84.65789164,8914.849997,154.795356,0.056653517,878.807327,1609.614185,1129.15063,953.9531058,26447.95,1.67E-10,7.38E-10,-2.06E-12
5788,2420.680766,10752.42559,621.2087449,117.0104073,9060.398029,157.2086686,0.020738315,872.4616898,1529.073385,1581.459732,1070.492245,28182.44,1.78E-10,3.42E-10,-6.14E-14
5789,2697.996835,14289.57692,807.9977187,170.5235234,10099.92899,174.7169176,106.7202472,1057.850755,1847.796837,326.3944836,1110.44677,32689.95,1.03E-10,1.54E-10,1.48E-12
5790,2437.390726,18745.6182,944.2598648,438.4551786,8955.686825,152.9304161,948.3908233,712.167681,1288.221482,1963.910757,1130.768051,37717.8,2.07E-10,4.84E-10,1.93E-13
5791,2373.649599,20375.30778,1108.58921,605.8449014,8729.732537,150.519945,1899.462015,609.3193368,1047.852763,2275.654913,1114.856999,40290.79,2.30E-10,8.30E-10,1.63E-11
5792,2307.979944,19580.78962,1409.628451,547.9621756,8495.177944,146.2317745,3602.067562,504.0082137,951.6917081,1288.931366,1093.321246,39927.79,2.78E-10,3.23E-09,1.42E-12
5793,2180.572484,18571.24216,1493.62498,451.3356905,7872.349942,138.7333601,4580.76479,376.7074006,778.7695757,943.0837982,1087.15,38468.91,6.67E-10,5.424179246,-3.30E-12
5794,2074.364622,17591.59081,1433.178588,431.6569772,7471.678277,130.703436,5761.220557,300.680104,557.0740865,946,1026.51,37712.89,0.034597138,11.73286481,4.40E-12
5795,2125.641615,17645.83721,1486.718256,384.1130527,7533.277716,132.3634576,6107.545226,305.6699843,559.3560144,527.048341,1026.11,37823.07,2.92E-09,10.61087697,5.52E-13
5796,2133.130463,17442.27665,1485.608991,402.9201672,7638.596091,130.8000373,5941.910061,267.9565043,494.9186045,620.6612645,1026.29,37572.99,1.15E-08,12.07883018,2.05E-12
5797,2212.016673,17705.76261,1503.346888,360.5995187,7807.67389,133.2651688,5327.749098,286.8003914,508.7529242,751.5022482,1025.27,37616.29,2.11E-09,6.449409669,8.03E-12
5798,2245.243262,18094.89665,1515.364916,335.2279387,7950.250343,134.4308878,4631.60007,305.2536411,573.5083065,1731.718269,775.21,38289.61,1.43E-09,3.094284399,-5.35E-13
5799,2364.240844,19222.26647,1496.029162,489.095786,8357.397601,141.4511044,3632.343816,388.022227,739.7459554,2191.181869,1084.42,40105.69,3.83E-10,0.504836513,7.32E-13
5800,2513.676169,21166.69153,1638.305456,650.1186105,8825.107819,149.5926017,2375.074949,485.3905153,911.7384474,2288.827676,1126.646227,42131.17,2.54E-10,7.20E-10,1.16E-12
5801,2591.678555,22224.31129,1676.647193,791.6960432,9090.012522,154.4207314,1231.65051,516.378064,972.1317032,2348.656038,1153.737356,42751.32,1.94E-10,4.09E-10,-6.71E-12
5802,2655.233197,22527.54661,1726.418628,1162.76762,9291.030463,119.4653387,271.9265877,538.5840262,1008.615007,2355.782087,1166.950432,42824.32,1.83E-10,3.44E-10,4.57E-12
5803,2683.118926,23354.01543,1747.480938,1259.081595,9391.652776,120.4902683,11.21961073,564.8102466,1057.088359,2473.283896,1141.707954,43803.95,1.26E-10,2.48E-10,3.50E-12
5804,2692.700488,22493.38422,1749.673877,699.0398294,9230.337932,120.9830749,5.530928407,582.7593302,1077.226301,1563.790184,1113.263833,41328.69,1.45E-10,3.49E-10,-1.36E-11
5805,2591.023933,18871.88345,1364.826039,468.0774471,8854.846839,115.2809255,2.136023427,552.5236331,965.6200446,2191.469421,1018.022244,36995.71,1.93E-10,7.49E-10,3.12E-12
5806,2619.728116,14306.84128,1184.280035,305.2380424,9037.763689,118.5210214,0.021738584,625.1437908,1048.985959,2210.409883,1000.956443,32457.89,1.39E-10,3.49E-10,-6.84E-13
5807,2559.563441,11818.40106,1049.383236,180.4165268,9070.734802,115.4979423,0.019674338,599.6428883,920.3482931,2113.555171,969.8569621,29397.42,1.66E-10,5.89E-10,-5.38E-12
5808,2518.6239,10856.95705,907.4867142,170.6146779,8965.533107,112.4502314,0.017649553,611.1965829,946.6439168,2060.352078,959.6940917,28109.57,1.96E-10,6.45E-10,-4.01E-12
5809,2506.742172,9964.956058,863.5553872,167.1734293,8929.330665,111.8288059,0.034484686,640.600545,1032.179657,2062.224733,948.8440639,27227.47,1.74E-10,8.72E-10,2.00E-12
5810,2476.820245,9297.224778,980.8619391,137.8751414,8797.654078,109.2769574,0.015533407,715.752858,1152.131175,2030.182021,934.305275,26632.1,1.84E-10,2.11E-09,-8.65E-13
5811,2561.622837,9584.109906,882.6868822,113.9957061,9142.986842,115.3319217,0.060409988,818.5529952,1443.231408,1178.404597,956.4864955,26797.47,1.63E-10,6.42E-10,-1.13E-12
5812,2688.287756,10896.71404,967.6533472,124.6813745,9658.480687,124.0070263,0.027054118,902.9530541,1853.433119,690.483056,446.0494828,28352.77,1.39E-10,1.82E-10,1.69E-14
5813,2646.403907,13447.10496,1257.179862,162.8635622,9334.01236,119.963411,83.92644613,845.7011749,2054.316615,1804.596267,590.9614356,32347.03,1.64E-10,2.73E-10,3.45E-12
5814,2613.429975,16306.97313,1632.820193,269.6817106,8980.032072,115.3680173,1028.686299,872.0122287,2174.276947,2305.390028,1147.969397,37446.64,1.86E-10,3.65E-10,2.29E-12
5815,2543.309479,17141.59243,1646.287547,550.9507743,8749.834206,112.0841648,2257.704387,787.2303519,2315.566315,2256.234931,1073.715418,39434.51,2.49E-10,6.93E-10,3.64E-12
5816,2369.454905,16069.67313,1443.572589,531.9689508,8152.256428,101.8957785,4331.452797,644.1640071,2347.252997,1583.698959,1035.77,38610.62,4.26E-10,0.540543762,1.12E-11
5817,2297.677048,14160.45432,1248.003629,431.9666644,8094.892358,97.79373734,5219.696944,588.9805829,2584.150686,780.4410178,1035.4,36536.68,6.10E-10,2.776991916,-2.63E-12
5818,2214.915631,13242.45898,1257.921129,350.3931659,7823.064157,92.89899973,6692.282181,291.0265529,2079.684387,630,974.61,35643.39,0.030119415,5.83505986,6.54E-12
5819,2223.988244,12969.51636,1337.203039,341.616874,7858.606318,94.53867083,7027.500856,408.4571909,2951.72692,19.99226727,1024.96,35255.4,996,6.70673666,4.77E-12
5820,2189.778565,13353.68329,1279.282699,286.2473766,7751.47312,91.69082268,6836.54512,336.0247195,2505.782463,7.13E-09,864.55,34325.54,1162.37775,7.140429796,-4.77E-12
5821,2158,13514,1280,328,7646,90,6188,593,3420,1505.568627,392.11,37093.19069,10.20804356,11.2798987,-6.42E-12
5822,2164,13347,1208,298,7657,91,5280,512,3575,1644.764706,413.43,36188.45946,0.009114053,1.726136083,-1.24E-11
5823,2158,13535,1303,379,7678,113,4085,469,3735,1746.352941,1076.72,36278.05878,0.000806144,0.013359636,9.31E-12
5824,2411.936222,14731.93498,1647.591786,646.848744,8526.505156,142.277185,2795.077352,606.8502491,4007.258402,1960.290767,1086.43,38563,3.54E-10,0.000844655,-3.27E-12
5825,2542.110177,16512.4316,1703.273771,807.8871283,8789.695461,150.9416636,1365.359827,686.9009089,3910.718805,2015.811541,1146.67912,39631.81,2.33E-10,5.90E-10,-8.64E-13
5826,2616.785158,17525.88295,1730.715101,1062.699383,8971.947747,154.5463084,239.857783,697.0162693,3563.203261,2021.60209,1180.903952,39765.16,1.81E-10,3.58E-10,-9.99E-13
5827,2642.453676,17698.52808,1704.882095,1092.247589,9061.3465,156.0407769,7.073899004,805.4656548,3537.951324,2057.723004,1131.617399,39895.33,1.50E-10,3.07E-10,8.24E-12
5828,2595.945992,16557.02662,1556.353566,979.0837525,9041.331719,154.1592398,5.246309987,872.2280634,3618.950293,1667.620057,1100.824388,38148.77,2.13E-10,4.37E-10,-9.77E-12
5829,2378.968873,14661.33585,1133.84414,453.5610127,8721.928755,147.8584489,2.124981369,790.9991558,3539.170766,1612.896067,867.651953,34310.34,3.13E-10,7.09E-09,2.67E-12
5830,1882.039372,11192.59234,590.6665422,376.3738448,9008.826008,152.7614723,0.017522304,771.6753037,3642.54207,1858.2394,862.3461212,30338.08,1.55E-10,5.63E-10,2.05E-12
5831,1853.423714,8908.706213,584.9597921,63.3135194,8953.832115,151.5030626,0.016786154,724.3611053,3545.534233,1796.432991,793.026468,27375.11,1.79E-10,9.23E-10,-2.98E-12
5832,1824.569922,7950.580839,598.3561398,55.4581296,8841.45673,149.1658244,0.015247275,720.0475632,3391.966195,1695.315461,743.5679487,25970.5,2.35E-10,6.98E-10,1.56E-12
5833,1785.942762,7313.444435,704.8132484,52.08728312,8720.453984,147.0767356,0.013650468,731.6767707,3336.569045,1661.276425,711.51,25164.58,2.10E-10,0.28433885,1.92E-12
5834,1802.125034,6775.849012,783.6652881,52.35350959,8651.240775,147.5941621,0.014339171,792.1561094,3228.607056,1657.323804,716.9609101,24607.89,1.62E-10,2.87E-09,-1.58E-13
5835,1798.398922,6979.023889,803.5097532,52.5996135,8592.828551,148.635889,0.030009483,815.7565994,3089.518348,1565.939565,715.1588593,24561.4,1.88E-10,6.95E-09,-2.15E-12
5836,1834.71237,7516.371939,824.6421507,55.34434546,8709.782984,151.4812789,0.016477296,884.3770407,2904.885231,1626.599056,726.9671261,25235.18,2.00E-10,1.32E-09,2.10E-12
5837,1968.389455,8282.130781,1050.5459,145.4223479,9210.97236,165.9460481,80.69572566,1066.154883,2897.525825,1744.819574,517.8571002,27130.46,1.54E-10,4.27E-10,1.06E-12
5838,1887.513405,9977.153046,1089.670651,282.8028665,9000.916525,169.5078479,896.0187538,972.892315,2715.648399,2157.437379,947.4288128,30096.99,2.33E-10,1.16E-09,-1.35E-12
5839,1793.32552,11638.28842,1107.161871,664.9955182,8700.757531,161.7684325,2133.390496,904.5842569,2575.949465,2202.816319,1013.692175,32896.73,3.19E-10,1.24E-08,-8.33E-12
5840,1671.278858,12229.02906,1158.767618,787.1589843,8248.355814,138.2364406,3402.170765,770.1742173,2280.587379,2116.627718,1011.64,33811.88,5.37E-10,2.14685149,-4.96E-12
5841,1583.459613,11853.60651,1069.471574,586.2574951,7960.225234,133.3715919,4091.542079,666.3710801,2045.378559,2069.195666,1011.72,33067.15,8.37E-10,3.449403569,1.04E-11
5842,1508,11239,872,390,7695,129,5605,568,1871,2018,1000.18,32886.87896,0.202796362,8.098241351,4.87E-13
5843,1503,10780,885,345,7698,129,6175,526,1822,1916,961.08,32717.12124,11.93441304,11.02434876,3.79E-12
5844,1500,10149,880,340,7659,129,6300,557,1852,1916,961.04,32208.71933,21.73125396,12.58941639,2.62E-12
5845,1500,9625,872,344,7502,129,5487,677,1798,1916,961.07,30801.29255,3.458476443,6.31897469,1.79E-13
5846,1492,9808,842,216,7472,129,4925,824,1734,2019,1025.68,30486.66938,0.00213066,0.008493122,2.60E-12
5847,1600.424216,11476.66388,834.9241861,487.3675589,7920.92284,136.5122107,3893.520513,1067.865895,1903.198027,2141.513702,1086.35,32549.26,5.59E-10,0.003027561,8.53E-12
5848,1693.000832,14593.76645,908.300485,760.1971412,8399.082251,145.4332382,2519.351163,1349.16641,1917.313706,2276.857708,1103.910615,35666.38,2.67E-10,2.98E-09,3.15E-12
5849,1793.64139,16419.51197,998.8958478,1128.520506,8833.366908,151.0361534,1100.363483,1478.776465,1833.244818,2349.987583,1149.914873,37237.26,2.02E-10,5.99E-10,6.57E-12
5850,1808.113005,17055.03669,1110.114718,1373.847404,9210.758788,155.1032094,159.1368026,1476.063043,1674.727687,2381.511938,1175.826711,37580.24,1.84E-10,3.97E-10,-6.24E-12
5851,1810.416493,17182.56456,1238.088365,1386.881484,9310.766447,156.9858421,2.062947156,1599.391226,1654.204359,2463.604125,1111.934151,37916.9,1.41E-10,4.16E-10,-4.69E-12
5852,1810.950329,16738.29456,1024.788472,722.7151254,9236.119214,155.6257724,3.337891733,1453.768563,1664.275501,1951.709906,1132.084667,35893.67,1.84E-10,3.29E-10,3.85E-12
5853,1778.603234,14874.03052,665.3887682,418.3354811,9145.0999,154.7038503,0.174791394,1370.714588,1806.529307,1978.462059,956.577502,33148.62,2.03E-10,3.09E-10,4.13E-12
5854,1822.973288,12183.64795,143.8442154,198.1905311,9170.869839,156.8384098,0.020902188,1376.209377,2041.467794,1785.081281,832.5064116,29711.65,1.46E-10,2.11E-10,3.31E-12
5855,1885.368256,9709.814443,124.3653526,108.9625156,8957.582135,156.0823699,0.019796662,1349.902846,2194.970054,1701.952024,753.1802061,26942.2,1.72E-10,6.24E-10,-6.32E-12
5856,1861.28686,8203.387475,119.9153402,91.02490083,8899.300826,153.5039846,0.018924303,1275.979089,2464.478097,1720.541649,740.8428536,25530.28,1.60E-10,7.13E-10,2.96E-13
5857,1865.82754,7314.488471,118.5164826,87.83967888,9049.414439,154.1119401,0.019508042,1255.818267,2641.481376,1467.074126,509.5281706,24464.12,1.48E-10,4.51E-10,1.64E-12
5858,1934.537201,7825.879779,147.953048,90.51675499,9410.938658,157.6497539,0.022813328,336.3906661,1791.166319,1500.566845,514.658162,23710.28,1.23E-10,3.80E-10,2.24E-12
5859,1735.176941,7067.551854,151.8096697,79.17269935,8568.45944,144.4152493,0.023496739,965.7653272,2951.10932,1320.859276,461.95,23446.29,2.03E-10,0.003273908,-2.02E-12
5860,1764.156915,6831.076851,216.5780157,82.57490011,8798.92944,148.1085208,0.014746353,1076.461707,3404.772056,848.7838045,476.923044,23648.38,1.82E-10,1.76E-09,1.15E-12
5861,1826.170126,7266.172409,439.6318969,70.6708439,8893.518638,148.5555624,60.22929522,1010.826256,3796.445683,704.8103635,380.0989271,24597.13,1.82E-10,4.25E-09,3.30E-12
5862,1703.315675,7458.982132,680.9649275,100.5336494,8380.973619,141.3674971,722.7260129,997.4713931,3983.910896,1678.502782,757.43,26605.11,3.35E-10,1.068583762,-3.88E-12
5863,1737.496068,7616.796487,748.6233791,323.26314,8565.53399,144.3302243,1993.094298,980.9904035,4382.077813,1748.887153,761.48,29002.41,2.47E-10,0.162955778,-3.59E-12
5864,1648.404711,8025.076765,706.0175887,455.1242108,8173.232277,137.8826849,3350.028578,775.4257282,4525.140855,1752.504355,810.57,30356.88,3.74E-10,2.52775426,2.10E-12
5865,1508.764054,7590.219017,622.2059181,336.3906314,7747.499603,130.3526029,4455.310911,746.6137496,4641.039247,1763.274533,870.1,30406.79,9.55E-10,4.98026662,-2.80E-13
5866,1504,7423,361,290,7715,129,5580,716,4669,1716,869.55,30963.92864,0.248990292,8.372368735,6.15E-12
5867,1497,7133,347,310,7720,129,6245,732,4613,1717,869.58,31292.25457,9.146309039,11.17912221,1.75E-12
5868,1347,6662,346,246,7798,128,6575,810,4757,1717,869.16,31225.12964,15.37262805,14.65773522,2.27E-12
5869,1269,6429,346,285,7800,129,6090,913,4601,1715,794.24,30359.57702,3.076444734,8.586534132,-2.20E-12
5870,1496,6759,346,307,7800,129,4950,1009,4545,1923.281386,883.83,30148.09859,2.46E-08,0.01279656,-3.73E-13
5871,1582.779079,8745.923704,399.1522024,380.3022315,8219.66333,135.9612773,3782.646464,1303.457158,4461.633016,2148.84136,1085.52,32245.87,5.40E-10,0.009821964,-3.26E-12
5872,1702.871322,11701.03121,765.7039076,841.6638407,8803.895351,146.7792021,2345.653916,1689.848465,4192.482083,2274.002077,1086.87,35550.8,2.79E-10,0.001376545,3.12E-12
5873,1817.250984,14793.831,831.06916,821.7298656,9176.510615,153.0628101,947.1099994,1720.918673,3586.523587,2381.947286,1196.056019,37426.01,1.92E-10,3.41E-10,5.38E-12
5874,1892.763623,16026.03778,848.3997617,1085.943414,9456.900277,157.0893154,117.9520375,1605.530143,3084.501127,2416.844904,1200.957616,37892.92,1.74E-10,3.17E-10,4.71E-12
5875,1899.131921,16532.43605,809.1892309,1862.577185,9505.570536,156.8979423,1.951838811,1445.650758,2516.094973,2485.012625,1112.426936,38326.94,1.44E-10,4.21E-10,-4.90E-12
5876,1854.213692,15933.40788,771.4131117,1571.429965,9329.088781,151.7928391,2.009480419,1259.393981,2242.608533,2224.195677,997.3560588,36336.91,1.83E-10,7.11E-10,-6.47E-12
5877,1969.496992,14661.61464,819.3933709,691.8265888,9670.759773,159.9024391,0.221434675,1153.785848,2159.755983,1876.928272,59.37465855,33223.06,1.50E-10,4.99E-10,-1.29E-12
5878,1857.324101,12334.92858,515.8757858,255.3999899,9167.370609,152.532252,0.017741931,978.4870385,1681.059574,1837.656263,600.1680677,29380.82,1.72E-10,6.41E-10,-1.04E-12
5879,1861.682227,9844.960684,538.8703385,229.7460528,9253.932804,153.5700367,0.018810883,861.9465882,1653.467917,1808.700709,787.2438327,26994.14,1.73E-10,6.25E-10,-1.35E-12
5880,1831.190262,9239.550398,552.2834595,123.6776389,9183.197364,150.7669062,0.01775441,753.6915791,1554.560017,1766.329861,822.4347589,25977.7,2.02E-10,6.42E-10,3.23E-12
5881,1794.141175,8949.888164,405.4757615,122.6534506,9085.461419,150.0169554,0.016407341,632.503935,1596.82345,1790.048711,858.050571,25385.08,1.66E-10,2.56E-09,-1.03E-11
5882,1833.291282,8391.541075,408.7686715,120.2526181,9170.734564,150.9871787,0.017533149,706.2050892,1619.696204,1793.078115,787.9576692,24982.53,1.54E-10,1.07E-09,3.57E-12
5883,1944.188536,8643.240441,425.8266487,93.99981914,9470.300132,157.3406956,0.02171533,913.1627938,1769.338725,1402.256336,383.164157,25202.84,1.53E-10,6.50E-10,-1.99E-12
5884,2038.091453,9559.299745,555.1125451,99.61536524,9715.120309,160.1193489,0.024850948,1089.017527,2054.904784,903.6168013,885.3272705,27060.25,1.58E-10,3.69E-10,-6.80E-12
5885,2402.438167,12730.49084,1302.874431,94.65223242,10268.94704,162.4668823,70.78615181,1272.326955,2349.021381,945.5188695,317.7970528,31917.32,1.16E-10,1.62E-10,-5.55E-12
5886,2594.67441,17439.83441,1383.946845,405.8172757,9608.440205,154.355793,738.380963,1218.837618,1994.051475,1300.59682,645.934186,37484.87,1.52E-10,3.39E-10,-4.21E-12
5887,2610.865508,20563.40473,1636.310491,522.6998152,9658.897821,159.2370475,1827.196403,298.9825283,1239.935442,1338.365917,592.4042957,40448.3,1.63E-10,3.00E-10,-4.56E-12
5888,2477.572924,20050.44439,1776.620147,509.4202284,9131.958288,148.3241922,3000.765329,787.6601157,1619.359238,1222.12929,184.7958579,40909.05,2.22E-10,1.01E-09,3.81E-12
5889,2350.379227,19050.44607,1562.451539,372.4865442,8636.052009,148.5575756,3347.411126,1137.975866,1935.632314,934.8791035,493.55,39968.34,3.21E-10,1.481377347,-1.02E-11
5890,2209.373909,17838.45597,1426.625011,264.4055282,8175.323297,134.9818673,4656.95439,1117.575256,1956.898609,817.7995475,787.42,39381.09,2.56E-09,4.723387653,6.83E-12
5891,2236.232966,17866.27245,1364.803539,256.3397377,8427.567945,140.9729603,5140.875654,1119.582222,2108.068206,61.57683393,273.87,38989.18,3,3.982516592,-5.17E-12
5892,2218.076021,17849.38197,1725.309792,297.2402125,8201.953536,136.4210351,4840.746738,1007.283415,2014.035389,38.32357163,226.54,38495.23,56,4.081678281,4.00E-12
5893,2224.897338,17755.46292,2086.689433,338.1191316,8215.004827,135.6534741,4155.192439,1012.216994,2005.532771,958.5373698,6.58E-10,38781.03,1.31E-09,106.2766999,-5.26E-13
5894,2303.58511,17999.64227,2140.724878,423.9906453,8468.082185,139.758422,3981.378556,1070.163499,2024.192773,877.7569724,134.96,39564.23,7.03E-10,0.005307378,-2.94E-12
5895,2334.95896,19049.98409,2476.810187,341.0112935,8586.109868,140.7484535,2966.913722,1253.009845,2023.912083,1189.326919,1065.39,41428.17,3.45E-10,0.005427034,-2.71E-12
5896,2460.253447,20103.27875,2570.938633,1145.453134,9039.922425,148.6564682,1900.51886,1418.957508,2061.329124,1281.065297,1125.756354,43256.13,2.41E-10,1.16E-09,1.58E-11
5897,2534.56498,21376.81643,2376.226378,1155.131764,9289.730063,152.7637234,785.5297206,1375.382144,2135.216207,1358.811745,1176.996844,43717.17,1.87E-10,4.30E-10,-6.04E-12
5898,2604.597631,22120.61557,2221.179985,861.5823591,9509.116946,156.7273376,109.2127534,1244.737029,2117.335571,1409.562861,1179.271958,43533.94,1.61E-10,4.09E-10,4.63E-12
5899,2600.239837,22274.43796,1963.839437,1492.662894,9502.034549,156.6165066,3.853654405,1029.005688,1901.017325,1481.33864,1090.893513,43495.94,1.34E-10,5.98E-10,-1.12E-11
5900,2531.172685,20545.4497,1920.392564,569.6635702,9264.205655,153.5817182,0.744043434,835.6990987,1811.545614,1214.919398,1109.265955,39956.64,1.72E-10,4.42E-10,4.38E-12
5901,2515.218426,16506.17592,1699.655996,565.8251828,9204.052164,152.1288846,0.124619624,832.3993053,1754.920642,1192.002143,972.286715,35394.79,1.84E-10,6.63E-10,-3.51E-12
5902,2524.242399,12679.50756,1714.304076,111.6622593,9288.821414,154.7468864,0.018906757,813.4732247,1637.518152,1199.007176,755.917941,30879.22,1.56E-10,1.07E-09,4.44E-12
5903,2504.444927,10302.01124,1781.61909,71.26765515,9228.133072,153.6487774,0.018061226,865.2041976,1389.518599,1103.070306,782.3840719,28181.32,1.96E-10,4.97E-10,-1.99E-12
5904,2488.641655,9372.772042,1700.656463,38.73676265,9190.040815,151.3376362,0.017361787,1019.166074,1209.83884,1117.180893,765.051459,27053.44,1.86E-10,6.28E-10,1.26E-12
5905,2451.689533,9185.407085,1165.993701,36.68651453,9069.755011,149.1379234,0.015673975,1263.692732,1183.513991,1111.650662,746.2271718,26363.77,1.75E-10,1.18E-09,-3.14E-12
5906,2429.456259,9211.312518,909.9850739,36.14108274,8972.299601,147.3045941,0.014456637,1249.320095,1183.21796,1083.008588,722.29,25943.82,1.63E-10,0.530228214,-1.59E-12
5907,2590.708759,9871.341082,978.0035941,42.7508426,9643.053753,158.2854452,0.023318586,1471.511349,1394.968937,258.5932481,307.6796706,26210.92,506,4.35E-10,-2.90E-12
5908,2529.84186,10787.20852,1580.842726,43.89530022,9470.635689,155.6326962,0.021149089,1494.711547,1374.960637,718.4247674,65.1451043,28221.32,1.62E-10,3.40E-10,-2.73E-14
5909,2726.449205,14147.00059,2202.883627,114.5058163,10267.90409,166.1379782,23.23859948,1633.633889,1704.694328,303.3964983,80.13538427,33369.98,1.25E-10,1.74E-10,6.69E-12
5910,2578.277981,18534.35387,2434.159801,410.0486661,9476.869993,156.0364007,382.9097893,1578.671404,1577.087973,1242.252738,990.3213875,39360.99,1.71E-10,4.59E-10,1.04E-11
5911,2595.544028,20306.95594,2750.268088,653.335903,9560.292445,157.6322663,1073.306114,1628.965598,1599.100557,1315.783581,374.0554845,42015.24,1.68E-10,3.23E-10,1.03E-11
5912,2478.224654,20680.72815,2722.432812,571.6974775,9108.739355,150.879256,2250.652831,1546.422051,1519.897023,1006.819004,366.1173897,42402.61,2.06E-10,1.06E-09,5.29E-12
5913,2388.716173,19881.05104,2652.829151,330.3038223,8762.771854,145.3481762,3046.781154,1454.666094,1448.277293,985.8778,481.52,41577.41,3.08E-10,0.732555659,8.95E-12
5914,2366.252181,19098.94694,2567.325989,379.818343,8689.882934,142.9263037,3610.321796,1505.722236,1408.790742,971.8440593,461.74,41203.46,3.53E-10,0.1115213,-3.62E-12
5915,2394.159896,19323.51314,2421.531403,298.2529632,8797.837141,147.4900276,4026.460676,1640.255119,1499.39495,176.4099315,311.03,41035.58,2.86E-10,0.755247251,6.81E-12
5916,2322.712152,18741.17016,2535.735927,275.9904273,8557.859104,141.6122731,4118.620116,1795.193513,1383.257227,150.6625203,266.9,40288.64,3.96E-10,1.073418989,-5.58E-12
5917,2324.643953,18271.18004,2507.470226,240.793193,8600.434182,145.1425844,3989.711886,1900.256811,1430.359694,565.5753888,1.060000009,39976.4,4.44E-10,0.227962451,3.20E-12
5918,2294.469001,18200.71655,2358.478679,261.2614352,8586.624639,142.1917919,3452.574062,2006.766809,1466.676176,1108.023393,549.08,40426.86,5.58E-10,0.002531391,-6.12E-12
5919,2442.969528,19394.53578,2426.691452,417.7221454,9012.999847,148.6311357,2732.521926,2241.459338,1622.441327,1243.177961,1050.15,42733.3,2.42E-10,0.000441178,-8.89E-12
5920,2515.420094,20607.52729,2631.125136,1030.498342,9281.322759,152.111887,1752.137718,2301.896071,1693.814382,1315.465908,1163.720413,44445.04,2.00E-10,5.19E-10,-6.59E-12
5921,2565.965747,21330.99078,2784.193171,916.9299769,9465.697145,156.2082646,795.5444505,2371.721203,1720.552696,1379.361429,1157.015138,44644.18,1.66E-10,4.25E-10,-7.57E-13
5922,2624.27274,21759.79792,2795.282619,822.0146731,9679.048796,158.8520476,115.9224039,2330.683739,1751.630292,1426.460309,1187.124463,44651.09,1.46E-10,3.67E-10,-3.24E-12
5923,2680.860437,22012.22501,2820.253696,1221.288774,9857.679517,161.6741742,2.939267109,2243.553175,1709.249179,782.8747875,1130.351983,44622.95,1.17E-10,3.44E-10,5.08E-12
5924,2597.351972,19940.51398,2865.670668,609.6123828,9535.344221,156.5019265,0.612255728,2080.704232,1606.097952,306.1612804,1122.819133,40821.39,1.60E-10,3.70E-10,-6.73E-12
5925,2483.164499,15799.99565,2689.57981,518.6035312,9107.416081,150.3358235,0.081867245,1868.381408,1444.478735,1113.456403,964.7261911,36140.22,2.39E-10,8.39E-10,-7.03E-13
5926,2534.021434,11948.94283,1979.542862,254.5114537,9360.431868,154.5734135,0.019658731,1889.983793,1548.615283,1132.967807,889.4295994,31693.04,1.58E-10,4.34E-10,-2.83E-12
5927,2532.67243,9786.418868,1520.845284,47.45599553,9359.189843,154.5343801,0.01959615,1841.992346,1504.41001,1096.584352,871.4068953,28715.53,1.60E-10,6.48E-10,-4.57E-12
5928,2469.86023,9140.000273,1369.219535,37.6173629,9138.372491,150.4210713,0.016629537,1737.667744,1553.313841,1080.008397,861.3224247,27537.82,1.71E-10,7.11E-10,1.35E-12
5929,2452.444562,8599.729712,1417.230786,36.41275655,9070.110515,149.0561192,0.015632584,1661.53294,1562.451458,1037.220832,836.2946868,26822.5,1.89E-10,2.53E-09,-1.42E-12
5930,2362.484072,8220.946496,1482.020813,35.38020367,9024.23384,148.8328565,0.014897959,1689.986934,1515.950604,1071.996307,785.4929763,26337.34,1.61E-10,1.85E-09,-2.72E-12
5931,2510.186331,8776.816751,1641.37573,40.75118515,9643.396037,157.96388,0.023053487,1854.839341,1678.812262,368.9964087,54.24901989,26727.41,1.27E-10,3.56E-10,4.55E-12
5932,2544.65838,9679.919583,2044.014539,85.19588475,9767.356757,160.0356969,1.024781928,1903.112907,1701.015436,676.478998,84.89703592,28647.71,1.45E-10,2.22E-10,4.42E-13
5933,2698.093793,13680.4588,2838.307536,220.2729178,10350.43212,169.1008652,30.80981758,1853.925891,1764.573717,417.1966801,69.79785473,34092.97,1.05E-10,1.59E-10,-2.56E-12
5934,2538.76744,18376.33904,3330.708786,565.2743658,9619.004701,159.168417,625.7143345,1663.394508,1490.723408,1297.773462,219.2715366,39886.14,1.62E-10,3.40E-10,-7.27E-12
5935,2433.862397,19022.19244,3392.906884,925.3048079,9213.639341,150.6964752,1865.7789,1815.408596,1462.79106,1260.469426,123.2496715,41666.3,1.94E-10,1.30E-09,1.78E-12
5936,2305.064518,18508.5849,3136.222967,910.1428105,8740.616721,152.9506444,3323.484478,1617.46939,1346.534757,1005.127313,147.0814967,41193.28,2.92E-10,3.69E-08,-6.34E-12
5937,2839.540029,17608.55685,2335.487569,616.5243007,8408.229743,141.7540708,4566.481423,1416.617374,1179.312714,481.3961225,341.6,39933.98,4.29E-10,1.520194559,-7.93E-12
5938,2753.956131,17101.28651,2483.162597,376.1744679,8168.872913,135.4838729,5051.633726,1323.166875,1195.420706,766.0286108,374.08,39724.2,1.03E-09,5.066408851,-6.97E-12
5939,2818.862525,17271.22777,2527.650419,307.8840225,8369.512613,137.5964997,5427.007775,1324.416509,1410.696686,40.99596392,287.17,39751.39,167,4.630784571,0
5940,2616.376488,17307.53583,2493.614273,331.4073481,8236.787117,135.5296454,5165.220093,1328.947843,1515.857138,22.02290918,178.04,39112.2,215,4.138687473,-8.19E-12
5941,2617.834947,16873.9534,2490.37675,277.2595182,8245.339265,138.6642642,4906.274984,1430.416901,1658.335534,29.97750426,180.86,38645.39,201,2.903063939,8.33E-12
5942,2613.642937,16713.43725,2223.067429,346.5065806,8136.935129,137.1244189,4299.85,1329.808864,1728.508523,1028.656538,573.97,39131.5,1.58E-09,0.007665156,5.14E-12
5943,2903.490126,18151.17796,2254.48335,472.9002057,8712.037904,142.4320792,3560.217558,1336.908259,1991.982906,1169.094597,982.5450566,41677.27,3.44E-10,5.90E-08,-3.53E-12
5944,3060.770412,19366.09274,2639.433659,761.2140284,9003.980153,148.5570683,2447.448123,1549.146639,2238.958238,1222.213359,1021.275578,43459.09,2.79E-10,1.24E-09,-1.80E-12
5945,3147.035587,20362.30166,2553.686324,701.8558462,9312.853982,151.5253881,1135.267322,1615.980684,2414.733544,1314.253726,1060.805941,43770.3,1.93E-10,5.13E-10,-7.15E-12
5946,3232.512815,21069.83129,2536.612126,873.8400827,9623.418706,156.6757769,148.092278,1552.127587,2416.990466,1361.420196,979.2886742,43950.81,1.66E-10,3.85E-10,-1.22E-11
5947,3260.162612,21294.40797,2711.923869,1254.206448,9697.334083,156.8452452,2.855377947,1451.942861,2277.405906,1174.053437,646.852193,43927.99,1.12E-10,3.53E-10,-1.30E-11
5948,3144.336782,19410.07302,2484.145562,798.1722484,9275.760428,151.1873461,0.438991185,1315.87107,2211.054908,963.9176003,957.212048,40712.17,1.77E-10,1.11E-09,-1.06E-12
5949,3145.490224,15812.36846,2082.487009,366.4038357,9280.338594,151.793177,0.091833912,1267.962246,2110.767938,1049.108741,881.1579407,36147.97,2.17E-10,5.71E-10,-9.07E-12
5950,3005.698333,11430.31035,2105.006846,157.9046396,9423.937381,155.3508826,0.020280706,1237.768178,2140.706527,1089.546305,866.9302806,31613.18,1.46E-10,3.21E-10,2.62E-12
5951,2872.745698,8410.391677,2227.221509,117.4014006,9488.667472,156.7234323,0.021025517,1289.891749,2172.330822,1069.921233,834.6039823,28639.92,1.53E-10,5.30E-10,-2.73E-12
5952,2830.504861,7686.579786,2148.176551,109.0415891,9316.386143,153.2711977,0.018410758,1168.422663,2199.743639,1020.360634,835.0845253,27467.59,1.83E-10,5.24E-10,-4.62E-12
5953,2763.791438,7595.303469,2034.117359,105.821355,9153.55912,150.1916182,0.016127491,1179.503654,2046.266017,1017.786604,806.1432387,26852.5,1.80E-10,1.11E-09,2.51E-12
5954,2779.226523,7333.79021,1991.074121,106.0639068,9225.574183,152.0587456,0.017010295,1265.294228,1940.849798,1028.588899,748.0523756,26570.59,1.69E-10,1.78E-09,1.32E-12
5955,2901.891435,8102.210283,1895.512838,109.9993567,9656.630899,158.3152457,0.022597962,1468.517723,1918.974146,610.1304164,55.68505871,26778.12,1.45E-10,99.77,5.93E-12
5956,3019.981591,10123.15233,2030.389197,120.1520948,10263.9564,168.2058608,0.030515863,1391.283845,1933.335672,220.6046955,106.4878035,28686.84,590,100.74,4.55E-13
5957,3068.956002,14999.96603,2392.62477,217.660411,10179.8328,176.1502584,39.96013884,1256.631354,1742.246464,198.5160818,53.18569297,34074.14,152,99.59,-1.02E-12
5958,3102.490449,19125.43774,2650.407379,655.2921329,9483.014187,184.4479396,849.4127528,1100.33369,1464.955564,1265.148554,158.2196154,40039.16,1.95E-10,5.00E-10,3.50E-12
5959,3031.460948,19873.06977,2628.101472,662.1126313,9196.246365,150.1860334,2221.682075,822.0320915,1421.537282,1251.311658,16.23967723,41146.27,2.26E-10,127.71,-4.93E-12
5960,2943.122095,19231.50966,2452.508651,787.0087599,8846.868392,145.4849253,3425.215797,749.5855901,1372.775028,1177.160282,3.170823879,40566.11,2.86E-10,568.3,2.61E-12
5961,2857.701561,18562.39167,2369.172965,541.8520661,8546.901434,140.5140021,3825.108418,742.7971523,1606.043291,1113.902123,8.45E-10,39794.5,4.09E-10,511.8846874,9.78E-12
5962,2810.230456,18200.61436,2493.174088,355.4148501,8362.382208,134.5013798,4632.350259,635.785426,1760.737401,1057.422435,6.86E-10,40039.86,9.64E-10,402.7528606,-5.80E-12
5963,2820.873565,18508.66146,2479.018707,363.1336699,8407.54271,137.3072188,4529.034518,690.1885702,1974.420637,1032.384472,6.78E-10,40719.89,5.24E-10,222.6755298,8.21E-12
5964,2800.303673,18925.96964,2638.009125,357.7812125,8690.645213,141.8648043,4207.825646,740.1650043,2160.352329,508.9313656,1.22E-08,41007.56,4.10E-10,164.2880155,-5.88E-12
5965,2929.716953,19380.00893,2552.142225,366.2005368,8821.582313,142.8249817,3714.174099,847.7561612,2524.272389,527.8249382,8.316474524,41416.01,3.94E-10,398.81,-3.01E-12
5966,2806.026395,18900.5494,2714.957459,296.0057975,8640.845233,140.0551461,2991.91213,975.5091007,2659.941684,1102.848031,451.17,41679.82,5.60E-10,0.000375645,1.24E-11
5967,3091.336724,20037.45005,2792.321088,438.9111523,9441.667022,153.5998718,2458.808344,883.3510631,2556.510966,1314.397177,704.906538,43873.26,1.82E-10,5.06E-10,-1.87E-11
5968,3086.049171,20122.95396,2810.720252,1090.705417,9286.376576,152.4444128,1552.57273,1643.436322,3019.394937,1270.838601,856.6776203,44892.17,2.14E-10,7.55E-10,5.89E-12
5969,3111.125542,21164.68046,2837.520486,639.8016675,9602.341013,157.5407194,703.6431871,2044.419589,3038.333764,1349.879413,232.9141562,44882.2,1.62E-10,2.84E-10,-9.77E-12
5970,3220.850103,21001.63,2982.20007,870.5353107,9687.18474,156.6741475,85.49864377,1903.013054,2899.777642,1333.922329,340.0539632,44481.34,1.70E-10,5.97E-10,-2.34E-12
5971,3162.721877,20627.83653,2930.364608,839.3088998,9587.409444,154.0127704,3.77734591,2129.813681,3004.884997,1370.541153,447.8186938,44258.49,1.40E-10,6.27E-10,4.48E-12
5972,3010.588828,18668.23015,2591.791966,477.7086064,9536.827215,156.3292144,1.419923674,1792.48965,3304.914765,517.1566594,546.9230229,40604.38,1.59E-10,5.03E-10,-6.47E-13
5973,2877.744989,13671.78613,2586.62417,404.4739824,9107.77286,149.502283,0.061472917,1784.859864,3131.286831,979.971458,843.9659641,35538.05,2.84E-10,1.71E-09,-4.58E-12
5974,3060.523698,9137.676837,1862.910977,338.9096679,9409.132325,155.3608644,0.019272836,2046.907961,3286.307023,1000.23749,794.1938831,31092.18,1.55E-10,4.50E-10,-1.36E-12
5975,3104.7368,6175.521301,1489.184802,115.4798381,9473.07549,155.5596411,0.020078273,2338.02809,3389.385937,985.7998291,787.2781928,28014.07,1.61E-10,5.10E-10,-2.30E-12
5976,3076.147085,5537.748715,1201.879589,64.63107605,9403.580999,152.0109467,0.019026107,2175.568395,3366.341907,951.5852381,774.5570225,26704.07,1.84E-10,6.66E-10,4.06E-12
5977,2986.612983,5053.664758,1256.91191,62.17991818,9093.799891,140.5437576,0.014906558,2168.509212,3487.584054,921.2567073,728.1519028,25899.23,2.07E-10,7.46E-08,-3.86E-12
5978,2907.546212,4556.871433,1055.852912,61.27798073,9039.464521,147.9118336,0.014215741,2262.292643,3559.764123,937.3845012,722.16,25250.54,1.91E-10,0.000376428,-5.88E-12
5979,2986.811093,4778.682488,1093.584928,63.578869,9418.539794,153.736932,0.01894408,2299.388002,3767.348101,635.2751001,327.3157476,25524.28,1.68E-10,3.74E-10,3.89E-12
5980,3105.224295,5475.042149,1371.598024,116.3153178,9796.962703,159.842774,0.023817058,2589.721539,4095.210688,762.1912687,73.35742428,27545.49,1.73E-10,1.84E-10,2.40E-12
5981,3234.612629,7987.074131,2430.640039,157.121205,9996.831846,163.3158184,48.92018492,2963.290221,4118.747293,1142.252477,703.5241554,32946.33,1.52E-10,2.24E-10,2.26E-12
5982,3170.388207,11849.40803,3088.67269,448.5163167,9681.973187,159.1725785,977.8011721,3187.08472,3869.626502,1301.264118,1075.81248,38809.72,1.67E-10,4.30E-10,-3.50E-13
5983,3052.198735,12180.11732,2888.702655,505.2262162,9090.660513,148.8470263,2547.611014,3091.612403,3604.703203,1162.445181,995.3057328,39267.43,3.43E-10,1.03E-09,4.20E-12
5984,2889.786656,11078.60785,2723.108025,447.4160472,8508.229191,139.3336791,3968.82947,2697.507216,3280.72525,1084.025076,1025.93,37834.58,6.43E-10,8.918454766,1.85E-12
5985,2775.787959,10631.92605,2636.33262,371.7871091,8372.362442,137.3289679,4413.812139,2478.891865,3151.101146,909.3039641,1026.06,36896.37,7.23E-10,8.324265425,3.18E-13
5986,2729.714699,10185.96187,2491.446127,370.7915207,8051.575335,131.2058467,5477.005771,2527.113822,3238.713148,798.8894551,924.25,36916.67,1.29E-08,9.997599532,5.37E-12
5987,2685.038765,9906.237183,2640.380321,331.0613138,7879.990528,122.4056347,5427.12626,2614.1503,3317.272959,1006,923.46,36841.14,0.921434575,11.0618305,7.42E-12
5988,2600.604918,9512.315675,2231.051249,278.3804717,7871.46208,122.1525551,5336.428322,2644.234487,3462.81146,1006.49402,923.74,35979.41,5.67E-08,10.265238,4.61E-12
5989,2590.14889,8906.301832,1987.374542,279.4754404,7982.696017,103.7962949,4840.846317,2821.198705,3831.134228,1019.031008,1025,35378.11,2.48E-09,8.893273405,-1.05E-12
5990,2389.81788,8986.400324,1837.374086,299.8529938,8162.742873,115.8845837,4404.598652,2925.883573,4088.952763,1073.055663,1025.82,35310.38,7.92E-10,0.003392186,5.71E-12
5991,2648.587582,10565.035,2359.316322,419.663176,8498.054255,134.4827995,3697.648234,3077.582007,4097.006144,1116.777476,1086.49,37700.64,5.21E-10,0.002997637,-2.46E-12
5992,3017.192463,12384.1305,3110.949564,670.0761538,8767.559155,143.3362894,2475.922406,3001.78002,3812.685687,1153.04524,1100.862518,39637.54,3.80E-10,4.14E-09,4.51E-12
5993,2995.447106,13856.46432,3275.459987,1019.192419,9056.328683,150.507719,1003.786373,2965.032199,3771.417351,1258.218847,1148.184999,40500.04,2.09E-10,6.31E-10,3.58E-12
5994,3045.056391,14925.31802,3349.570278,1314.869017,9169.588925,154.9019315,93.86058761,2897.634333,3621.087266,1293.660189,1174.363062,41039.91,1.82E-10,4.27E-10,-5.39E-12
5995,3195.144131,15163.59903,3366.59171,1716.593759,9136.240336,120.4416759,4.722414067,2618.162593,3498.672129,1307.459306,1097.24292,41224.87,1.59E-10,4.98E-10,-8.94E-12
5996,3083.192209,14385.55781,2965.11358,598.5852205,9068.02999,113.413816,1.326258092,2665.552504,3331.170627,1158.06742,1037.530561,38407.54,2.07E-10,6.01E-10,6.95E-12
5997,2448.357961,12340.93203,2492.442258,505.2867736,8851.356338,113.7518681,0.077053911,2537.493722,3294.500125,1039.204901,865.5569739,34488.96,1.77E-10,5.14E-10,-7.25E-12
5998,1684.03755,9948.727918,2534.006121,326.770435,8690.216479,112.3205458,0.01817634,2093.414738,3073.499491,971.9666628,813.8218838,30248.8,1.58E-10,3.23E-10,-1.17E-12
5999,1533.413619,8066.383452,2517.690969,168.6371857,8755.451702,113.4052779,0.018921001,1742.929776,2851.796626,940.7146159,755.2678554,27445.71,1.63E-10,6.29E-10,8.02E-13
6000,1683.214872,6809.707149,2132.943837,91.7817318,9141.799933,117.2665764,0.023871596,2060.763292,2416.808898,975.4752017,785.2746381,26215.06,1.42E-10,3.67E-10,-1.07E-11
6001,1487.362876,6637.946639,2364.785602,81.56943672,8607.713416,110.4404625,0.016865068,1462.667546,2868.409518,899.4112149,731.3364235,25251.66,1.91E-10,1.28E-09,-2.09E-12
6002,1485.201043,6301.635245,2554.05638,81.0288674,8599.733082,110.5515162,0.016735763,1305.998187,2589.985006,930.4520035,718.4719353,24677.13,1.65E-10,2.60E-09,1.88E-12
6003,1446.901325,6626.174112,2426.416998,78.89160805,8447.833259,108.0643152,0.014794689,1333.912471,2557.686346,822.9768164,630.38,24479.16,1.84E-10,0.092044635,1.20E-12
6004,1493.243044,7022.165642,2399.677052,86.30190617,8648.281563,111.1558133,0.017326629,1407.813214,2556.609439,893.4858975,772.69,25391.38,1.74E-10,0.060898448,-3.72E-13
6005,1589.243623,8426.781227,2389.067146,152.2185509,8972.088891,116.4124161,19.94752859,1533.658407,2848.295806,964.9566595,858.1697446,27870.84,1.35E-10,4.19E-10,-9.18E-13
6006,1906.766461,10848.52457,2263.759398,383.0068571,8918.232194,116.2862645,380.0353651,1610.284158,2747.502875,1297.503877,735.8779837,31207.78,1.57E-10,4.44E-10,-1.33E-12
6007,1822.538543,13710.04863,2149.472622,538.0222377,8710.136647,112.5238269,1138.65535,1734.781635,2645.308797,1252.453048,1035.74866,34849.69,1.96E-10,6.14E-10,5.58E-12
6008,1807.744653,14787.44651,2482.885528,675.2920431,8480.20018,108.6733669,1943.34343,1529.687484,2610.831612,1206.566108,1052.869087,36685.54,2.10E-10,8.61E-10,5.95E-12
6009,1810.292187,14109.56415,2266.622965,682.1999332,8438.066586,108.0759949,2228.721631,2213.610279,2726.422921,1185.472172,1067.17118,36836.22,2.02E-10,6.22E-10,4.85E-12
6010,1756.944456,13790.97229,1902.701939,681.0408339,8235.970118,104.7064688,2978.045411,2335.46104,2689.821345,1122.588526,893.78,36491.95,3.34E-10,0.082425051,-7.52E-12
6011,1728.28535,13595.1988,1853.386025,336.5588201,8115.145952,102.7281102,3168.690184,2138.385379,2525.601385,1051.319336,975,35590.09,2.60E-10,0.209343192,2.43E-12
6012,1711.714714,12754.83804,1819.981456,323.2492276,8012.68278,99.94859294,3258.455349,2244.123476,2545.824958,1031.565042,976.9563654,34779.34,3.04E-10,1.26E-08,4.31E-12
6013,1713.732512,11844.45834,1795.643543,306.462132,8025.804615,100.9940528,3162.006028,2350.178944,2601.935023,1050.619495,968.04,33919.32,3.49E-10,0.554685815,-5.41E-12
6014,1734.038878,12006.19716,1596.125471,424.8589853,8301.913163,105.3771471,2782.855569,2328.901769,3008.621081,1192.745453,655.7053189,34137.34,2.53E-10,1.35E-09,-5.18E-13
6015,1794.231591,12977.2366,1848.397469,377.8560377,8366.789086,106.8961394,2029.971774,2364.349118,3287.295984,1198.997231,1091.378971,35443.4,2.60E-10,6.38E-09,-7.33E-12
6016,1847.620295,14985.53899,1976.377918,479.0186279,8630.904761,110.4975893,1295.64561,2740.537516,3158.421222,1233.368666,1131.008803,37588.94,2.19E-10,1.00E-09,9.95E-12
6017,1909.384498,16240.25749,1968.137745,668.3312136,8802.525112,110.1953007,501.2369044,2540.834514,3173.246389,1278.510857,1158.999976,38351.66,1.81E-10,5.26E-10,6.67E-12
6018,1981.659625,16444.17673,2096.154899,1277.095016,9096.562441,114.2155408,46.34784488,2691.824052,2554.042376,1325.1193,1185.702174,38812.9,1.52E-10,3.72E-10,-6.89E-12
6019,1931.72139,16407.83491,2056.039232,971.6881875,8973.591152,111.3370225,2.733156395,2676.152057,3090.120178,1338.404153,1009.448565,38569.07,1.34E-10,5.09E-10,4.02E-12
6020,1878.641962,15190.67013,2018.739708,584.0383353,8885.788592,109.8168223,0.263954552,2600.665199,2924.728786,1149.41166,855.1748501,36197.94,1.88E-10,3.95E-10,-9.11E-13
6021,1893.054169,12368.19781,1713.099207,381.894616,8839.30417,109.3092145,0.079418108,2809.820271,2875.961387,1067.918064,939.451676,32998.09,1.94E-10,4.57E-10,-3.39E-12
6022,1822.607924,9426.597122,1658.374489,172.4954013,8975.29279,111.5450824,0.021685129,2153.848608,3367.344547,1008.002346,868.1900052,29564.32,1.52E-10,2.97E-10,-8.49E-12
6023,1739.548754,7075.935062,1732.332458,105.291752,9245.581345,121.9910682,0.025330294,1811.432779,3183.24807,952.876325,773.0470559,26741.31,1.36E-10,3.42E-10,2.58E-12
6024,1769.34173,5730.278765,1562.244774,98.99306628,9365.086277,141.0759846,0.026864309,1656.265617,3057.040658,985.9827604,780.3035038,25146.64,1.21E-10,3.10E-10,2.20E-12
6025,1328.75366,4737.468579,1054.169046,80.15944067,8559.006758,129.3063183,0.016196576,2751.577285,3730.296214,862.3145083,718.9219938,23951.99,1.99E-10,1.10E-09,1.09E-13
6026,1662.419127,4978.743949,1134.818432,83.14584119,8964.133808,118.3982149,0.021433093,1627.67449,2895.760791,908.35406,751.9198542,23125.39,1.56E-10,4.45E-10,-1.07E-12
6027,1442.879188,4282.071079,1050.835537,74.75279052,8042.471195,99.22937089,0.009524488,2656.42755,3699.632975,759.0109883,690.18,22797.13,2.91E-10,0.370198824,-6.12E-12
6028,1455.843843,4173.114096,1114.465587,98.22202075,8099.47211,97.98916562,0.010186207,2516.149167,3904.577381,769.2053012,723.68,22952.49,3.43E-10,0.23885791,5.02E-12
6029,1481.324117,4519.933096,1039.776072,108.601233,8190.52754,99.44131524,10.89389453,2799.965042,4183.355849,856.50412,770.88,24061.06,2.38E-10,0.142279357,-2.62E-12
6030,1561.443709,5464.138954,959.9415957,148.9427889,8331.177234,102.154698,401.2218418,2975.585751,4555.03859,948.74031,778.1845271,26226.57,2.21E-10,6.44E-09,-1.62E-12
6031,1430.717584,6265.121075,838.0212672,379.7501935,8318.067926,101.6842506,1515.741453,3087.595238,5035.045949,1007.638824,822.63,28801.97,2.21E-10,0.043760487,7.34E-13
6032,1793.396256,7301.321343,703.3256611,532.5861197,7413.713993,97.50705747,2642.511707,3102.47848,5207.804784,945.2280886,822.8,30561.25,3.08E-10,1.423489005,-1.41E-12
6033,1700.041518,7320.256275,752.2112539,502.609833,7200.698954,94.19350623,3127.697138,3122.934043,5455.326376,910.2939575,822.82,31006.39,3.68E-10,2.692854299,1.90E-12
6034,1504.531518,6135.219688,689.3407033,410.6257675,6708.229659,86.83053474,4533.278178,3025.639172,5677.103528,807,822.78,30396.3,0.000156905,4.278592166,4.01E-12
6035,1386,5787,678,374,6666,84,5195,3041,5927,810.5359206,821.89,30767.95619,7.60E-09,2.469730923,-1.17E-12
6036,1208,5149,451,477,6665,85,5200,3048,6541,807,821.88,30448.85831,2.220633373,1.801059461,-3.98E-12
6037,1239,4616,346,352,6674,85,4930,3167,6622,807,822.24,29655.18352,0.030341259,5.026135552,-4.29E-12
6038,1311,5121,416,444,6673,85,4230,2902,6973,906,921.76,29982.74715,0.000550149,0.012298714,8.47E-13
6039,1494.894509,7548.581025,802.1253633,391.7061168,7248.943639,93.87853404,3336.589045,2818.64118,6822.235991,1027.838332,772.71,32358.14,7.08E-10,0.003734838,-2.71E-12
6040,1718.172375,9585.271703,1380.552616,474.447201,7702.383086,114.6154368,2019.177076,3075.089014,7115.571993,1176.497176,914.3623239,35276.14,2.76E-10,1.71E-09,-4.07E-12
6041,1821.889385,10978.30034,1890.708076,707.5364291,7960.033716,126.8592772,735.1649647,3336.437052,7007.097708,1238.716144,1080.656909,36883.4,1.97E-10,5.16E-10,2.36E-13
6042,1931.548523,11455.65263,1891.511034,1895.558111,8277.343633,144.394545,56.35678774,3661.240302,6677.898344,1263.393498,1092.642589,38347.54,1.75E-10,4.41E-10,2.15E-12
6043,1907.591654,12163.09316,1958.204056,2131.304968,8232.131803,142.8080004,2.53616626,3451.548375,6601.20469,1191.450846,982.8162854,38764.69,1.44E-10,5.82E-10,1.29E-12
6044,1881.002141,11470.29341,1788.208898,877.5922879,8132.44453,141.0334918,1.191785943,3156.029929,6544.401896,1000.005799,548.415832,35540.62,1.90E-10,7.86E-10,-5.52E-13
6045,1821.906124,9600.838986,887.3765198,584.694318,7944.572393,137.8965229,0.033105696,2710.978211,6391.666428,818.3503888,711.6170023,31609.93,2.64E-10,1.54E-09,-3.28E-13
6046,1787.272305,6865.170437,236.6012943,200.3206017,7904.070152,137.450422,0.016128045,2610.873512,6072.249932,841.8292755,736.1659408,27392.02,2.09E-10,6.37E-10,-1.83E-12
6047,1626.343036,4807.62876,216.1662253,156.3448132,7820.964916,136.2817178,0.015083926,2684.03856,5516.316951,814.2907316,722.9292058,24501.32,2.51E-10,9.41E-10,5.83E-13
6048,1464.109214,4600.965225,160.4843711,125.5358535,7522.331364,131.6426858,0.011164228,2899.567154,5182.209457,792.5541709,687.9693408,23567.38,3.02E-10,2.03E-08,1.19E-13
6049,1594.311125,4504.204206,147.6127277,124.8732532,7464.100995,130.7437217,0.010445674,3016.12522,5031.132792,804.3170432,159.2,22976.63,2.63E-10,0.001530376,1.99E-12
6050,1727.644199,4854.067902,117.1669991,139.9603351,7234.37783,127.9477665,0.007370484,2741.77487,4834.858195,798.8660467,174.53,22751.19,2.78E-10,0.011513118,-2.50E-12
6051,1949.437871,4946.025976,131.9715326,147.8249857,7346.360685,129.7923048,0.008934028,2520.7572,5230.071892,223.3931691,579.85,23204.45,4.25E-10,1.044550329,-2.15E-12
6052,2030.310251,5175.681992,238.2420298,206.0211315,7894.915944,137.3709425,1.032150942,2730.579385,5394.069717,649.7442033,792.8322518,25250.8,2.61E-10,8.60E-10,-4.62E-13
6053,2635.444743,7963.42981,1345.45563,243.9916486,9022.749862,154.4731422,13.45623182,2758.192038,5860.211659,1149.601285,66.43395024,31213.44,1.13E-10,1.74E-10,-6.27E-12
6054,2871.375074,12880.85223,1751.740999,518.5818149,8686.196036,146.831607,479.2626605,2709.932619,5873.498586,1190.968235,811.8401341,37921.08,1.63E-10,4.12E-10,4.46E-13
6055,2904.489583,13865.84378,1581.839289,723.777385,8310.896145,145.8856565,1538.828061,2733.591179,6260.35584,1193.747741,558.6653382,39817.92,2.17E-10,1.14E-09,8.56E-12
6056,2968.792574,13177.05775,1471.114398,561.5417205,7909.721399,142.3087151,2893.862173,2633.427525,6289.484731,1148.066207,346.62,39541.65,2.86E-10,0.347190981,-4.73E-12
6057,3041.001299,12809.79848,1032.278476,602.5565699,7694.008885,139.8772199,3290.579846,2639.616935,6317.45885,1094.218115,376.83,39036.31,4.48E-10,1.914674867,-4.39E-12
6058,2906.537054,11910.23956,1079.877027,681.9735898,7400.67499,135.9092214,4253.080952,2561.27135,6262.124482,1046.66941,425.26,38661.58,1.11E-09,2.037638305,-5.33E-12
6059,2835.931061,10863.89084,1121.472143,575.8101753,7219.497114,133.2640986,4929.468773,2619.129245,6266.641326,1029.140949,414.9,38008.05,1.28E-09,1.095721369,3.35E-12
6060,2821.241928,10060.15814,916.7955461,683.3524232,7069.37526,130.848153,4868.634226,2666.185886,6254.307002,1012.035505,587.95,37069.36,5.90E-09,1.524067458,-6.03E-13
6061,2928.330689,10088.38412,1092.295284,815.6502616,7316.404608,134.0344396,3728.798737,2548.429877,6201.497983,975.3066742,872.88,36698.98,1.67E-09,3.032668766,6.92E-12
6062,2925.847911,10769.56643,1088.426174,837.9544547,7455.023585,137.1332594,3744.58435,2448.22748,6356.351522,1048.318863,820.7,37632.13,1.20E-09,0.00402988,-4.14E-12
6063,2898.472683,13112.31736,1221.489166,876.990581,7825.754926,143.0292896,2919.666597,2679.630529,6361.653505,1146.048784,1081.59,40266.64,3.19E-10,0.003416129,7.82E-12
6064,3142.845689,14352.44889,1288.529444,2086.715855,8284.341075,150.7225886,1740.930221,2966.035722,6262.783161,1204.708192,1117.269167,42597.33,2.19E-10,1.37E-09,2.96E-12
6065,3242.080353,15462.84717,1587.19197,1784.034481,8490.482066,154.2066809,588.5839009,3152.736616,6082.47135,1252.145742,1168.559671,42965.34,1.75E-10,4.36E-10,5.38E-13
6066,3383.649499,15474.3362,1723.956842,2118.863194,9008.504276,162.4914149,34.80602961,3459.558426,6412.655637,1312.100913,1197.32757,44288.25,1.39E-10,2.75E-10,1.24E-12
6067,3336.338934,14805.56938,1769.722489,1915.039189,8860.06637,157.5156215,2.521482687,3694.288467,6488.780791,1311.045878,229.2414009,42570.13,1.26E-10,7.06E-10,-3.21E-12
6068,3185.612915,12276.32385,1643.41995,738.4535673,8590.270918,153.6148767,0.11797607,3892.821333,6602.790945,998.9366926,261.64698,38344.01,1.85E-10,3.60E-10,6.44E-13
6069,2802.616292,8529.153324,1307.449109,454.648515,8636.359426,154.0832764,0.020036004,4298.93937,6729.578345,209.7776384,83.50466796,33206.13,1.72E-10,3.00E-10,2.16E-13
6070,2673.145926,5558.53638,1075.760312,263.5301158,8622.412459,153.9224734,0.019836214,4226.635647,6351.187954,195.1660058,50.33289226,28297.57,465,408.08,3.98E-12
6071,2635.130197,4407.252451,946.5778807,233.6066466,8146.359463,146.724364,0.01379898,4276.940585,5807.965819,132.9790524,1.33E-09,25395.4,654,684.1502584,-1.36E-12
6072,2517.806275,4080.834354,875.4297127,162.6530815,7761.975623,140.2522895,0.008389763,4329.28036,5576.70888,75.33247792,8.44E-10,24156.43,707,656.8514439,6.82E-13
6073,2208.805817,3869.902784,920.4016376,157.4271391,7559.135739,136.9872053,0.005727218,4347.508001,5766.314147,61.12244168,4.25E-10,23663.04,705,659.5706387,-9.09E-13
6074,1995.975629,3574.047856,999.0219559,160.8204133,7495.608284,135.8560376,0.004823755,4390.334427,5639.330031,83.90918255,3.03E-10,23168.96,657,648.9486407,-2.50E-12
6075,2284.749469,3558.131286,1106.53087,164.668507,7509.894812,135.7181374,0.004733558,4292.270304,5457.97524,34.35350616,2.32E-10,23451.87,640,452.4268644,5.00E-12
6076,2137.888275,3884.32761,1311.139068,173.3241446,7745.243016,139.3811384,0.015583287,4212.839073,5615.914007,530.6130041,3.40E-10,25463.89,6.02E-10,286.7949188,-7.39E-13
6077,2637.405322,5930.257532,1929.615902,193.089118,8797.788166,156.0505575,10.803342,4340.730085,6384.990373,944.0508549,26.64874629,31351.43,1.65E-10,3.76E-10,-9.49E-12
6078,3127.676221,9488.951766,2768.639607,462.310419,8759.317602,155.8266507,364.3015489,4252.027973,6830.95116,1200.589135,563.9779173,37974.57,1.85E-10,5.45E-10,-9.72E-12
6079,3051.213483,10641.87577,2719.837468,819.509762,8401.767838,147.9060103,1191.653491,4350.796341,7081.91002,1148.056033,751.8637886,40306.39,2.65E-10,2.15E-09,-2.10E-12
6080,2986.392367,10578.89017,2946.707602,824.2366671,8097.583581,145.4131867,2108.096243,4163.925586,7198.39377,1041.336596,829.1142321,40920.09,3.44E-10,2.57E-09,-7.12E-12
6081,1584.51076,9557.309638,1268.442572,323.3843146,5475.979756,100.9487819,4402.281555,5251.461584,9612.818163,1719.12516,1255.887716,40552.15,4.38E-11,5.20E-11,6.12E-12
6082,2359.802648,9595.491568,2211.353371,461.9817411,6854.05239,97.67695933,4803.860301,4284.943172,7620.941728,1427.803893,1012.342228,40730.25,7.48E-11,9.40E-11,-1.42E-12
6083,2953.649936,10832.55394,2857.015944,557.0251751,7988.379554,140.3746689,3517.415592,3470.735754,6250.984889,1084.710077,919.5344711,40572.38,3.31E-10,1.07E-07,-1.06E-12
6084,2914.389154,10594.11592,2676.644674,471.3245754,7747.191609,141.1843473,3344.919851,3337.923821,7076.137298,1060.51584,683.97,40048.23,4.45E-10,0.087093408,6.14E-12
6085,2977.534281,11043.03907,2794.398554,513.6144954,7885.30607,150.5445841,2751.378404,3122.456106,6827.144881,1075.452904,522.18,39662.67,4.06E-10,0.379351807,-4.70E-12
6086,2979.3599,11232.45166,2754.586844,400.8573512,7898.037713,143.5413852,2955.225405,3019.344511,6720.009775,1103.296415,500.36,39707.07,4.14E-10,0.000962722,-6.52E-13
6087,3088.287339,12609.10261,3137.108612,472.1851495,8246.161462,150.0874636,2262.399114,3251.377527,6857.183731,1172.109921,353.657077,41599.66,2.39E-10,6.78E-10,6.56E-12
6088,3029.929789,13402.23613,3437.407133,931.1548695,8358.167468,148.6848546,1252.826657,3481.728059,6900.441731,1167.061945,835.2013593,42944.84,2.48E-10,1.18E-09,7.11E-12
6089,3030.288922,13928.45031,3399.382118,949.0785241,8580.357559,152.375395,402.6734084,3551.687542,7094.698555,1201.203738,1009.92393,43300.12,2.02E-10,5.37E-10,-1.21E-11
6090,3112.977689,14607.1866,3536.351277,988.741218,8791.990241,154.8552803,19.87381316,3461.118114,6972.752054,1205.187304,1004.836405,43855.87,1.98E-10,6.60E-10,-6.45E-12
6091,3066.025394,14231.26601,3485.317017,1230.598153,8616.193961,152.1200709,1.404523325,3258.554583,6738.123041,1236.256964,896.6302873,42912.49,1.52E-10,1.52E-09,-9.64E-12
6092,3083.801493,12727.64823,3186.577417,865.426501,8677.434984,153.1261065,1.096278545,3150.925514,6386.793881,1079.990036,310.0695562,39622.89,1.76E-10,5.10E-10,-1.71E-12
6093,2970.69812,9546.021199,2646.280691,606.4715435,8339.356698,147.6317992,0.014668718,3006.435566,5960.770754,862.4554268,788.2535339,34874.39,2.75E-10,1.30E-09,3.28E-13
6094,2723.699418,6493.799169,1672.628149,211.833729,8419.363537,148.729556,0.015530312,2662.254707,6061.13588,824.9745619,737.1457642,29955.58,1.81E-10,6.92E-10,-5.71E-14
6095,2374.543387,4818.843643,1191.176843,188.5187553,8502.652493,150.3840957,0.016832449,2738.192193,5515.137195,814.5381045,777.446458,27071.45,1.91E-10,3.10E-10,-2.30E-12
6096,2356.328846,4529.758341,1035.661481,152.8685721,8439.917237,149.6605512,0.016088831,2447.36374,5328.37464,814.6370704,723.3634321,25977.95,1.91E-10,1.19E-09,9.79E-13
6097,2323.249905,4410.880854,1052.782999,150.4355898,8354.095133,147.9969389,0.01475159,2639.933163,4862.070942,809.2878165,709.5919062,25460.34,2.01E-10,4.05E-09,-8.60E-13
6098,2318.178594,4114.45023,1057.721432,142.4805991,8346.146577,147.7417416,0.014614285,2821.065752,4665.561013,825.1838737,703.24,25139.2,1.83E-10,2.584426462,-3.58E-12
6099,2276.452168,4307.522733,1048.625532,145.8775874,8408.467419,148.5191971,0.015330461,3010.413448,4697.329796,526.1131851,772.77,25337.69,2.13E-10,4.416395319,-2.44E-12
6100,2356.083804,5379.608657,1272.07728,211.4037779,8770.52693,154.2200644,0.040232665,2783.915358,5121.342862,774.2241694,909.0768643,27732.52,1.94E-10,4.23E-10,-5.88E-12
6101,3132.778418,9268.047379,2298.877297,538.1946618,9817.304038,170.8775608,7.936575213,2711.099964,5794.526032,495.6407262,56.30734847,34103.48,1.04E-10,188.11,8.53E-14
6102,3157.8806,15085.33033,2652.001106,1001.325471,8927.718695,156.0824592,328.847205,2290.428978,5415.229709,1206.701815,55.54363242,40054.26,1.68E-10,222.83,1.45E-12
6103,3088.991098,16486.08703,3015.015731,1231.958346,8696.46191,152.9745513,1112.958327,2066.735833,5308.833638,1178.121066,41.3324715,41836.94,2.01E-10,542.53,-6.37E-12
6104,2973.316645,16405.14206,3018.05601,1332.160813,8264.670581,146.4507197,2014.972449,1737.127624,5226.89393,1123.888986,4.990187128,41826.82,2.90E-10,420.85,-2.84E-13
6105,2902.909948,16279.49414,2948.762486,867.7138429,8060.092267,143.2016689,2428.053766,1636.664495,5432.12174,1097.802599,5.763046021,41216.54,3.49E-10,586.04,-6.25E-12
6106,2809.936569,15470.02472,2863.081219,809.8119495,7786.143423,138.1450185,3674.604628,1447.124742,5304.038991,1060.693992,1.70E-09,40638.09,6.44E-10,725.5152546,3.64E-12
6107,2756.314693,14816.50481,2817.558859,656.5647808,7601.880481,135.1942604,4108.026615,1393.716229,5325.875518,1033.073734,5.23E-10,39957.48,8.46E-10,687.2299825,3.75E-12
6108,2712.844672,14113.27271,2930.9101,736.344647,7477.474277,133.3696419,4237.658523,1330.382896,5122.244085,1021.438427,4.38E-10,39295.31,1.34E-09,520.629981,-1.14E-13
6109,2785.438637,14164.63696,3042.866811,794.1001596,7682.331227,136.7924998,3469.361824,1269.000767,4859.895776,1032.474663,6.18E-10,39106.17,9.57E-10,130.7293291,-4.06E-12
6110,2807.174534,14283.19682,2942.848899,737.1745861,7764.019604,137.9909013,3335.125941,1214.040875,4725.661255,1043.950579,395.51,39386.69,1.07E-09,0.003994269,3.82E-12
6111,2878.672011,15537.7733,3054.130059,1174.64026,7977.29395,141.7832583,2871.980216,1188.922307,4655.706574,1113.181618,911.21,41505.29,3.47E-10,0.003547995,-2.66E-12
6112,2975.917507,17145.59811,3219.227134,1505.117867,8275.378705,146.5148441,2110.09817,1171.320044,4328.215092,1130.698339,992.1141841,43000.2,2.93E-10,5.42E-09,2.72E-12
6113,3058.858167,18353.32078,3366.62654,1923.135186,8539.076052,150.8220718,1194.149196,1135.404365,3660.966047,1160.768082,1140.753514,43683.88,2.32E-10,6.62E-10,-6.46E-12
6114,3180.891419,19065.76896,3485.903786,2080.5527,8919.45486,162.4704624,415.5208109,1345.650836,3535.60466,1206.099411,1161.792097,44559.71,1.77E-10,4.73E-10,-3.04E-12
6115,3166.451693,19065.42529,3481.152207,2191.01046,8867.362456,168.9300313,63.76844092,1686.564698,3625.31083,1220.383032,1093.560859,44629.92,1.46E-10,4.30E-10,-1.59E-11
6116,3124.449899,17573.49327,2910.025818,1005.672721,8730.11608,157.4710548,0.077718725,1783.658198,3670.995238,1145.700989,1089.679014,41191.34,1.96E-10,4.04E-10,4.60E-12
6117,3042.303999,13177.58816,2083.653648,726.0067607,8711.379162,153.0836302,0.019188388,2115.964954,4068.360835,1037.893648,957.9460117,36074.2,2.04E-10,9.00E-10,-5.01E-12
6118,2136.743268,10019.77695,1426.639878,439.2784544,8813.735645,154.8660391,0.020618606,2121.836011,4421.187233,895.1758995,795.420004,31224.68,1.63E-10,3.26E-10,1.90E-12
6119,2123.496779,7368.125236,1269.596365,436.0572394,8809.485485,154.7108967,0.020405365,1869.558818,4598.359785,894.3851068,783.9038832,28307.7,1.61E-10,3.75E-10,2.68E-12
6120,2191.320646,6442.392655,1034.200479,262.2264843,8716.719159,153.5139903,0.019226485,1753.802868,4895.270513,888.6979625,769.3560155,27107.52,1.67E-10,4.93E-10,1.91E-12
6121,2292.536974,6102.551806,826.9000917,223.024142,8465.285568,149.3962469,0.015898563,1747.807642,4979.781181,877.3164299,731.8640188,26396.48,1.83E-10,2.54E-09,-2.39E-12
6122,2484.92112,5776.233242,826.8081879,217.407892,8239.815573,145.7564653,0.012978967,1674.376003,4821.114959,854.7242715,681.93,25721.8,2.20E-10,1.300694153,1.34E-12
6123,2387.028747,6112.410855,944.3856948,221.4828858,8617.704272,151.7544775,0.018023594,1956.575644,4825.510748,842.033213,14.13544035,25931.43,1.87E-10,141.61,-2.22E-12
6124,2565.694666,7034.561526,1152.692195,315.3013002,9111.973039,155.4600473,0.049100079,2088.766808,4941.78787,899.1567607,47.76668579,27952.42,1.58E-10,360.79,-2.56E-12
6125,2617.547585,11261.15031,1956.618516,363.3218197,9499.33327,163.7227217,59.22987737,2047.940094,5235.916863,1037.658148,42.45079594,33929.56,1.19E-10,355.33,-1.59E-12
6126,3114.638171,14996.12272,2917.716072,570.6750692,9031.869868,157.6410628,719.7444091,2099.358343,5206.687853,1215.045891,52.17054031,40081.67,1.64E-10,3.32E-10,-1.01E-12
6127,3068.667209,15137.46456,2889.724253,985.8795653,8655.964601,150.9951806,1911.149166,1946.456667,5387.881278,589.8854909,27.80203039,40582.66,2.26E-10,169.21,-3.44E-12
6128,2951.805507,13748.20089,2717.810781,1105.95565,8025.793669,142.3581259,4016.05471,1764.236367,5248.46909,77.44517199,9.41E-10,38964.23,658,175.8999554,2.61E-12
6129,2795.851675,12409.26876,2554.341643,925.6146314,7481.836769,133.3777964,4591.16375,1677.700057,5232.924915,12.43076869,3.22E-10,36925.08,704,185.4307629,-2.73E-12
6130,2740,11229,2194,765,7282,129,6090,1787,5546,7.11E-10,2.70E-10,37064.0997,529.5547384,168.345559,8.07E-12
6131,2718,10705,2568,572,7274,129,6235,1774,5533,1.40E-09,3.04E-10,36568.92403,825.4308126,113.6451539,9.89E-12
6132,2590,10808,2628,455,7284,129,6080,1824,5621,6.64E-10,3.04E-10,36511.32563,796.2162954,111.4580775,9.44E-12
6133,2729.67938,10729.48561,2422.689382,477.1965303,7298.968523,129.3387579,5266.822454,1953.822738,5633.443746,1.86E-09,3.87E-10,35768.88,530.3543703,342.2127545,3.18E-12
6134,2645.804987,11914.06177,2353.151711,869.2843672,7418.7191,131.3705188,4372.531118,1870.729421,5289.236236,326,5.16E-10,37049.36,0.00067493,141.5285505,-1.17E-11
6135,2854.578624,13585.76962,2553.486274,981.2056122,7656.083131,135.3694493,3084.981707,1769.943004,5100.560917,1056.007543,923.02,39701,8.05E-10,0.005885963,2.31E-12
6136,3087.205037,15510.36084,2929.882096,1279.677711,8350.388055,146.4291864,1813.840958,1923.741369,5135.447106,1135.075594,1084.822053,42396.87,2.82E-10,7.34E-09,4.21E-12
6137,3223.160208,17153.70516,3038.016138,1407.577132,8770.3884,152.5915631,617.3447617,1941.054397,5038.842462,1180.153155,1194.646621,43717.48,2.05E-10,3.26E-10,-6.95E-12
6138,3300.536255,17666.20029,3222.243041,1933.982194,8958.846827,157.2905508,36.82243406,2022.251032,4946.741742,1212.574115,1148.961515,44606.45,1.73E-10,3.11E-10,-1.10E-11
6139,3221.625276,17880.30883,3344.995539,1910.072495,8779.867589,154.7122366,5.705692585,1824.789417,4491.793011,1217.005944,930.7239747,43761.6,1.49E-10,6.75E-10,-1.42E-12
6140,3172.035113,15922.50965,3260.532675,960.5702524,8638.84399,152.2004005,2.110358246,1746.392295,4320.462158,1137.991565,907.6315442,40221.28,2.06E-10,1.28E-09,-5.09E-12
6141,2985.794895,12916.40002,1920.380389,711.9890195,8589.242713,151.293824,0.017700602,1866.633909,4287.876419,994.4408941,923.1102173,35347.18,1.89E-10,5.91E-10,5.49E-12
6142,2164.230312,9977.090819,808.8062024,470.7660636,8757.906509,154.0143468,0.019928919,1936.457401,4725.273131,927.8979554,789.5273312,30711.99,1.28E-10,3.39E-10,-1.89E-12
6143,2203.262142,7191.69282,552.6638966,264.5585034,8779.212857,154.4694342,0.020222673,2101.253276,4842.822864,900.3235078,780.9104763,27771.19,1.49E-10,3.76E-10,-4.68E-12
6144,2422.452013,6358.48767,488.3260947,238.6667325,8565.535844,151.1332892,0.017279877,2188.703446,4666.717051,879.1692638,756.5113163,26715.72,1.73E-10,6.29E-10,1.76E-12
6145,2328.874822,6025.056588,533.0743115,232.1654421,8261.798191,146.2296836,0.01330302,2273.394221,4622.864579,861.7240189,671.98,25956.29,2.00E-10,0.885160349,4.50E-12
6146,2186.89461,5931.302732,412.0544578,236.6093909,8210.620808,145.3556714,0.012648824,2254.960845,4596.780231,867.5120058,636.65,25474.55,1.95E-10,4.203400165,-6.29E-12
6147,2182.459397,6292.952557,565.2215456,251.3128131,8692.379082,152.900991,0.018973481,2564.540387,4765.730296,281.2766156,14.79734198,25390.7,1.63E-10,372.89,2.27E-12
6148,2097.963927,7250.14195,958.5419882,301.0510686,8741.821316,153.6777954,0.039462992,2593.451332,4598.62759,745.766958,34.96661135,27101.73,1.98E-10,374.32,4.60E-12
6149,2513.854385,10016.80525,1600.1594,346.5372214,9161.270158,166.7561624,8.34680356,2655.537483,4816.752931,1166.922253,421.0979534,32874.04,1.42E-10,2.41E-10,-4.32E-12
6150,3137.404729,13194.94884,2482.756437,582.7650224,9045.075535,159.2006917,390.2068552,2722.327185,5208.002186,1213.852686,1031.76983,39168.31,1.66E-10,3.06E-10,1.61E-12
6151,3155.066888,13705.17672,2252.526007,958.5513094,8650.872507,152.195257,1314.831021,2751.609069,5796.488689,1153.355603,1041.516932,40932.19,2.25E-10,6.74E-10,-4.02E-12
6152,3063.384698,13117.24761,2210.916222,790.3665062,8265.827821,142.3779042,2429.030115,2275.461175,6021.365386,1107.370575,951.5519935,40374.9,2.93E-10,3.38E-09,-6.10E-12
6153,2992.275558,11392.92146,2085.373752,946.9196922,8065.992971,133.828432,2912.584481,2674.554195,5912.070024,1096.948436,749.6809948,38963.15,3.02E-10,1.08E-09,-1.37E-12
6154,2612.842359,10360.40808,1796.1381,904.5166695,7772.193376,111.7699129,3978.40806,2802.149849,5820.095608,1054.328603,921.81,38131.02,5.82E-10,3.640615969,3.22E-12
6155,2409.39864,10184.00113,2021.334824,848.4188964,7854.347987,112.2560872,4038.582823,3023.361361,5850.19833,1069.325571,722.3,38131.56,4.23E-10,1.965646522,-2.90E-12
6156,2292.821492,10281.40102,2087.01993,815.5016742,7797.592446,111.0131796,3740.154383,2847.577298,5783.65728,1047.053262,841.88,37640.97,6.24E-10,4.701967896,2.20E-12
6157,2221.597041,10017.58676,2110.488425,699.775865,7787.508004,110.908419,3565.484039,2881.089082,5367.912634,1053.892705,1024.59,36835.22,5.78E-10,5.612978613,2.36E-13
6158,2573.714384,9830.118897,1694.355864,866.38704,7787.599378,110.2595991,3592.895749,3009.821033,5289.879166,1048.61163,1025.84,36829.1,7.60E-10,0.382740419,1.06E-11
6159,2782.702069,11219.16316,1900.181226,1115.004572,7846.375549,112.251023,2676.940197,3031.50781,5082.776041,2073.544738,1086.33,38926.77,7.39E-10,0.00637987,-3.21E-12
6160,3073.561002,13150.58923,2471.560339,1046.132412,8318.835804,118.8962261,1804.232008,2883.741416,4744.49653,2155.516309,1107.068729,40874.63,2.95E-10,2.43E-09,-8.87E-13
6161,3195.05431,14035.15518,2911.289772,1345.332574,8557.809859,122.0086123,648.1495982,3145.036675,4414.096476,2203.291613,1164.535329,41741.76,2.14E-10,4.72E-10,5.25E-12
6162,3356.432496,14668.14717,3097.948567,1486.542694,8917.768258,127.1040705,33.93725098,3103.498307,4376.794903,2251.682054,1185.884226,42605.74,1.68E-10,3.60E-10,3.67E-12
6163,3305.037557,14838.51362,3029.046965,1534.593488,8745.996982,126.7309919,4.695070851,2766.282597,4185.075214,2294.995308,1074.042206,41905.01,1.36E-10,6.51E-10,-8.42E-12
6164,3291.984706,13031.158,2474.505298,817.0733289,8727.052915,126.1327566,0.117624186,3089.406112,4071.129031,1938.176148,1048.21408,38614.95,1.79E-10,3.53E-10,5.87E-12
6165,3166.723512,9995.232402,1837.465124,715.5165715,8686.982364,125.4172675,0.019062302,3443.270152,3944.72967,1783.444517,883.819357,34582.62,1.70E-10,3.73E-10,-4.31E-12
6166,1874.072004,7660.749943,1245.305405,544.4875413,8803.231529,127.473087,0.020775117,3698.351794,4058.530352,1694.260467,833.0771028,30539.56,1.40E-10,3.18E-10,6.96E-14
6167,1694.500518,5658.709105,1222.248853,295.2720948,8694.036714,124.5726129,0.019096965,3551.418061,3942.485271,1602.978811,752.0688623,27538.31,1.72E-10,1.35E-09,2.56E-12
6168,1599.918524,5679.654069,1149.231904,272.9800681,8466.402076,122.3142385,0.016149029,3087.150714,3611.721558,1587.200776,744.7199229,26321.31,1.92E-10,2.37E-09,2.35E-12
6169,1534.183684,5557.658638,1244.526706,328.4397138,8332.207781,120.111985,0.014343659,2708.371851,3344.014418,1588.078159,735.09,25491.47,1.91E-10,1.227279773,3.75E-12
6170,1653.748018,5716.399756,1253.726117,346.2379758,8392.37549,99.79343529,0.015273335,2124.325234,3003.729113,1617.03648,734.05,24940.46,1.56E-10,0.976891515,-4.20E-13
6171,1738.218414,6027.223232,1375.88903,380.906658,8382.799682,99.57036172,0.015159933,1812.78806,2798.49985,1564.538707,736.1708462,24916.62,1.73E-10,6.56E-09,9.14E-13
6172,1789.444151,6486.984566,1391.246971,442.0385701,8698.60717,104.2369752,0.01930293,1648.824798,2731.021293,1761.240976,833.405227,25887.07,1.59E-10,5.58E-10,-1.80E-13
6173,1862.786002,8002.85039,1765.90458,492.9621982,8956.632702,108.5608969,11.70352968,1683.57548,2895.905453,2022.785109,924.1436602,28727.81,1.39E-10,7.93E-10,-4.50E-12
6174,1853.068424,10246.20817,2203.496437,781.9519411,8778.5963,105.9222093,586.9290929,1515.499601,2846.201426,2120.634552,987.6518463,32026.16,1.81E-10,7.34E-10,-5.36E-12
6175,1830.358005,11942.51162,2772.194006,1037.246952,8418.510131,97.70452211,1918.342554,1269.210232,2450.242955,2044.875903,965.4531227,34746.65,2.80E-10,4.74E-09,-3.65E-12
6176,1709.474795,11878.3732,3020.514505,1080.714617,7925.018969,98.17953329,3313.827613,1034.793506,2159.00831,1983.812693,961.14,35157.49,4.64E-10,7.367736296,-2.24E-12
6177,1591.414416,11008.56156,2858.013866,1060.847916,7491.795631,85.35698913,4398.683849,958.0460841,1978.49116,1940.980761,961.3,34319.63,1.14E-09,13.86223397,-6.25E-13
6178,1630.982967,10651.93164,2369.163893,906.8118786,7362.835215,81.19210725,4897.177132,805.5868563,2048.144222,1913,959.13,33611.88,0.639088006,13.43682681,3.73E-13
6179,1641.802181,10575.64164,2125.906018,756.8575856,7362.072583,79.26130494,5204.754598,870.5473593,2196.237024,1857.429265,718.89,33380.74,8.61E-10,8.659557204,0
6180,1626.601207,10195.07512,2127.970512,653.1485452,7359.549638,81.13650861,4798.540975,893.1543747,2245.93792,1845.079215,908.58,32728.05,1.15E-09,6.72401002,2.06E-12
6181,1699.988766,9974.443084,2002.525895,610.1662802,7542.103646,83.02891423,4086.881828,1025.491505,2439.43504,1873.021341,907.69,32240.35,5.64E-10,4.426299745,-3.45E-12
6182,1785.116629,10434.59666,1864.751887,684.0362965,7798.479013,85.96440154,3448.982047,1136.423587,2688.826167,1895.481794,927.4515194,32750.11,4.90E-10,8.00E-09,1.18E-12
6183,1884.251466,11707.85389,2292.424008,784.5731563,8109.476413,87.01550535,2526.664771,1202.018594,3059.609783,2143.825469,1028.606946,34826.32,3.57E-10,2.09E-08,6.82E-13
6184,2010.652302,13688.17135,2976.90365,937.5698318,8537.614049,94.75924096,1423.736766,1341.629724,3449.438069,2203.999591,1048.845426,37713.32,2.35E-10,2.01E-09,6.82E-12
6185,2089.131821,14435.62056,3316.760916,1421.495803,8760.423106,99.26827955,416.6674202,1469.971142,3778.804555,2266.58526,1095.941142,39150.67,1.72E-10,5.27E-10,6.15E-12
6186,2193.141146,14744.63226,3164.666143,1636.017052,8997.455434,102.2031366,23.20934646,2034.341967,4020.366808,2294.910234,1096.316469,40307.26,1.55E-10,5.31E-10,5.16E-12
6187,2126.760326,14254.53556,2929.529436,1147.146735,8768.942473,97.23174884,5.779192033,1959.577486,4354.021399,2314.023752,985.5218892,38943.07,1.43E-10,2.03E-09,-1.87E-13
6188,2136.450297,11687.55371,2180.770252,858.1822215,8822.357021,99.79394403,0.126675833,2159.061188,5112.695254,1826.246284,845.3431557,35728.58,1.73E-10,7.73E-10,7.09E-12
6189,2066.710545,8754.837622,1681.155378,693.4987551,8758.801918,98.81487229,0.020316004,2167.974622,5687.459541,1499.08175,749.5646808,32157.92,1.88E-10,3.83E-10,4.98E-13
6190,1796.250075,6313.632441,1419.656105,335.4022173,8841.375867,100.0223085,0.021372161,2406.853326,5728.393479,1038.325515,51.85729373,28031.79,1.49E-10,3.90E-10,-4.65E-12
6191,1552.713846,5121.518515,1408.327328,295.0400978,8842.820705,100.21408,0.021466383,2726.866485,5326.979273,144.3720619,22.99614152,24822.39,112,607.48,1.48E-12
6192,1621.962231,4862.10482,1395.719553,274.6692311,8595.444518,96.78746788,0.018202687,2729.506984,5214.225532,137.38202,1.379441658,23464.04,825,640.16,2.27E-13
6193,1771.014153,4512.52702,1429.684508,265.7661375,8201.033555,90.26719307,0.01252607,2620.024427,5128.856971,109.3000408,6.12E-10,22179.38,1500,449.1065318,-2.27E-12
6194,1914.22069,4912.16867,1565.119066,270.2644265,8379.619371,92.73928742,0.015080439,1503.124539,4240.817068,127.4041887,6.37E-09,21219.02,1344,442.4723877,-5.46E-12
6195,1560.982277,3923.601997,1354.659143,253.5752912,7614.449738,81.03349176,0.004555197,2528.721817,4824.98518,46.88704323,4.45E-10,20641.41,1054,493.4905339,5.46E-12
6196,1650.157148,4015.195561,1107.551791,276.790134,7737.079328,82.8942401,0.006278908,2825.771446,4944.60408,63.90468871,7.17E-10,21037.72,1195,471.2346957,4.55E-13
6197,1668.484214,4171.131524,1146.079551,282.0523952,7513.381785,77.53472934,1.435437673,3316.473704,4972.154241,73.25188809,0.61,22474.02,744,4.569468697,-3.64E-12
6198,1529.284562,4242.653759,1076.461848,326.8423793,7417.911306,75.92208313,194.7430457,3721.617126,4984.534559,1021.779715,174.88,24764.4,6.22E-10,2.230384301,-3.20E-12
6199,1621.936051,4455.797162,1162.775948,461.5156119,7708.842137,80.46362929,888.9921894,3988.739948,5644.192853,1512.456054,700.9,28221.55,3.99E-10,5.061582903,-1.44E-12
6200,1817.352082,4666.310338,1380.652888,824.5269938,7949.670531,86.21708562,1746.232492,3849.253485,6420.490396,1537.933074,708.48,30984.1,2.72E-10,3.019365083,5.76E-12
6201,1772.496765,5016.75523,1431.395469,865.0910821,7763.789856,83.18363262,2405.036642,3814.910402,6544.055036,1643.177615,758.53,32090.82,2.75E-10,7.601729734,2.27E-12
6202,1719.58845,5077.975646,1151.59499,513.9230304,7472.889344,76.73600931,3471.327751,3370.498733,6693.38097,1562.362746,758.92,31862.63,7.79E-10,6.567668928,3.20E-12
6203,1672.353944,5200.870793,934.3839618,537.536403,7330.382428,75.69902594,4128.907703,3134.335987,6396.64419,1571.461117,758.83,31734.98,6.40E-10,6.425552761,-3.08E-12
6204,1711.673643,5158.539889,1007.697219,430.982902,7462.652514,75.67544616,3445.990393,3098.353178,6221.221065,1675.529271,807.49,31089.75,5.63E-10,6.055521139,-1.63E-12
6205,1760.928531,4956.476598,1205.195167,529.3107419,7594.647047,78.54795893,3346.118188,3217.947526,6153.836818,1712.752859,808.12,31359.8,3.55E-10,4.081434346,-2.64E-12
6206,1778.592188,5626.420972,1288.725937,607.464936,7708.181519,85.39472629,2900.295906,3127.288655,6217.673306,1924.133889,924.74,32187.84,3.74E-10,1.07203425,4.22E-12
6207,1923.862971,7794.91218,1830.794069,937.6936268,8098.853946,92.36499356,2244.885992,3147.513668,6008.638453,2162.298782,982.89,35224.7,3.33E-10,0.008680651,1.73E-12
6208,2034.143452,10658.55451,2952.481184,1009.519364,8375.710189,96.58483616,1458.608756,2879.71781,5336.295508,2189.879185,1041.285206,38032.78,2.74E-10,1.12E-08,-3.01E-12
6209,2087.882905,12310.81805,3423.870345,1536.358211,8515.906196,96.72503427,711.8331507,2610.679604,4657.325099,2248.897982,1123.063423,39323.36,2.02E-10,1.22E-09,4.09E-12
6210,2178.011235,13343.65215,3535.30133,2366.183997,8739.680764,102.6239446,199.8021431,2524.90068,4369.1958,2282.068256,1118.879698,40760.3,1.76E-10,1.42E-09,-1.56E-12
6211,2076.311885,13377.74909,3463.110828,2559.159671,8585.004194,101.7046512,18.82417028,2385.694886,4058.206227,2290.480493,1037.7839,39954.03,1.69E-10,3.54E-09,4.13E-12
6212,2128.749992,12200.29666,2949.160992,1879.318591,8612.586433,99.84699277,0.092140171,2331.333686,4057.075157,1825.374349,818.6950118,36902.53,1.98E-10,2.80E-09,-5.18E-12
6213,2118.639554,10870.68212,1768.924147,997.5383772,8635.988362,99.01318795,0.018669019,2532.552383,4124.071104,1577.549591,452.932508,33177.91,2.00E-10,4.43E-10,4.58E-12
6214,1909.713179,8478.341689,958.6420637,631.7391793,8564.388253,98.99877364,0.01770622,2352.073638,4201.280941,1269.270467,445.5441105,28910.01,1.77E-10,9.01E-10,-1.04E-12
6215,1666.328546,7063.115867,519.6574094,403.1214672,8428.211915,94.05339359,0.015863622,2335.946766,4016.03665,1235.679066,728.5830557,26490.75,1.92E-10,2.98E-09,-1.20E-14
6216,1667.887369,6367.456073,475.3221386,390.8263832,8380.627059,96.71227518,0.015276303,2520.215085,3880.813399,1237.157005,733.2379374,25750.27,1.90E-10,2.27E-09,-3.22E-12
6217,1626.881214,6702.30364,456.9334897,384.3003331,8208.087284,93.11402494,0.01287776,2173.283607,3619.350611,1240.056143,724.62,25224.9,1.86E-10,4.043224794,-5.88E-13
6218,1659.597459,6982.485712,456.6289608,362.2329391,8156.423033,92.98203238,0.012247201,1981.748616,3238.452029,1245.259565,722.75,24886.62,1.79E-10,11.95259386,3.77E-13
6219,1773.317466,7573.322822,489.2532287,349.9332045,8306.966828,95.23760636,0.014443229,1949.925126,3017.402562,1261.732819,483.64,25287.91,2.45E-10,12.83610759,-6.11E-13
6220,2071.424777,8506.638982,692.1101225,428.1822317,8867.632596,101.115982,0.022099409,1945.645577,3088.948825,1636.723472,35.97533492,27374.42,1.91E-10,3.82E-10,-4.72E-12
6221,2543.673721,11170.37102,2045.4595,636.5815017,9173.299408,105.685122,21.05273209,1861.439735,3342.034078,2244.322224,42.3809627,33186.01,1.42E-10,0.29,-4.57E-12
6222,3331.214433,14506.22873,3025.059934,1342.021581,9209.578755,105.9658459,238.7530893,2026.196616,3688.025585,2292.916744,55.81868687,39821.38,1.48E-10,0.4,-8.16E-12
6223,3434.798556,15557.32456,3062.279961,2050.337529,8754.461385,99.42786473,976.1086089,1975.266354,3654.967558,2228.633733,25.46389298,41818.67,1.96E-10,0.400000001,6.32E-12
6224,3314.704103,15099.49605,3141.260843,2052.982991,8410.067188,96.93869603,2015.804697,1848.028149,3704.427304,2192.811327,6.968656138,41883.09,2.18E-10,0.400000003,5.30E-12
6225,3213.414378,14573.18512,2991.420727,1271.083837,8077.824654,90.66812565,3076.620786,1998.243269,3759.650836,2143.536962,2.16E-09,41194.04,3.09E-10,1.608689873,-1.08E-11
6226,3136.443613,13367.0906,2721.559515,975.2887561,7925.162417,89.22102444,4224.574445,2177.051215,4174.833806,1683.700232,9.81E-10,40471.45,4.63E-10,3.475619952,-3.97E-13
6227,3094.792167,11898.4275,2355.620405,790.4036283,7775.587807,86.28851905,4711.914982,2406.998796,4939.88817,1412.827982,5.64E-10,39467.56,6.71E-10,5.18995675,-4.13E-12
6228,3109.264515,10839.15535,2318.465672,695.7348994,7832.968851,86.24887472,4776.847774,2440.50839,5240.381517,629.9566553,7.26E-10,37966.2,5.27E-10,3.332497846,-2.10E-12
6229,3166.864705,10408.914,2444.834814,729.1620946,8043.068467,89.32914895,4310.696372,2635.675015,5592.479531,73.98791902,0.997928367,36924.61,571,0.400000026,-6.82E-13
6230,3071.541057,10546.26215,2255.008569,686.9621131,7815.195578,88.09258816,4396.550886,2589.300316,6030.943404,33.81569615,2.40E-09,37174.07,339,0.602354209,5.68E-14
6231,3124.580844,11753.4273,2410.465786,759.2748088,7973.92001,90.33221769,3618.402901,2604.013531,6652.653657,346.0210441,1.64E-09,39332.69,4.67E-10,0.402102007,7.46E-12
6232,3263.34478,13707.01407,2564.032473,812.1174592,8263.603564,95.64768465,2286.975713,2813.571966,6886.289752,712.4344951,1.76E-09,41404.63,2.99E-10,0.401959492,1.05E-12
6233,3400.207482,14250.70364,2594.716426,1108.013246,8642.131785,100.1117833,719.1378435,3249.660824,7130.967646,1126.615172,77.39415315,42399.26,2.07E-10,0.4,6.85E-12
6234,3574.062323,15643.29476,2913.781533,1132.4666,9128.856515,108.6180655,28.65453528,3374.945129,7278.209666,382.7866882,62.43419043,43627.71,1.53E-10,0.400000001,7.44E-12
6235,3479.756905,16063.2447,2845.943456,1076.102442,8832.326352,104.5838534,2.126053701,3241.228094,6586.789821,313.9646953,27.08362719,42151.75,421,0.400000001,-1.99E-12
6236,3377.083064,13335.65686,2274.689985,806.7894108,8590.97506,98.05431631,0.075321376,3505.153315,6448.739371,217.6524849,47.45080955,37723.92,978,0.400000001,-2.39E-12
6237,2742.692433,9297.108426,1553.587106,563.5567253,7620.567216,87.56312679,0.005228503,3462.602767,5906.690637,1521.885557,3.74E-10,32755.85,1.65E-09,0.409223024,-1.76E-12
6238,1771.947706,5870.071888,908.9125965,392.0364872,8144.183866,95.27899685,0.012468542,3825.743626,5815.535873,1444.414655,13.06183676,28280.8,2.30E-10,0.400000001,1.78E-12
6239,1745.644702,3860.540673,582.8154362,379.0879966,7823.824662,88.60567837,0.00808045,4102.356713,5356.661503,1390.52637,6.66E-10,25323,3.48E-10,7.071815532,7.76E-12
6240,1571.716374,3592.351206,549.323926,366.9751829,7846.820634,91.04997638,0.008317993,4174.984938,4975.712425,1340.686394,1.11E-09,24505.22,3.27E-10,4.409373137,-1.23E-13
6241,1664.257944,3344.519804,520.108367,345.5198411,7734.77294,89.35455637,0.006759703,4157.792824,4793.15042,1379.177689,4.83E-10,24020.43,3.59E-10,8.231146122,1.71E-12
6242,1500.72924,3325.402434,499.2764817,335.5188337,7772.390513,87.58955537,0.007228149,4016.748661,4626.589476,1384.610234,4.80E-10,23540.68,3.52E-10,8.18265734,4.02E-12
6243,1645.593263,3573.78565,519.2109112,336.3618484,8187.341523,95.67166449,0.013057942,4120.234143,4600.998798,622.7643487,3.68E-09,23700.22,2.62E-10,1.755207711,-2.78E-12
6244,1887.25184,4113.073788,800.4255664,399.6649304,8622.386156,101.8889652,0.019160853,4290.819492,4527.148369,1090.84204,3.169693068,25836.29,2.25E-10,0.400000004,5.54E-12
6245,2053.191574,6573.827941,1243.455254,682.6215692,9004.270808,107.5340504,3.592537682,4529.027992,5035.988582,2239.585037,27.01465277,31499.71,1.60E-10,0.4,4.01E-12
6246,2491.379502,10871.47183,1513.420071,1443.892105,9129.427654,109.1021196,186.0870139,4832.550132,5236.220945,2317.364058,53.06457065,38183.58,1.49E-10,0.4,5.19E-12
6247,2688.000765,12178.95894,1514.659359,2031.947067,8734.56442,117.8035242,673.7392924,4778.74063,4866.858238,2253.943764,24.97400061,39863.79,1.91E-10,0.400000001,2.71E-12
6248,2612.79698,12059.39279,1762.52845,1962.950866,8407.478377,111.290753,1638.350392,4597.692029,4750.682902,2205.191077,7.555384679,40115.51,2.22E-10,0.400000002,3.44E-12
6249,2510.190881,11082.20034,1667.251641,1552.828104,8064.86504,95.74744313,2391.714603,4599.26968,4999.158921,2161.279176,1.39E-08,39123.91,2.97E-10,0.595832495,3.18E-12
6250,1491.389476,9553.405173,1302.568418,1253.864877,7973.819865,91.95884815,4051.519292,4581.402772,5680.739428,2114.848757,5.47E-09,38094.56,4.21E-10,0.956905204,-4.13E-14
6251,2295.918054,7726.367716,1290.95489,1220.480143,7571.918813,85.61544765,4619.171034,4444.254321,5845.471643,1964.365625,6.64E-10,37060.05,8.15E-10,4.467686908,3.29E-12
6252,2186.3512,6797.158632,1224.332587,1031.676475,7674.705837,87.12625614,4173.828316,4495.330539,6894.469518,1849.61777,7.33E-10,36411.29,8.03E-10,3.307130494,2.88E-12
6253,2254.659113,7151.237111,1230.705796,772.0130683,7664.88284,88.11924533,3575.685702,4440.766744,7395.415308,2033.42501,1.41E-09,36605.38,9.40E-10,1.529936703,8.43E-13
6254,2421.884864,7757.848002,1444.256195,853.7782806,8177.442445,95.57246224,3249.014583,4636.642196,7583.842594,762.821464,2.47E-07,36982.7,3.13E-10,0.403085322,-5.11E-12
6255,2574.961835,11334.28416,1839.975211,917.9258644,8749.922208,103.6709106,2778.160946,2695.078995,6086.922158,2008.899735,74.71798176,39164.12,1.85E-10,0.4,8.86E-13
6256,2425.552629,11436.70022,1838.549359,841.874443,8307.909258,96.50706648,1466.792591,4611.83292,7859.616394,2096.277359,29.72776242,41010.94,2.71E-10,0.400000001,-6.41E-12
6257,2559.37581,12132.90674,1918.518289,1259.425507,8641.17784,102.374514,375.3991906,4475.197334,8004.555211,2259.580275,75.02929124,41803.14,2.07E-10,0.4,1.27E-12
6258,2642.346275,12706.88581,2075.057604,1977.144878,8861.024529,105.9421496,19.82578348,4695.531879,7701.975735,2298.464103,80.05125272,43163.85,1.67E-10,0.4,2.11E-12
6259,2576.199946,12029.23953,1938.123686,2049.836013,8635.09132,100.7919399,3.884876792,4626.990419,7464.516482,2086.235006,50.42078514,41560.93,1.57E-10,0.400000001,8.28E-13
6260,2516.735607,10402.12722,1282.264863,959.8124593,8464.930956,99.12506871,0.068396486,4394.248093,7491.175264,1772.488561,30.88351565,37413.46,2.11E-10,0.400000001,-4.50E-12
6261,2414.025385,7979.452201,759.241633,818.2985661,8865.4615,105.947701,0.022592171,4382.208572,7260.311235,201.1473536,66.26326235,32499.98,352,0.4,-4.21E-12
6262,2030.439702,6468.542361,424.3394947,739.9076543,8832.814386,105.513772,0.022161897,4260.062761,6335.481587,196.8725974,46.33352255,28059.93,1380,0.4,4.09E-12
6263,1880.635827,5523.40852,361.8296912,546.3476468,8537.048658,101.050282,0.018057139,3921.418876,5721.840298,129.7924509,15.29969315,25352.29,1386,0.400000001,6.82E-13
6264,2074.063679,5378.557248,323.0748265,535.0115038,8155.24833,94.54711346,0.012780296,3736.994439,5353.67471,108.5240145,1.95E-09,24372.02,1385,2.688645099,4.09E-12
6265,2030.968977,5329.686705,308.2242975,511.218095,7947.276622,92.42151294,0.009831616,3688.185353,5088.214566,91.21924511,7.71E-10,23697.12,1385,5.305205393,-4.55E-13
6266,2026.940545,5263.423417,305.0538413,507.9393094,7905.973238,91.70840846,0.009343993,3634.880331,5014.589783,85.34079267,7.09E-10,23448.19,1382,5.669009562,1.36E-12
6267,2098.742382,5629.655507,280.6347356,500.8579527,7618.9033,87.5699339,0.005350562,3430.311445,4599.174472,22.70175849,2.41E-10,23724.51,523,21.04683646,1.02E-12
6268,2187.400903,4415.74912,450.1731507,528.7538717,8225.283422,96.0981945,0.013634618,3777.732996,5430.579105,446.6527693,1.39E-09,25554.37,3.77E-10,4.067167177,4.52E-12
6269,2364.810909,6047.956514,1105.615099,572.5678473,8646.211822,102.295881,3.971042287,4322.375618,6197.76442,2154.996547,7.094299283,31525.26,2.03E-10,0.400000001,3.02E-13
6270,3006.75707,9236.805612,1374.947722,839.7365807,8986.592293,105.8681701,360.0526941,4642.826318,6825.897986,2320.294909,34.51064512,37733.89,1.62E-10,0.4,4.02E-12
6271,3224.796904,9722.354883,1016.260911,1119.248249,8614.721384,99.89961848,1179.204856,4693.422645,6868.154964,2248.590201,8.465384458,38794.72,2.14E-10,0.400000002,-2.50E-12
6272,3043.077996,8608.301411,934.250812,974.5967619,8146.631197,98.40809601,2512.689983,4535.976526,7291.218775,2102.583336,3.91E-09,38246.81,2.71E-10,0.924893519,-1.92E-12
6273,3010.341107,8286.870052,938.0543106,916.7328589,7855.199244,109.9703177,2914.095241,4315.789577,7134.799048,2073.714839,1.123404467,37556.29,4.25E-10,0.400000012,1.35E-13
6274,2908.222317,8313.599117,935.2626116,1562.375926,7600.369864,96.01104315,3833.820062,3731.920556,6300.596653,2061.362126,5.72E-10,37337.86,1.01E-09,5.680275129,-2.77E-12
6275,2898.698695,8859.917474,1100.315138,1305.310988,7578.735513,89.7211427,3977.042603,3440.078743,5630.227138,1860.110468,5.44E-10,36734.79,9.10E-10,5.367901428,4.45E-12
6276,2875.7613,8520.057487,1107.690225,1510.549331,7491.720045,88.43865944,3935.543405,3356.693416,5695.145699,2015.339635,6.29E-10,36593.15,4.03E-09,3.78920237,5.47E-12
6277,3148.91094,8895.157674,1170.72227,1215.510883,8254.572255,82.16273139,4197.055519,2256.002531,5609.578419,2145.166682,16.21009362,36990.65,2.93E-10,0.400000001,2.00E-13
6278,2670.308168,8239.214674,861.8519669,1151.128033,7850.096863,75.46297826,3113.314777,4210.20624,7311.651273,2068.297838,9.17E-10,37550.6,7.30E-10,0.932812081,-3.33E-12
6279,2900.902137,9303.196546,1124.739971,1180.140519,8184.278322,89.35104041,2248.928393,4384.964342,8276.908213,2196.361807,3.20E-09,39889.37,2.89E-10,0.401291356,1.86E-12
6280,3196.459425,10641.72552,1617.504079,993.8766825,8311.445402,98.49866874,1159.433013,4580.50664,8750.207758,2228.649182,25.28363397,41603.18,2.50E-10,0.410000001,3.46E-12
6281,3254.516485,11151.60764,1741.178893,1266.344145,8509.017842,101.4937208,300.7807598,4713.472678,8694.194707,2276.725832,50.56729446,42059.6,2.08E-10,0.300000001,8.75E-12
6282,3343.089518,12130.23281,2027.108238,1412.961451,8623.469498,104.5619423,15.3201265,4734.011457,8444.297217,2288.495202,68.32254129,43191.87,1.88E-10,4.74E-10,-6.83E-12
6283,3239.396001,11640.10075,1802.447205,1182.689996,8284.254648,98.14157575,3.514248402,4573.824021,8036.001131,2039.670156,487.9102673,41387.95,1.93E-10,5.79E-08,-7.78E-12
6284,3258.082331,9042.814475,1396.892913,1099.96067,8319.597643,99.54095316,0.048412546,4480.40104,7706.138005,1686.886385,524.8871723,37615.25,2.14E-10,1.56E-09,7.79E-12
6285,3256.025562,6340.682591,1005.470546,1077.25436,8528.051226,102.3619776,0.018889734,4575.134613,7109.711869,656.3018677,481.8164979,33132.83,1.81E-10,6.18E-10,1.94E-12
6286,2018.160563,5633.632823,707.0196786,725.8526655,8675.437202,96.2381889,0.020862661,4524.460409,6234.967698,167.794687,33.26522093,28613.85,203,3.48E-10,-1.25E-12
6287,1551.128193,5062.509609,641.468368,666.0107769,8333.271782,58.71106006,0.016031694,4394.456463,5361.065791,114.7263245,9.585601063,25861.95,331,1.36E-09,2.44E-12
6288,1529.461472,5110.394428,619.8564336,625.0164481,8171.373115,56.57815006,0.013784924,4181.454043,5029.845851,104.5514585,1.834816469,25036.38,394,8.25E-09,3.41E-12
6289,1486.742038,5169.284051,606.6725968,599.4656589,7970.541986,53.94048258,0.011107089,3894.477904,4706.206416,88.888905,269.45,24732.85,111,1.831145286,-1.55E-12
6290,1442.481008,5307.681533,626.3770313,589.5645172,7752.599776,51.23090272,0.008547148,3598.242872,4321.022673,713.5665788,218.3,24613.36,2.73E-10,7.715439785,-1.57E-12
6291,1589.969902,5199.198388,730.3157454,595.8562318,7643.590576,49.65771209,0.006899184,3339.331622,4078.007591,1499.75321,364.48,25077.68,5.27E-10,12.48787705,-4.75E-12
6292,1749.758405,5549.16047,669.9267986,623.7620203,8185.24849,57.16076482,0.014766178,3254.051892,4762.501929,1705.24397,678.7804928,27235.61,3.24E-10,5.23E-09,-2.93E-12
6293,2089.956799,9568.697409,1180.552412,754.6925099,9141.582987,69.95652437,2.681685327,3399.613497,5327.845574,1932.632165,22.3084388,33490.52,1.35E-10,2.03E-10,-3.93E-12
6294,1975.639258,15061.91943,1551.989948,1457.110761,8508.095136,61.40577363,162.7580944,2932.543029,5336.154358,2274.068937,793.485272,40115.17,2.08E-10,6.72E-10,-6.73E-12
6295,1928.165629,16287.62365,1757.100836,1474.747734,8281.625642,99.13726303,643.6573496,2744.573434,5291.042481,2226.443135,1023.81,41757.21,2.58E-10,0.717149216,-3.97E-12
6296,1876.56394,16339.45402,1786.207952,1549.472473,8157.98259,97.60902999,1475.322308,2558.69747,5279.509435,2209.576126,1004.42,42334.79,2.56E-10,0.025348544,8.18E-12
6297,1867.20331,16502.12341,1859.779167,1550.801801,8141.347345,97.02721419,1591.507755,2453.3527,5462.731088,2205.246876,524.88933,42256.01,2.66E-10,6.33E-10,-3.91E-12
6298,1735.579808,16342.75871,2133.084667,1379.114212,7871.031517,91.89704557,2255.25742,2241.951404,5471.784219,2134.997865,642.61,42299,4.14E-10,1.066869396,-3.77E-12
6299,1764.176366,16614.38029,2633.233392,1051.911533,7834.896523,92.28233882,2032.90022,2137.603097,5391.5259,2142.642582,1008.68,42702.1,3.69E-10,2.132244085,-2.24E-13
6300,1844.395992,16434.82822,2859.413533,871.4380069,8051.536168,95.65235767,2069.134832,2263.500486,5297.135557,2173.29615,522.3787025,42482.71,2.83E-10,5.65E-10,3.61E-12
6301,1880.774864,16903.90206,2700.139961,1029.292328,8022.209836,95.49687787,1916.334722,2276.439297,5022.498733,2163.23933,20.68199071,42030.9,2.94E-10,0.110000001,-1.57E-13
6302,1845.264692,16412.55137,2943.539656,895.9404405,7872.706449,93.87589493,1715.752821,2704.584416,4683.962166,2120.721792,871.93,42160.55,3.91E-10,0.27969427,7.48E-12
6303,1978.596206,17042.45604,3093.668873,1203.530335,8340.294828,100.2684914,1178.965536,3553.185197,4630.296931,2286.972293,1132.975272,44541.21,2.00E-10,5.11E-10,9.09E-12
6304,2017.582914,17870.80386,3201.349169,1874.736574,8447.961684,105.0995198,597.1605775,3660.813524,3993.244023,2304.395341,1159.722811,45232.87,1.93E-10,3.57E-10,2.68E-12
6305,2048.612697,18142.51425,3271.192271,1717.827409,8529.298306,103.2369418,166.5000011,3772.567132,3719.177162,2323.237447,1173.136379,44967.3,1.87E-10,3.12E-10,-4.47E-12
6306,2097.755792,18270.65455,3306.94492,1795.040599,8588.447031,104.1626343,14.67679057,3969.220976,3553.704315,2356.380653,1114.151737,45171.14,1.59E-10,1.14E-09,7.60E-13
6307,2041.078563,16823.45894,3232.621324,1846.85643,8387.280697,101.9767867,1.922791022,3915.582365,3464.617339,2352.37151,1045.793252,43213.56,1.51E-10,1.64E-09,3.60E-12
6308,2021.980934,13496.10865,2656.164278,1555.770648,8309.28091,100.8344388,0.057833487,4107.532295,3584.341035,2005.723188,921.5857886,38759.38,1.83E-10,6.14E-10,-3.35E-12
6309,2026.998963,9693.239004,1526.76113,1240.527367,8337.755993,101.2071451,0.019659309,4256.243067,4299.397648,1520.285299,720.4147234,33722.85,1.71E-10,4.83E-10,1.43E-12
6310,1877.931579,6649.544283,590.2761548,803.2651073,8195.389278,99.16623891,0.017697154,4163.804339,4596.34636,1513.705875,710.6630871,29200.11,1.47E-10,4.35E-10,-3.52E-12
6311,1737.964659,4001.05148,137.8941322,584.4618098,7997.055291,95.78929821,0.014795385,4404.644109,4898.793342,1441.891513,696.7595696,25996.32,2.06E-10,6.94E-10,2.58E-12
6312,1591.859897,3726.293682,113.6581903,583.7458612,7719.940704,92.83872873,0.01156748,3982.423218,4834.026783,1410.304266,676.887102,24731.99,2.83E-10,1.59E-08,-3.03E-12
6313,1323.87902,3739.20683,131.6456732,530.7587132,7692.205236,95.38615442,0.014286184,4372.455695,5278.376719,134.8225962,680.0190772,23978.77,1.95E-10,3.72E-09,-1.72E-12
6314,1369.823852,3641.71595,83.28439154,580.9473969,7097.746595,87.64727996,0.006171891,4193.611726,5220.054919,83.30631038,657.87,23012.15,4.05E-10,3.864592774,-4.33E-12
6315,1246.920229,3462.042036,125.6189353,473.6359885,7030.214074,86.87408121,0.005315247,4130.323246,5727.323578,51.95483948,624.03,22948.94,6.58E-10,10.00232233,-1.58E-12
6316,1477.600742,3555.931332,310.8738898,466.3807586,7024.585283,86.08398223,0.004482967,3822.759751,5796.35003,1404,720.42,24652.44,0.38985891,12.16039323,5.47E-13
6317,1836.515436,5426.669895,781.860324,578.1991395,8205.447172,98.86926173,1.655652733,4319.118575,6684.537031,2008.606041,812.0814708,30753.56,2.36E-10,7.05E-10,4.54E-12
6318,1994.398167,7945.306104,2011.792283,845.975465,8343.793477,100.5338257,432.1676991,4633.757982,7647.603385,2083.596164,952.1654485,36991.09,2.12E-10,4.21E-10,7.41E-12
6319,1882.855846,7929.792319,2076.36843,1112.662858,7905.492533,95.69743243,1920.031024,4658.542347,7534.778053,1986.069976,601.209182,37703.5,3.45E-10,1.45E-09,-1.27E-12
6320,1784.240918,6635.833286,1741.733016,1059.686858,7549.522709,90.93107006,3535.444755,4512.700338,7404.271885,1667.022365,629.59,36609.92,4.83E-10,1.057200124,-5.47E-12
6321,1715.915497,6033.380124,1685.99145,821.0510022,7286.40982,88.04769819,3870.414866,4447.7373,7480.256913,1062.261099,669.82,35158.06,7.29E-10,3.225768766,4.91E-12
6322,1603.25566,6007.020132,1585.533911,929.4585974,6739.758819,83.11378187,5046.882585,4311.941433,7109.423758,1110,670.45,35186.65,1.189938992,8.998737746,1.28E-13
6323,1683.27126,6522.107446,1634.485048,752.9460613,6929.793767,85.59758204,5214.908644,4347.915291,7407.886343,38.10744528,822.97,35372.84,62,5.148887691,4.46E-12
6324,1622.825939,6592.601051,1734.967025,673.448333,6850.433336,83.87962186,4851.841953,4261.358567,7321.117967,2.33E-07,823.26,34643.68,166.0200724,6.033720816,-1.79E-12
6325,1610.519215,6102.487971,1566.303252,824.5094549,6790.023376,82.06335016,4200.484134,4226.723514,7343.64483,810,639.28,34189.43,2.68022521,3.928870077,-1.31E-12
6326,1608,5723,1481,710,6722,82,4030,4191,7518,1960,676.55,34698.52255,1.581262474,1.446183984,-1.18E-11
6327,1736.321368,6475.385094,1709.268559,793.3968001,7095.302804,87.65172955,3129.864048,4391.407613,7984.12923,2086.778944,1055.58,36545.08,9.74E-10,0.006188879,6.39E-12
6328,1902.00764,8648.259589,2270.692708,946.8796124,7600.716416,94.09583939,1854.026244,4629.261612,7931.676763,2211.56552,1071.188057,39160.37,3.14E-10,3.34E-09,9.88E-13
6329,2035.705438,10299.66234,2473.036481,1429.360149,8157.902036,99.11892316,497.7617202,4691.24716,7530.496839,2283.251377,1141.577533,40639.12,2.30E-10,5.18E-10,-5.92E-12
6330,2096.287715,11351.90894,2899.871904,2083.29724,8471.523685,102.2863007,20.06953116,4742.257732,7235.499085,2369.462214,1093.425653,42465.89,1.63E-10,4.16E-10,-1.13E-11
6331,2112.441911,10917.31883,2804.441497,1881.1673,8327.921932,100.5242253,4.913578121,4722.302575,7244.838258,2173.905517,977.1943728,41266.97,1.50E-10,5.20E-10,-5.48E-13
6332,2149.955639,9210.696136,2280.527527,1365.076697,8306.499336,100.2931465,2.078764893,4649.844963,7277.157649,1479.865738,879.2644029,37701.26,1.79E-10,4.43E-10,-3.08E-12
6333,2190.378217,7462.923218,1840.784602,905.7968516,8532.24229,103.0824013,0.022693651,4777.84354,6985.525089,232.3537291,862.7873689,33527.74,366,5.49E-10,-4.77E-12
6334,2059.673105,6199.763497,1573.112492,468.0730243,8230.638611,101.6348124,0.021295892,4672.649291,6205.831213,186.616071,828.1565865,29460.17,1066,2.71E-10,-8.41E-12
6335,1962.56635,4910.41413,1383.494888,428.4578823,7922.839557,97.16097237,0.017150421,4519.168305,5589.238558,130.5224448,709.5197614,26560.4,1093,4.18E-10,9.09E-13
6336,1927.192163,4547.684835,1405.020844,409.8302276,7864.809015,94.11350078,0.013625985,4336.219415,5206.727407,118.6020259,676.5469402,25585.76,1001,6.42E-09,2.39E-12
6337,1863.507397,4329.819613,1353.66413,405.8584305,7658.927497,91.41957591,0.010595699,4227.205089,5041.345214,95.95919215,697.17,24808.17,955,1.716733627,-4.55E-13
6338,1826.238199,4395.368509,1423.251566,397.4352809,7725.045017,91.92386424,0.011446211,4114.869809,4812.582058,106.7705912,668.8,24457.11,1105,0.186340429,-6.82E-13
6339,1737.329199,4448.386381,1317.602423,384.4306577,7378.090501,89.47223553,0.00859866,3829.049482,5068.889697,70.76096121,698,24322.09,696,3.930135034,-4.55E-13
6340,1724.355603,4766.945806,1461.472482,382.7943291,7215.306136,88.50851388,0.007541732,3675.591912,4881.121745,483.2661552,665.74,25339.67,3.67E-10,5.440223332,1.11E-12
6341,1957.123828,5655.650098,1512.94914,420.6437849,7842.249483,95.01425822,1.317899567,3534.641468,4970.1514,1807.659977,679.4486635,28476.85,2.55E-10,7.75E-10,-4.21E-13
6342,2510.274082,7149.74818,1677.76856,698.2798523,8268.01217,98.39337246,147.6495709,3460.822645,5108.382252,2147.590263,994.4390514,32261.36,2.55E-10,4.53E-10,-2.67E-12
6343,2656.481771,10123.87304,1928.884431,839.1823273,8343.018659,100.2387458,790.8167256,3174.902605,5149.53178,2201.625189,898.8847258,36207.44,2.05E-10,3.11E-10,2.07E-13
6344,2591.158423,11729.58482,2117.140398,968.8100724,8110.644774,97.48528574,1209.646424,2964.762286,5197.228018,2157.281949,878.9875504,38022.73,2.23E-10,4.56E-10,-2.26E-12
6345,2520.084567,12417.79993,2093.520595,1376.011506,7900.902311,94.78364917,1677.075965,2687.965722,4968.78444,2106.148785,882.9725256,38726.05,2.74E-10,1.31E-09,1.14E-12
6346,2454.695945,12624.07076,1962.429325,1607.666991,7746.965338,93.49237784,1944.923866,2473.170985,4979.5807,2047.597312,896.0863956,38830.68,3.84E-10,8.47E-10,-9.95E-13
6347,2421.789745,12812.0163,1904.883417,1271.798226,7466.370566,91.80332368,2209.766643,2436.30353,4951.053176,2162.334255,887.4108157,38615.53,3.17E-10,1.54E-09,1.13E-11
6348,2432.447612,12756.62821,1994.732417,1133.350127,7519.453206,91.77818883,2223.188837,2278.223077,4832.679817,2145.871858,872.5066497,38280.86,3.41E-10,1.03E-09,8.19E-13
6349,2479.551752,12861.34687,2124.870304,1171.486844,7808.764348,92.90842312,1870.565149,1892.642786,4457.940193,1982.721084,1041.732251,37784.53,2.96E-10,8.09E-10,1.55E-12
6350,2474.257609,13382.06786,2442.382776,1033.050301,7822.767642,93.1133439,1782.666402,1635.965324,4104.768348,2163.224882,1035.955511,37970.22,3.19E-10,1.63E-09,-2.25E-12
6351,2560.114465,14715.05928,2918.657298,1031.740028,8120.296545,96.88333418,1342.18755,1454.952611,3986.357789,2283.194758,998.9063464,39508.35,2.32E-10,5.04E-10,-8.48E-13
6352,2595.44846,16295.56055,3551.491398,1612.152491,8048.488261,99.93453982,700.4873672,1416.593305,3595.41965,2323.751329,1007.01265,41246.34,2.04E-10,4.83E-10,4.18E-12
6353,2667.85819,17150.61957,3816.049771,1988.773355,8158.8093,100.1523274,171.3716203,1484.295223,3216.50107,2350.815345,943.5342341,42048.78,1.92E-10,4.95E-10,-3.22E-12
6354,2656.007322,17617.51428,3923.389541,2177.492203,8220.548972,100.5807979,7.317879458,1456.170009,3027.205637,2355.352742,1099.930615,42641.51,1.81E-10,3.63E-10,8.43E-12
6355,2559.015042,17481.3772,3847.388088,1504.104723,8078.505565,98.72440564,0.66669043,1335.056204,2850.934914,2402.080959,1076.426212,41234.28,1.47E-10,5.60E-10,-1.98E-12
6356,2560.52728,15798.56165,3583.685225,945.0492964,8230.054447,98.59926295,0.075709295,1367.542445,2811.228015,2249.29825,1057.788421,38702.41,2.08E-10,6.97E-10,-9.82E-12
6357,2589.088376,14066.85105,2291.389989,937.4650841,8426.431221,100.6572031,0.021177302,1496.585775,2716.137969,1822.907297,818.6748579,35266.21,1.70E-10,4.82E-10,2.59E-12
6358,2066.866008,11163.99421,2526.652811,826.6657814,8326.336774,100.2326537,0.02086116,1598.960277,2510.94191,1710.219202,796.0595124,31626.95,1.48E-10,2.42E-10,2.58E-12
6359,1781.366206,9542.05035,2395.601456,620.9232279,8010.152802,97.60433943,0.018665478,1544.30914,2369.605142,1659.723584,776.7950874,28798.15,1.78E-10,3.46E-10,-3.73E-12
6360,1782.527838,9104.150033,2401.277351,427.935074,7877.891831,95.32770947,0.015847455,1397.073901,2165.456329,1647.115219,750.7488671,27649.52,1.95E-10,8.94E-10,-4.64E-12
6361,1843.070199,8332.050818,2320.908206,403.0277766,7998.914871,94.92383728,0.015367226,1368.552163,2190.860807,1535.366516,698.849439,26786.54,1.68E-10,1.16E-09,-5.20E-13
6362,1833.856869,8223.337719,1911.060148,392.3538654,7689.690222,93.41885906,0.013942441,1352.29195,2158.20493,1539.729485,674.11,25866.95,1.78E-10,1.117990331,7.61E-13
6363,1822.257493,7750.753769,1910.918553,388.8414061,7590.330834,92.45874202,0.012739028,1475.597009,2224.490659,1516.31423,673.92,25439.93,2.04E-10,5.965433537,2.83E-12
6364,1828.209824,7732.586414,1980.584763,421.2558425,7595.937015,92.54021383,0.012869614,1513.3564,2385.587234,1554.304515,674.36,25774.07,2.39E-10,4.665091519,-2.26E-12
6365,1854.488156,8158.415285,2250.642544,485.2124741,7636.17022,93.02842956,0.455609484,1713.197835,2608.146889,1862.267056,872.99,27535.01,2.13E-10,0.004497885,-6.15E-12
6366,1902.782195,10020.82702,2253.224802,508.0402318,7721.954166,93.84914611,71.08948751,1809.877689,2774.157342,1954.987113,939.1908041,30049.98,2.61E-10,1.78E-09,3.04E-12
6367,2036.591688,11468.41943,2492.063659,908.1353236,8105.140617,99.24139071,479.0275203,2091.454608,3287.501381,2136.738688,970.6056984,34074.92,2.00E-10,4.97E-10,2.00E-12
6368,2005.075796,12743.33805,2910.541726,1535.067179,8040.2448,120.5759564,1226.465966,2370.067303,3597.995801,2084.895861,962.9215577,37597.19,2.36E-10,6.03E-10,-9.24E-12
6369,1936.839524,12739.56265,2919.921183,1435.140003,7807.238588,117.500889,1789.436684,2755.695619,3892.58196,2050.723237,933.4796596,38378.12,2.67E-10,2.85E-09,-3.10E-12
6370,1775.761681,10917.7688,2464.271588,1071.837959,7320.374635,70.69513247,3728.299515,3026.525444,4075.804821,1900.197145,972.66,37324.19,8.41E-10,0.006719067,-1.51E-12
6371,1694.731937,8702.46607,1919.348646,905.3431721,7051.853269,67.6224881,4842.526021,3323.822278,4392.223527,1811.382414,923.65,35634.96,5.18E-10,0.009821711,-4.49E-12
6372,1626.552896,6691.383635,1660.511269,782.7407733,6860.381275,65.35401781,5216.756585,3458.815584,4637.672551,1569.401928,824.41,33393.97,7.95E-10,0.010513876,-6.74E-12
6373,1624.306747,5595.010947,1454.698503,658.12901,6837.593752,65.03506229,4747.274468,3370.519458,4886.88028,1880.017412,922.17,32041.62,7.67E-10,0.0156384,4.19E-12
6374,1651.643668,5535.724849,1413.099611,520.6874638,6953.932691,66.20496809,4744.161808,3836.625017,4872.530408,1930.742486,923.12,32448.46,4.42E-10,0.012971483,6.79E-12
6375,1797.097658,6542.952091,1696.845944,702.2202646,7390.116189,71.18465983,3614.367616,4100.456145,5923.684748,2267.890892,1024.1,35130.9,2.60E-10,0.016207152,-8.27E-14
6376,1930.614588,9451.839593,2439.746297,910.442865,7894.320289,77.06534538,2132.376923,4183.155081,6386.054828,2368.015195,1086.538997,38860.17,1.88E-10,1.06E-07,-2.43E-12
6377,2095.074742,11141.66822,3381.939474,1087.687172,8392.023337,82.55014777,528.0557771,4590.881772,6360.886611,2438.570802,1160.281944,41259.62,1.59E-10,3.67E-10,-2.34E-12
6378,2144.817951,12791.27133,4042.538395,1374.584426,8551.111554,84.32190862,13.00647546,4682.100042,6167.346633,2454.910206,1131.241076,43437.25,1.47E-10,2.51E-10,2.32E-12
6379,2067.833672,12576.63029,3797.014214,1501.657809,8286.473326,81.31861538,6.78914873,4313.116739,5942.020384,2345.112332,1038.663472,41956.63,1.39E-10,4.37E-10,-6.75E-13
6380,2038.500212,11331.07108,2746.08817,1178.461907,8189.39,80.15929076,2.079700571,4066.061966,5710.600159,1991.738569,942.6189482,38276.77,1.82E-10,3.63E-10,-3.90E-14
6381,2027.070736,9783.942958,1841.61333,784.3294438,8189.736775,80.15604629,0.01982337,3847.531512,5498.055957,1600.868273,792.6851458,34446.01,1.96E-10,2.85E-10,-1.02E-12
6382,1898.044479,7490.046361,1493.161654,468.8429157,7978.400902,77.73395432,0.016997468,3468.023181,5070.270566,1616.869981,755.2390089,30316.65,1.51E-10,5.20E-10,1.72E-12
6383,1800.795503,5831.302705,1433.926661,372.4652227,7676.869949,73.84842063,0.012790157,3157.769602,4845.86634,1560.944544,735.6182622,27489.42,1.86E-10,1.32E-09,-7.41E-12
6384,1805.248794,5657.899671,1438.098677,350.1452784,7704.759092,74.05760631,0.012977557,3062.330337,4531.057633,1557.937813,725.9621206,26907.51,1.88E-10,1.13E-08,-6.02E-12
6385,1821.593119,5529.189823,1412.906548,351.0849782,7738.733498,74.43512339,0.013464676,2932.950462,4279.494104,1543.70629,733.0325905,26417.14,1.73E-10,1.84E-09,3.31E-12
6386,1807.917426,5563.767642,1410.124454,344.2118608,7638.377852,73.0831457,0.012062611,2658.141683,4102.538598,1645.050626,773.7,26015.7,1.92E-10,1.225348851,-2.98E-12
6387,1824.315894,5585.093029,1673.390792,339.9152817,7579.013682,72.44795453,0.011189344,2496.800236,4022.489753,1803.505848,873.78,26268.22,2.78E-10,2.543660233,2.25E-12
6388,2041.451675,6330.665034,1892.645884,391.3696373,7970.408921,76.62347485,0.016764243,2537.685907,4114.865332,2051.558742,1002.168629,28409.46,2.89E-10,5.44E-10,-3.66E-12
6389,2529.616182,9809.85056,3109.54314,791.1729494,8928.10708,86.77935848,1.940293093,2749.101298,4281.412673,1803.237359,1096.209108,35186.97,1.22E-10,2.07E-10,-8.83E-12
6390,3054.709592,14448.14277,4085.097758,1309.358903,8466.43731,81.7377923,529.0817577,2509.42222,3653.515332,2389.452644,1140.56392,41667.52,1.74E-10,3.75E-10,-2.65E-12
6391,3128.832457,15127.58872,4296.206278,1379.215664,7912.168726,79.75786784,1711.222623,2178.053763,3171.113962,2259.925061,1105.044879,42349.13,2.84E-10,1.26E-09,-3.62E-12
6392,2943.281638,14564.14859,3856.262173,1052.480739,7302.508414,73.19878136,4027.082856,1759.705009,2654.056886,2020.883169,1083.69,41337.29,7.92E-10,0.008257417,6.16E-12
6393,2904.997079,13151.45015,3654.590311,619.8701174,7047.694833,67.15746885,4654.341763,1492.68785,2734.489522,1803.219801,1084,39214.49,4.14E-08,0.008897364,-2.75E-12
6394,2822,11573,3686,487,6791,64,6455,1259,2910,1676,1023,38745.98238,0.004677463,0.012942788,-2.27E-12
6395,2818,11373,3945,516,6785,64,6685,1181,3072,1303,1023,38764.75805,0.227820246,0.014127068,-1.87E-12
6396,2792,11602,3802,472,6790,64,6190,1119,2956,1922,1021,38728.79519,1.187510753,0.01729565,-6.10E-12
6397,2832,11366,3659,497,6782,64,5660,1032,3011,1975,698,37574.07248,1.91675702,0.010758757,2.30E-12
6398,2889.346634,11983.20554,3823.075781,735.1275932,6970.690044,65.97138199,4897.808419,994.6636687,3053.362822,2030.255841,747,38190.5,4.06E-09,0.007724438,-8.60E-12
6399,3001.677995,14119.71386,4703.968846,1049.003367,7382.837631,70.52141238,3734.201053,1075.973526,3015.268924,2173.800099,1081,41407.96,4.39E-10,0.00671018,-9.70E-13
6400,3157.010505,17065.58939,5505.60486,1259.047146,7890.765745,76.26135884,2190.562704,1197.383657,2818.032242,2252.470846,1116.901544,44529.63,2.87E-10,9.20E-10,1.31E-12
6401,3305.679359,18627.33012,6278.150851,2141.099284,8375.74705,81.4458807,365.2226654,1356.631763,2602.270246,2350.416517,1157.266268,46641.26,2.04E-10,3.74E-10,1.17E-11
6402,3321.276477,19579.26174,6343.347439,3300.357661,8468.988828,82.53987877,10.44728397,1412.019138,2484.92999,2395.235247,1172.486317,48570.89,1.70E-10,3.02E-10,4.37E-13
6403,3270.051554,19165.74527,6100.091235,2429.600725,8255.106614,81.05647917,4.788302595,1249.079993,2338.178827,2415.507954,1075.693045,46384.9,1.50E-10,5.54E-10,1.72E-12
6404,3232.795679,17614.95315,5354.724703,1122.320746,8176.001383,79.16778438,2.117884335,1161.982791,2380.275049,2253.301126,1063.629706,42441.27,2.19E-10,6.47E-10,1.51E-14
6405,3229.485104,14472.31609,3957.680689,1003.162639,8191.522252,79.32218742,0.019745087,1229.339555,2454.411906,2030.833138,858.1866903,37506.28,1.76E-10,9.27E-10,3.12E-12
6406,3180.215868,10871.46127,3132.8633,585.7563621,8184.469791,79.1531066,0.01970495,1236.915632,2405.508749,1931.947879,890.2183355,32498.53,1.44E-10,6.12E-10,-2.60E-12
6407,3124.363702,8617.502896,2640.525474,661.4280987,8034.4114,76.80555089,0.017493922,1203.322492,2556.508287,1882.472819,879.6817862,29677.04,1.68E-10,9.07E-10,5.66E-12
6408,3088.978758,8459.151064,2562.723675,436.4059973,7912.492518,75.51725526,0.015648445,1115.192892,2727.726641,1779.289431,831.5861202,28989.08,1.73E-10,8.51E-10,-5.66E-12
6409,3047.069835,8516.699679,2426.518662,445.8446154,7774.646879,74.02671744,0.013623258,1030.974922,2668.648414,1742.243185,814,28538.5,1.85E-10,2.186532418,-5.97E-12
6410,3028.044326,7911.589936,2433.958543,434.465281,7635.383131,72.57725399,0.011669734,1012.948034,2778.90666,1840.924223,872,28014.18,2.00E-10,6.62905757,-3.64E-12
6411,3045.124411,7623.789569,2372.621038,737.5628224,7667.766507,72.96167814,0.012159672,1103.224426,2788.604398,2006.117524,747,28159.93,2.95E-10,4.854532399,-2.38E-12
6412,3164.732547,8115.306566,2596.288934,919.0758969,8139.756638,77.91223154,0.018928206,1395.622058,3400.991107,2198.819111,412.2259832,30420.75,2.19E-10,5.83E-10,-1.38E-12
6413,3334.14236,10864.65514,3804.231457,1039.999732,8720.0821,83.91399394,0.624859291,1572.812987,4099.982783,2409.447994,1070.88659,37000.78,1.40E-10,2.65E-10,2.84E-12
6414,3332.220345,14410.30317,4814.739595,1773.135114,8609.109053,82.72841439,470.4133359,1493.657357,4522.289863,2448.968238,799.4855131,42757.05,1.51E-10,3.66E-10,-5.80E-13
6415,3128.383677,13957.28398,4721.774552,1916.901136,7868.985543,75.81226576,2125.09,1359.242697,4857.213847,2234.765683,1014,43259.45,3.20E-10,0.003378754,-5.29E-12
6416,3061.128009,12569.20666,4456.414462,741.1392071,7590.033131,73.02132994,4018.072913,1487.79083,5417.383585,2198.947776,125,41738.13,3.83E-10,0.007904807,-1.65E-12
6417,2825.058284,10454.45822,3760.220416,584.6651174,6856.215019,76.7126596,5323.214179,1276.427719,5200.69535,2016,648,39021.65,0.000333567,0.016626879,-3.10E-12
6418,2812,9048,3195,604,6803,74,6375,1477,5049,2016,635,38087.97695,0.005542984,0.0175104,-1.72E-12
6419,2806,8048,3001,524,6815,64,6820,1779,4976,2017,969,37818.60901,0.369554713,0.021438573,7.95E-13
6420,2798,7288,2654,547,6814,85,6795,1960,4769,2017,1016,36741.85033,1.13174237,0.017923845,5.03E-12
6421,2756,6905,2585,527,6806,66.00000001,6295,2064,4556,2017,428,35003.72782,1.256539004,0.015643888,8.80E-13
6422,2790.195931,7837.656313,2805.406699,678.5660998,7156.51355,67.80196858,5257.255679,2356.071093,4741.897175,1919.404197,168,35778.76,1.01E-09,0.008705431,3.21E-12
6423,2868.776466,10046.9487,3423.978918,647.8967793,7396.961317,70.437077,3740.209732,2452.720585,5774.025865,2142.913573,901,39465.86,5.67E-10,0.009010701,-4.97E-12
6424,3142.787627,12121.20536,4131.98266,831.8391382,7902.887153,76.19412926,1966.636328,2721.754982,6668.565979,2293.673518,1046.503124,42904.03,2.43E-10,1.30E-09,-8.57E-12
6425,3278.022092,13930.59481,4506.224309,882.2363024,8351.330103,102.3613066,390.2406767,3105.549744,7127.849223,2386.158387,1141.45305,45202.02,1.83E-10,4.86E-10,6.95E-12
6426,3334.064028,15330.501,5085.384346,1023.013669,8522.463866,108.3824533,11.54485373,3346.594069,6938.39809,2435.532564,1138.741063,47274.62,1.54E-10,5.29E-10,-6.20E-12
6427,3252.557736,13852.84577,4827.065336,972.6480052,8247.435765,107.2506038,4.780686405,3407.637549,6494.974171,2425.077404,1084.656971,44676.93,1.47E-10,4.68E-10,-3.47E-12
6428,3199.407438,11085.12822,4162.504859,812.2619958,8294.983637,107.7485653,4.212815316,3586.205122,6309.606235,1700.02329,930.4878189,40192.57,1.71E-10,3.85E-10,-2.79E-12
6429,3153.92641,7907.565634,3201.351444,824.0179317,8103.193031,105.5211197,0.018357926,3563.663903,5402.448946,1643.187367,798.7758566,34703.67,2.29E-10,3.30E-10,1.46E-12
6430,2547.493699,6120.668054,1711.931444,517.8099529,8125.233869,105.742088,0.018803684,3494.75796,4754.000322,1643.326923,751.7868857,29772.77,1.61E-10,5.73E-10,-2.40E-12
6431,1814.542751,5173.09641,1220.907009,458.0007333,7811.460591,123.101306,0.014454826,3396.041405,4433.196763,1612.685427,723.8031499,26766.85,1.87E-10,3.05E-09,3.69E-12
6432,1773.012015,5016.46323,896.1951392,401.3323868,7626.495046,125.1589578,0.011802781,3394.983284,4346.153675,1586.56555,720.3089142,25886.68,2.16E-10,1.20E-08,3.64E-12
6433,1787.71994,5164.364495,669.2042258,411.8007871,7601.503762,126.9104807,0.01145306,3367.135934,4257.240666,1576.128733,548,25510.02,1.99E-10,0.000477413,-3.97E-12
6434,1744.586492,4940.980355,685.0703648,402.4837929,7441.007218,124.0496572,0.00908461,3308.137032,4238.851018,1573.681274,638,25096.85,2.22E-10,0.00628868,-5.03E-13
6435,1720.747821,4780.472145,778.1991591,403.9264851,7598.633946,122.8731548,0.011449232,3399.408263,4488.473045,1167.530811,766,25226.27,2.01E-10,0.006279302,4.59E-13
6436,2028.801614,5443.2743,871.7707826,465.2946471,7931.398173,130.6079125,0.0162264,3471.227145,4748.165458,1401.277812,854.5759293,27346.41,2.30E-10,3.03E-09,3.97E-12
6437,2980.870796,7391.19613,1525.10623,613.3958061,8589.398032,134.7835853,0.562324131,3809.280567,5962.844509,2321.530846,853.9511746,34182.92,1.53E-10,3.36E-10,-1.19E-12
6438,3349.084841,10657.72944,3063.238432,1049.367778,8594.686755,118.4332923,424.0735811,3781.260797,6378.062122,2361.309343,1018.523622,40795.77,1.52E-10,3.42E-10,8.79E-13
6439,3180.335931,11544.35147,3178.567082,737.0324374,7950.792465,104.2552343,1739.79113,3546.319502,6161.714251,2188.564762,1050.545732,41382.27,2.57E-10,9.85E-10,-5.78E-12
6440,3458.211497,11961.06876,3561.793831,1037.945796,8804.706113,129.3493484,3734.674075,770.306525,3751.574523,1767.583455,1106.756079,40083.97,1.30E-10,2.44E-10,-3.06E-12
6441,2868.505093,8519.147439,3246.061757,709.1857734,7165.956475,124.592432,4820.051002,3157.098044,6132.408747,549.9085506,1024,38316.91,9.72E-10,0.005312681,9.02E-13
6442,2855.01133,8482.992923,3422.181033,676.0419906,7255.459835,125.3587029,5985.154339,1678.049354,4663.671786,1128.923417,1023,37295.84,9.26E-10,0.004711599,1.54E-13
6443,2751,7041,3296,583,6803,120,6275,2849,6018,799,1023,37557.80436,0.181155111,0.014482142,-4.74E-12
6444,2752,7006,3371,589,6797,120,6275,2682,5569,786,1023,36969.32345,0.659657216,0.016889028,3.68E-12
6445,2749,7345,3310,632,6796,121,5730,2283,5283,1965,1023,37234.2341,2.750141598,0.01575889,-1.30E-12
6446,2893.482086,7548.41818,3471.282447,634.7439672,7194.773629,124.5514142,4871.837774,2549.138568,5462.473299,1343.856405,1023,37117.55,7.61E-10,0.0077687,-4.84E-12
6447,3007.029485,10122.20748,4318.654277,938.0582232,7485.795879,128.9678855,3474.371167,2557.630303,5691.302717,2002.47773,1051,40777.49,3.31E-10,0.005147694,-6.44E-13
6448,3154.239326,12526.70456,5272.153366,1516.600018,7893.445619,133.8474045,1903.789399,2673.881007,5608.698722,2073.168554,1108.852024,43865.38,2.57E-10,1.08E-09,9.27E-12
6449,3251.660174,14117.42701,5605.092861,1944.336325,8194.449808,139.638916,356.8416953,2582.213619,5268.94453,2308.887109,1128.007948,44897.5,2.35E-10,4.45E-10,-1.13E-11
6450,3299.617365,15334.02672,5734.747681,2704.962921,8331.997278,139.4030422,13.19586556,2479.713271,4939.322815,2355.495495,1159.05755,46491.54,1.92E-10,3.71E-10,-2.44E-12
6451,3280.00265,14839.6387,5657.663359,2014.770018,8171.480807,140.4640944,4.494120481,2264.826746,5015.720087,2362.284433,1065.084988,44816.43,1.73E-10,7.22E-10,-3.19E-13
6452,3260.21833,12829.57016,5225.018987,1214.493921,8111.514071,136.5673922,2.22561438,2191.484002,5105.994922,2171.435655,1017.566949,41266.09,2.02E-10,6.06E-10,3.87E-14
6453,3168.066533,10482.55295,3325.095655,799.4747142,8114.245727,136.711113,0.01886088,1998.517339,5312.479282,1845.635801,884.50203,36067.3,2.12E-10,6.63E-10,-1.08E-12
6454,2176.777599,8592.194824,2742.429307,526.8145551,8109.888258,135.4543188,0.018755241,1846.695789,4750.080877,1744.073005,818.202711,31442.63,1.54E-10,4.57E-10,2.69E-14
6455,1945.694564,6734.782929,2573.434202,501.9101964,8184.932126,137.1924668,0.019941462,1686.688768,4160.970933,1694.233025,730.3808475,28350.24,1.48E-10,7.91E-10,-6.52E-13
6456,1915.072165,6457.650248,2415.008209,478.7679827,8053.832141,135.7656374,0.018072996,1493.266151,4170.237627,1674.67978,780.8419852,27575.14,1.59E-10,6.37E-10,4.30E-12
6457,1872.500625,6315.444122,2518.567117,444.9970166,7888.177609,133.846942,0.015667003,1404.949085,3978.196562,1635.499757,757.5154975,26949.71,1.68E-10,3.23E-09,-2.89E-12
6458,1840.78311,5976.445044,2267.064094,404.5369278,7757.190804,132.2701615,0.013794568,1451.818342,4215.972206,1651.649949,717,26414.74,1.69E-10,0.004432299,-4.61E-12
6459,1887.737053,5804.02434,2145.533859,420.9797455,7929.972637,134.3509185,0.01636142,1669.076279,4179.772532,1632.95929,546,26350.42,1.90E-10,0.003014352,4.06E-12
6460,1979.210209,6511.148264,2283.756406,500.9404316,8244.683777,137.1043144,0.020884389,1847.112064,4117.90523,2163.044459,643.6039608,28428.53,2.12E-10,5.34E-10,6.15E-13
6461,2220.547155,9325.853369,3845.695846,558.8652327,8595.761789,141.168698,1.129710159,1988.712102,4643.12852,2452.901937,1098.675641,34872.44,1.44E-10,2.80E-10,4.71E-12
6462,2555.540667,12556.48989,4740.590815,836.4687861,8444.95706,139.9239622,342.2255098,1962.2157,5568.190358,2426.670645,1137.946602,40711.22,1.68E-10,5.07E-10,2.38E-12
6463,2544.633592,12928.94252,4783.792149,817.1946121,7883.653615,134.1874434,1734.889137,1935.309772,5241.181933,2278.451172,725.5440562,41007.78,2.72E-10,1.37E-09,6.78E-12
6464,2401.65606,11559.74591,4392.015013,860.8269816,7355.354975,128.1444564,3361.136359,2028.803668,4922.212841,2101.717195,733,39844.61,5.68E-10,0.003459677,2.33E-12
6465,2226,9765,3998,623,6794,121,4980,1879,4349,2027.328179,919,37681.31366,1.35E-08,0.014514091,3.31E-12
6466,1255.90617,8177.218793,2957.999072,632.427323,6801.04424,121.0380256,6386.937885,1863.111428,4788.127263,2017,860,35860.8,0.00020044,0.009998623,6.17E-14
6467,2219,7496,2925,710,6794,121,7020,1827,5226,1517,860,36714.77414,0.210577705,0.015283478,-1.17E-12
6468,2219,7705,2846,846,6786,121,7050,1695,5091,1814,859,37031.00796,0.973623438,0.018416314,-1.37E-12
6469,2209,7678,2897,832,6790,121,6460,1621,5118,2017,686,36428.98098,0.004902632,0.014121053,2.86E-12
6470,2225.608445,8561.760547,3229.720792,937.0629945,6900.422408,122.3008804,5297.926883,1478.239334,4850.729198,1841,826,36270.76,0.001129003,0.010353367,4.00E-12
6471,2402.175759,11208.35515,4443.48233,957.1342336,7383.261798,128.0897345,3735.720863,1633.096446,4903.615867,2052.06105,1032,39878.99,3.92E-10,0.00323389,-3.99E-12
6472,2573.31297,13972.74349,5400.706678,1363.583376,7884.941764,134.468221,1907.363444,2005.648162,4801.735493,2186.05376,1074.43264,43304.99,2.20E-10,8.37E-10,-2.43E-12
6473,2721.250292,15820.49812,5859.691111,1419.648241,8351.133261,140.4914335,336.270746,2474.212302,4611.389266,2368.053563,1165.811663,45268.45,2.05E-10,3.84E-10,-3.46E-13
6474,2766.269979,16745.67416,5799.53842,2067.980395,8469.70331,142.0817717,7.210205032,2941.240985,4251.555003,2515.625731,1185.870043,46892.75,1.42E-10,3.01E-10,-6.54E-12
6475,2756.484921,16290.9023,5318.032086,1649.129932,8397.651063,141.2331125,5.695295963,3216.485499,4263.624943,1995.664448,859.2364052,44894.14,1.39E-10,2.87E-10,-1.14E-11
6476,2689.217053,13881.64886,4953.903346,1220.765515,8179.727646,138.3898254,4.319445701,3171.572506,3792.774247,1854.574396,977.4871625,40864.38,2.08E-10,6.08E-10,-7.73E-12
6477,2704.372476,11221.67894,2783.930704,993.3633616,8224.165866,138.9125571,0.020541923,3440.626653,3909.289193,1818.25855,867.021161,36101.64,1.91E-10,4.00E-10,5.06E-12
6478,2256.607724,8710.284095,1147.532452,755.7670003,8319.50496,139.9788691,0.021991737,3724.947457,3764.742862,1840.982851,855.3697378,31515.74,1.32E-10,3.17E-10,2.13E-12
6479,1941.106652,7716.20279,809.82544,702.7923705,8072.707293,136.750132,0.018464399,3292.1627,3497.261522,1738.028222,824.0744134,28730.93,1.62E-10,5.05E-10,2.51E-12
6480,1948.44532,7569.295173,804.1941617,655.6154446,8087.643772,137.0162358,0.018710556,2935.270888,3160.388846,1746.753159,788.7682893,27833.41,1.54E-10,3.19E-09,2.09E-12
6481,1903.570162,7965.557661,770.6786636,655.7559274,7923.680551,135.0131762,0.01631336,2620.499621,2952.584281,1699.765277,803.6683657,27430.79,1.67E-10,1.02E-09,5.74E-12
6482,1912.218273,7939.273189,765.9202062,667.7416527,7932.627748,135.1055863,0.016440078,2464.848283,2670.219649,1730.323102,785.2758699,27003.57,1.56E-10,2.22E-09,-4.36E-12
6483,1907.752211,7836.588033,764.0252643,696.4506553,7905.136737,134.6684268,0.015986464,2498.203071,2732.882089,1713.282564,772,26961,1.84E-10,0.005038735,4.29E-12
6484,2123.36668,8465.109976,1141.951709,749.8458046,8566.137849,143.0364372,1.025683493,2602.994559,3090.003421,958.9889016,1050.258979,28892.72,1.60E-10,3.02E-10,3.37E-12
6485,2532.650521,11553.15129,2209.488134,1053.612783,8694.940578,144.5304574,0.110084011,2613.182847,3184.558185,2336.354745,968.310374,35290.89,1.47E-10,2.47E-10,6.37E-12
6486,2807.2816,15889.57518,3072.168853,1580.35609,8616.871592,143.0167782,244.6220204,2618.485669,3035.062024,2485.472087,1192.978111,41685.89,1.46E-10,2.80E-10,2.89E-12
6487,2705.121594,15759.48688,3529.641838,2023.974005,8210.714428,138.7563085,1468.479757,2507.779955,2699.943816,2370.069003,1002.042411,42416.01,1.97E-10,4.44E-10,1.38E-11
6488,2546.506785,15041.57756,3555.21059,1591.666333,7727.434003,133.253643,3077.645514,2218.467648,2407.701637,2234.924114,856.1521754,41390.54,3.10E-10,2.19E-09,-2.03E-12
6489,2366.467523,14102.18957,3050.919048,1124.815804,7204.400635,126.5935032,4655.586307,1927.862996,2022.960464,2021.340456,981,39584.13,7.46E-10,0.006310633,1.50E-13
6490,2297.693598,12784.32605,3037.971502,641.3248929,6996.266925,123.500299,5817.637349,1746.612926,1943.615345,2017,973,38378.94,0.000301151,0.008585603,1.35E-12
6491,2301.128668,12421.61621,3146.991293,546.7853454,6949.998336,123.8920885,6181.211088,1623.218794,1977.694988,1581.0513,1023,37876.58,3.78E-09,0.008109897,5.73E-12
6492,2257.733696,12002.82352,3071.238449,716.0113672,6815.437539,121.2308461,6112.602257,1421.02926,1900.811622,1564.260754,1023,37006.17,8.49E-07,0.009305838,-9.04E-12
6493,2238,11468,3092,730,6800,121,5740,1396,1831,2006,1025,36446.98838,0.001055363,0.010564419,-3.69E-12
6494,2348.399941,11716.9329,3010.641134,786.7294255,7110.770355,124.9288116,5051.479316,1429.275691,2009.048823,2121.620746,1025,36734.82,7.22E-10,0.007146339,3.34E-13
6495,2492.952788,14017.82822,3390.18021,887.3518962,7540.599011,129.4703267,3770.396356,1562.547518,2283.597616,2246.148257,1085,39406.07,3.18E-10,0.002202361,-1.02E-12
6496,2625.763964,17108.74773,3857.271304,1058.189088,7953.924092,139.128716,2001.177512,1732.868752,2452.369955,2329.628963,1159.429923,42418.5,2.28E-10,5.01E-10,-9.24E-13
6497,2762.03763,19577.53974,4485.327499,1105.354904,8339.468559,143.5082869,322.3291079,1813.06349,2477.477415,2394.171443,1188.101923,44608.38,1.90E-10,3.44E-10,-3.09E-12
6498,2770.490368,20640.88696,4587.214829,1691.373678,8346.069834,144.6324943,6.152527065,1799.269249,2535.315912,2456.347875,1193.286271,46171.04,1.62E-10,3.28E-10,-2.69E-12
6499,2726.723111,19776.36199,4178.34796,1236.63905,8176.23698,139.446241,10.76691155,1526.899259,2509.271084,2459.568706,1118.648708,43858.91,1.52E-10,3.72E-10,-7.24E-12
6500,2716.544099,17648.03215,3469.73538,1013.791577,8138.35183,138.7950467,4.39067062,1274.533026,2610.873306,2352.060926,1094.381991,40461.49,1.82E-10,4.90E-10,5.46E-12
6501,2265.238889,15280.86889,2728.090422,916.8199974,8258.156359,140.29674,0.021181932,1213.782363,2670.979087,1977.277737,907.2683325,36358.8,1.76E-10,9.89E-10,6.66E-12
6502,1391.355912,12813.05334,2340.153021,717.4198046,8239.125497,139.9698987,0.02103093,1159.839224,2687.855327,1916.695542,877.0314035,32282.52,1.38E-10,5.14E-10,3.24E-12
6503,1364.024742,10420.85277,1634.511805,708.9325704,8312.798358,139.7161675,0.022128134,1045.62323,2914.439881,1835.298069,813.3502768,29189.57,1.29E-10,6.79E-10,-1.04E-13
6504,1339.352581,9674.795953,1520.809294,583.2037442,8207.289219,139.3570406,0.020487769,937.9699071,3089.025128,1748.857841,790.338805,28031.02,1.40E-10,6.39E-10,-4.17E-12
6505,1288.267901,9145.898473,1480.489154,508.0926033,7996.444008,136.7516945,0.017540863,829.161234,3402.478738,1686.453734,774.9049195,27248.96,1.58E-10,1.11E-09,3.07E-12
6506,1235.025077,8629.489518,1361.943787,552.1415441,7747.620307,133.5137938,0.013950718,811.5251696,3590.255244,1687.464185,749,26497.99,1.70E-10,0.002576309,-5.30E-12
6507,1207.502812,8158.626688,1435.36862,511.9597666,7650.3464,132.1148703,0.012432741,871.30189,3875.623755,1664.007415,748,26254.86,2.02E-10,0.004649052,8.09E-12
6508,1256.086756,7769.235846,1474.695146,561.4361913,7806.111097,134.2832221,0.014808498,1042.687547,4121.597144,1928.97308,873,26968.12,2.39E-10,0.000838226,8.13E-13
6509,1325.010036,9119.011598,1887.595394,598.7575617,7978.868127,135.3936992,0.03447637,1264.311801,4512.570768,2136.117899,914,29871.67,1.97E-10,0.00136051,-1.13E-12
6510,1378.674616,11178.80873,2225.588579,762.2203273,8078.398656,137.295747,320.1827605,1354.280006,4659.013096,2237.742019,1002.875463,33335.08,2.13E-10,1.56E-09,-1.01E-11
6511,1273.20704,12452.32918,2246.177396,795.003799,7710.544972,133.0007321,1821.68413,1218.187528,4751.091848,2128.814095,971,35501.04,3.36E-10,0.00072225,9.85E-13
6512,1150.311206,12044.63773,2119.347871,780.7836822,7312.15379,128.0390688,3554.908109,1113.572753,4710.543409,1845.395771,509,35268.69,5.43E-10,0.003390408,-2.23E-12
6513,994,10799,2104,696,6802,121,4950,1019,4118,1615,851,34068.98559,0.000949422,0.013456264,-2.23E-14
6514,994,9448,1739,649,6790,121,6180,1150,3855,1614,826,33365.97466,0.006725337,0.018610192,-6.40E-12
6515,992,8394,1846,557,6794,121,6675,1210,3778,1614,822,32802.6946,0.285903382,0.019494132,-1.21E-12
6516,994,7382,1914,602,6796,121,6645,1278,3678,1712,752,31873.00386,0.976351658,0.019791964,-3.62E-13
6517,986,6636,1918,551,6800,121,6190,1249,3683,1842,743,30718.97813,0.004456659,0.017411933,3.38E-12
6518,986,6823,1739,546,6802,121,5105,1245,3720,2016,357,29459.98941,0.000175112,0.010414272,3.85E-12
6519,1079.965893,9020.899979,1942.774889,695.1782642,7090.295504,124.914223,3647.904902,1445.033115,4092.547734,2073.551999,652,31865.06,1.58E-09,0.006502483,4.78E-12
6520,1226.623589,12510.28622,2759.094077,861.1476544,7588.558719,131.8532918,1788.781042,1569.18952,4833.625775,2248.57187,1094.438238,36612.17,3.16E-10,4.51E-09,-1.23E-11
6521,1374.492847,15298.08141,3151.94656,1041.082589,8044.337421,138.381867,269.2272094,1781.866524,5025.688647,2286.056863,1148.798066,39559.96,2.73E-10,6.81E-10,-5.05E-13
6522,1377.086024,15930.82801,3391.471927,1458.745868,8056.314794,139.5364064,5.995758093,1736.76017,5088.250122,2373.593244,1143.567676,40702.15,2.02E-10,7.55E-10,-3.48E-12
6523,1328.270564,15402.15291,3212.88732,1126.739962,7891.077364,136.317903,5.659007367,1654.683719,4764.408684,2266.655684,1078.456882,38867.31,1.85E-10,7.47E-10,6.76E-12
6524,1312.788964,13830.11648,2824.048198,719.6212649,7842.480005,135.4779253,4.366143527,1842.72853,4406.91457,2160.983371,1008.744549,36088.27,2.59E-10,1.17E-09,-5.11E-12
6525,1339.356222,12310.47349,1791.60424,699.3778992,7968.707622,137.3144286,0.017191179,2185.196918,3811.955224,1822.069914,886.2568501,32952.33,2.39E-10,3.19E-09,5.24E-13
6526,1314.173827,10102.48417,968.0336138,601.3503894,7984.958606,137.6314911,0.017543767,2276.664598,3501.575939,1665.091102,835.6387175,29387.62,1.84E-10,4.78E-10,-3.64E-12
6527,1241.19077,7816.404084,889.9000358,431.9534601,7848.607189,135.9929805,0.015472632,2261.72114,3737.421587,1614.383867,804.7794139,26782.37,2.26E-10,1.27E-09,-2.31E-12
6528,1236.036681,7063.090585,842.3678373,403.8119884,7859.422546,136.1186759,0.015522255,2205.583494,3638.171237,1445.791918,807.0995155,25637.51,1.87E-10,9.71E-10,-1.65E-12
6529,1200.308742,7050.679496,781.9133809,380.974266,7704.669157,133.9711198,0.013290082,2052.340356,3524.229771,1419.970549,729.3598734,24978.43,1.88E-10,2.07E-08,-5.56E-12
6530,1237.560326,7687.591507,808.6624782,389.9217565,7821.304955,135.815635,0.015195523,1222.601415,2808.125787,1461.404476,728.87647,24301.88,1.60E-10,1.67E-08,4.22E-12
6531,1139.001137,7075.44123,740.2162116,362.2788141,7405.993167,129.7545899,0.00900678,1888.17964,3200.653831,1392.137078,724,24057.66,2.18E-10,0.004706441,1.95E-12
6532,1162.203787,6938.317656,735.3904411,365.0182197,7466.831148,130.6045436,0.009850814,1770.183743,3615.079365,1578.917422,720,24482.55,3.09E-10,0.006176831,-3.23E-14
6533,1291.303826,7726.472301,1002.969723,442.2284175,7919.941283,137.0903202,1.049712627,1827.605539,3708.153148,1969.075226,383.4205049,26409.31,1.76E-10,9.89E-08,-1.40E-12
6534,1302.60031,8895.439683,1321.38774,509.16011,7861.039668,135.8959365,221.5436306,1956.810842,3692.483283,2050.669143,880.1196537,28827.15,2.02E-10,6.33E-08,1.73E-12
6535,1292.254344,10083.31904,1496.553769,601.7768584,7780.533817,134.6905217,1230.502459,1987.540891,4172.397917,2132.599817,929.1005641,31841.27,2.18E-10,2.18E-08,-2.06E-12
6536,1253.291813,10428.48782,1634.802033,778.6677952,7640.470704,133.1894963,2354.841021,1981.051168,4698.806538,2100.471726,926,33930.08,2.28E-10,0.000110694,4.35E-12
6537,1158.819019,10252.38256,1639.495637,692.6826848,7331.067429,128.8382401,3261.59064,1973.263106,4844.962553,2021.233627,994,34298.33,2.93E-10,0.005497356,2.51E-12
6538,1151.494758,10395.99655,1555.503508,710.56037,7314.434276,128.4457411,3653.609188,2027.720012,4958.877828,1956.289772,960,34812.93,4.71E-10,0.002005848,1.55E-12
6539,1135.252342,10683.26263,1699.90958,627.2308371,7264.601817,127.7143246,3679.5934,2082.213761,4943.64224,1960.650326,925,35129.07,3.47E-10,0.001260321,1.84E-12
6540,1151.649384,10715.7798,1715.326529,611.8286301,7330.251895,128.7655715,3249.33584,2056.285867,4829.809677,1877.198321,925,34591.23,3.24E-10,0.001513802,-1.36E-13
6541,1156.478008,10832.43269,1699.444941,622.8088621,7361.233217,129.0903843,2830.307661,1988.023327,4547.545655,2070.786307,1024,34262.15,3.08E-10,0.001048371,1.76E-12
6542,1175.065265,11077.48621,1947.741319,532.5157811,7456.609778,130.4181637,2410.769285,2235.952297,4729.236502,2200.876452,1019.078944,34915.75,2.80E-10,1.38E-09,1.51E-12
6543,1267.560579,11975.51008,2172.161643,673.8126186,7709.539382,133.0195829,1999.00078,2387.53875,5103.611073,2308.778788,1102.106727,36832.64,2.43E-10,3.05E-09,5.09E-12
6544,1369.419531,13634.87174,2696.141901,772.9698139,8088.146177,138.3759806,1035.483041,2750.131189,5395.208009,2368.097215,1177.785403,39426.63,2.01E-10,4.40E-10,-1.49E-13
6545,1430.936669,14853.3823,2895.578076,912.5712809,8277.536297,142.5711391,147.1127971,3106.717428,5644.728575,2354.978524,1183.316909,40949.43,2.13E-10,4.14E-10,-8.94E-12
6546,1412.242049,15452.17509,2996.695844,1117.974247,8238.432615,140.9120321,3.184098887,3315.221458,5680.977204,2407.900526,1163.474835,41929.19,1.83E-10,5.30E-10,-2.15E-14
6547,1429.772027,13810.62972,2899.975672,986.2932258,8233.500634,140.9196954,2.907716351,3469.317738,5984.472458,2212.200092,1020.501017,40190.49,1.70E-10,3.74E-10,8.81E-12
6548,1424.051078,12244.12912,2054.713325,941.4133928,8185.880549,141.2103577,2.531851518,3622.568837,5420.666298,1961.401073,885.7241168,36884.29,1.78E-10,5.98E-10,1.05E-11
6549,1410.186595,9459.219622,1696.141711,828.90276,8362.12559,143.5070517,0.022780417,3832.290085,4920.260274,1679.98242,300.6411109,32633.28,1.84E-10,2.52E-10,-3.39E-12
6550,1302.940978,6548.597922,1505.890731,544.7591393,8164.227164,140.9377046,0.020200309,3769.901781,4348.520384,1713.073889,194.8001066,28233.67,1.55E-10,2.88E-10,3.89E-13
6551,1231.354129,5065.957386,1402.563972,418.8833755,7915.489422,137.66647,0.016534197,3502.135454,4103.530847,1678.368126,435.8142851,25891.78,1.73E-10,1.42E-09,7.80E-14
6552,1184.409322,4980.006798,1438.999339,397.7725885,7907.18675,136.5439271,0.016347754,3355.29281,4300.510076,1457.561969,475.8700735,25634.17,1.77E-10,5.24E-10,7.70E-13
6553,1223.79366,5130.766621,1557.278467,466.7510288,7941.144924,137.830293,0.01658157,3166.952859,4172.472514,1469.737745,460.3753064,25727.12,1.66E-10,7.46E-10,1.16E-12
6554,1220.439577,5567.318969,1518.384434,467.8792713,7771.876789,135.4287194,0.014229507,3128.097211,3832.6545,1476.530757,422.15,25540.77,1.64E-10,0.004456574,-5.58E-12
6555,1294.99065,5397.355107,1397.593667,490.3027419,7833.283699,136.4052303,0.015237617,3305.630682,3832.744741,1528.995287,522.26,25739.57,2.00E-10,0.007043861,1.15E-12
6556,1462.640241,6166.052275,1737.592562,530.392559,7920.194129,136.6934781,0.016479248,3284.637502,3649.076721,2200.950225,915.3038287,28003.55,2.89E-10,5.75E-10,-1.58E-12
6557,2246.059476,9768.227706,2657.736665,774.7067642,8980.089152,153.3510872,0.096092338,3509.744963,3788.054797,2522.21872,959.9845769,35360.27,1.24E-10,1.85E-10,-3.14E-12
6558,2946.599712,15668.32673,2878.641948,1412.627099,8852.575306,151.021211,337.0122431,3280.153018,3518.011949,2492.87003,1236.440749,42774.28,1.42E-10,2.28E-10,1.11E-12
6559,2998.520954,16959.51128,2796.216705,1507.608073,7974.358544,153.1344599,1966.41613,2948.941533,2865.878734,2341.718169,1126.465422,43638.77,2.13E-10,9.77E-10,2.92E-12
6560,3039.05161,16074.85215,2504.55606,1127.618081,7431.627426,133.5752457,3829.278683,2719.901939,2320.25249,2159.489985,1094.546334,42434.75,3.75E-10,5.59E-09,-1.66E-12
6561,2901.725903,14599.56872,2130.632419,905.2603071,6986.147829,127.0625635,4956.852935,2616.335431,2210.108077,2021.308186,1085.78,40540.78,1.38E-09,0.002374844,-3.82E-12
6562,2822.562852,13926.91895,2064.74667,748.9161613,6858.483306,124.7900171,5634.388167,2595.63349,2337.241052,1961.521064,1025.13,40100.33,4.32E-09,0.00173004,4.62E-12
6563,2871.33924,14181.08052,1777.636757,631.936501,6759.855462,123.3946658,5656.23966,2401.979524,2484.993544,2042.70825,1024.58,39955.74,3.28E-09,0.004128731,2.00E-12
6564,2919.761827,14288.68349,1761.667768,648.3378996,6889.483765,125.2745723,5165.357964,2133.640139,2683.570023,2066.675206,1024.54,39706.99,1.54E-09,0.002650115,6.18E-12
6565,2957.742204,14632.9857,1826.442291,555.4044389,6995.814698,126.7002658,4528.135426,1926.49794,3012.321745,2136.198967,1024.57,39722.81,6.48E-10,0.003675898,5.52E-13
6566,3072.806281,14674.11802,1988.39813,780.9120047,7358.960401,131.1823145,3715.45813,2069.850409,3545.619951,2266.926142,1034.118217,40638.35,2.73E-10,5.36E-09,-1.04E-11
6567,3217.10643,16846.95552,2575.486356,1201.763179,7782.907663,138.4057036,2506.905149,2001.936193,4315.152496,2392.034739,1152.476575,44131.13,1.87E-10,5.86E-10,5.09E-12
6568,3349.083896,18046.70204,3010.275238,1840.446907,8122.425237,143.6586132,1205.46661,2271.677668,5108.294622,2447.056963,1216.342202,46761.43,1.63E-10,2.97E-10,-1.60E-12
6569,3435.239894,19253.84439,3309.662279,1785.528623,8374.741448,147.9901073,174.2226805,2455.911886,5823.719662,2454.865957,1243.873078,48459.6,1.63E-10,2.43E-10,1.89E-12
6570,3420.176548,19758.09786,3529.651142,1581.78909,8351.870391,146.6465539,5.401084628,2486.825077,5960.915964,2483.480151,1250.466139,48975.32,1.53E-10,2.34E-10,-8.36E-12
6571,3354.815201,17904.58743,3068.299891,1114.800289,8119.848494,143.1346152,2.944270007,2491.165672,5560.105173,2523.558699,1142.440262,45425.7,1.33E-10,3.08E-10,2.42E-12
6572,3344.472499,15085.77545,2396.756489,755.3630415,8106.511885,142.7811934,1.555097306,2643.435582,5300.857409,1692.839255,1098.7821,40569.13,1.75E-10,2.76E-10,-1.16E-13
6573,3290.047544,11232.88279,1692.85636,714.8492878,7965.407923,140.5331095,0.020012777,2505.657079,4739.186608,1678.421056,848.6082254,34808.47,2.05E-10,2.77E-10,5.24E-12
6574,3088.376448,7884.749328,936.1706126,526.0244901,7581.668748,135.757362,0.014383394,2263.258302,4624.653655,1761.00498,680.2916907,29481.97,2.01E-10,1.03E-09,3.21E-12
6575,2072.748773,5957.016923,889.1658331,443.4458632,7293.577544,130.8762597,0.010397954,2681.406569,4609.958649,1668.454793,468.21,26214.87,3.45E-10,0.001605452,1.63E-12
6576,2190.69976,5697.370839,1007.760462,388.231402,7906.566344,140.2186698,0.019255876,3240.363603,5128.077392,278.039494,728.7627785,25546.11,1160,5.28E-10,1.14E-12
6577,2146.145388,5600.213044,960.8693862,375.6711267,7689.676254,137.8790879,0.016014315,3241.375137,5018.470468,279.9898644,319.5742303,25102.88,667,1.88E-09,3.87E-12
6578,2088.988837,5805.996262,1047.732129,360.4109755,7404.865055,133.5793455,0.011946197,3156.903148,5006.265416,268.7876024,0.090000005,24582.63,691,0.000716614,1.82E-12
6579,1968.477369,5379.880011,939.007243,330.1558533,6926.823106,125.0630963,0.004826594,3257.883855,4822.601502,336.3742841,104.1,24190.36,4.64E-10,0.0111473,-9.26E-13
6580,2542.391123,5788.442622,874.1328039,403.280904,7638.969322,136.2198573,0.015432785,3513.516143,5243.89878,180.4633097,443.399703,26356.73,408,6.68E-10,1.65E-12
6581,3200.877269,8601.169875,1314.619406,492.8200183,7768.613395,138.1515884,0.051960654,3772.436088,5423.551813,1375.701768,942.9268192,33030.92,2.82E-10,1.00E-09,4.85E-12
6582,3363.943392,12823.66674,2316.858512,861.3269698,8090.795594,144.1884823,109.2796788,3974.375164,5550.627554,2186.110482,1077.467431,40498.64,2.16E-10,3.32E-10,-2.49E-12
6583,3337.875992,14133.34961,2577.42595,802.6018551,7804.19817,143.8908689,791.145576,4092.920032,5966.407661,1770.912125,925.8121614,42346.54,2.23E-10,3.77E-10,-3.36E-12
6584,3314.369747,13341.72783,2670.682779,718.4504468,7661.609529,141.5242786,1890.190782,4084.513454,6661.346808,803.6392374,935.5751037,42223.63,2.26E-10,5.83E-10,-8.66E-12
6585,3176.776873,12274.6359,2565.528034,654.880517,7259.677309,136.641565,2729.724857,4069.914432,6688.491307,425.2010458,907.6581584,40889.13,3.92E-10,1.61E-09,-1.23E-11
6586,3075.572676,11873.79971,2414.176817,603.9656223,6920.097949,131.1207464,3420.514123,3868.348865,6821.473103,362.8453026,873.6150864,40365.53,6.42E-10,6.83E-08,-7.05E-12
6587,3051.902422,11584.538,2425.696253,605.9055942,6982.194608,129.1010949,3526.704628,3616.002074,6356.278242,755.3601692,871.69,39905.37,5.91E-10,0.003080004,1.29E-12
6588,3025.077261,11218.31814,2356.436894,576.6208867,7001.501106,130.2712805,3592.255416,3557.737901,6018.319255,752.2433866,872.19,39100.97,6.61E-10,0.001525692,-6.73E-12
6589,3015.523984,11123.67686,2344.479103,580.6340496,6828.708174,130.4381091,3492.707494,3509.856293,6201.655715,344.5054425,1027.004773,38599.19,5.25E-10,2.17E-08,6.54E-12
6590,2977.48539,11683.78214,1928.523627,617.1061996,6709.629596,128.7801199,2791.419053,3099.988345,6440.646436,1520.512141,1024.06,38921.93,7.91E-10,0.00304602,5.19E-12
6591,3152.048561,13594.89393,2127.544827,773.7127606,7151.207365,135.5383487,1895.704845,3317.215003,6778.278381,2169.690062,1114.505915,42210.34,2.54E-10,1.54E-09,-1.57E-12
6592,3291.747574,15857.62793,2378.248173,804.6972525,7494.714779,141.286582,885.1424282,3286.442192,7047.325491,2387.265731,1180.501866,44755,1.90E-10,4.27E-10,1.09E-12
6593,3367.557851,16920.60414,2631.716361,1293.368975,7744.313357,144.9984668,122.7820914,3275.713839,7438.714728,2424.477094,1202.1631,46566.41,1.75E-10,2.88E-10,-4.32E-12
6594,3393.622509,17912.94885,2676.503338,2265.006379,7734.08275,144.7794529,4.279690056,3251.615235,6790.649266,2428.522323,1220.190203,47822.2,1.73E-10,2.92E-10,-1.21E-13
6595,3395.823251,16798.2292,2613.41252,1631.149185,7748.134353,144.7710114,3.021485006,3539.77091,6392.298433,1579.635068,1153.514585,44999.76,1.38E-10,2.78E-10,6.51E-12
6596,3346.037701,15299.43034,2310.613081,1235.507904,7444.979429,142.2920389,2.565681439,3290.013405,5854.710963,1186.485537,1123.65392,41236.29,1.75E-10,3.54E-10,1.30E-12
6597,3220.650496,12097.7163,1737.896237,955.2982719,6971.095657,135.8693146,0.01491477,2902.097228,5171.511243,1966.35211,916.6582319,36075.16,2.80E-10,7.15E-10,2.25E-12
6598,3279.292418,8922.064422,1016.078609,731.1072133,7251.122115,140.2590741,0.019040483,3003.218064,4648.464731,1758.742002,797.4723108,31547.84,1.54E-10,3.61E-10,-5.16E-12
6599,3248.380725,7287.780387,838.2813879,594.5698618,7242.526808,140.982699,0.019356734,2895.697775,4082.520564,1735.290835,773.8096,28839.86,1.62E-10,5.53E-10,-1.80E-12
6600,3279.015544,6738.471823,853.6601035,606.0818837,7488.405346,143.373369,0.021482876,2643.026144,3764.581484,1763.390025,769.0627946,28049.09,1.25E-10,6.38E-10,7.92E-13
6601,3233.956012,7548.631857,753.6449765,583.1138135,7326.978382,140.1625023,0.01846383,2559.758867,3289.19707,1695.551827,761.5562291,27892.57,1.55E-10,7.10E-10,9.14E-13
6602,3176.948337,8082.78169,804.6614147,430.6096026,7124.72319,136.8901856,0.01548138,2123.928509,3231.196612,1708.847618,736.2173595,27556.82,1.50E-10,2.57E-09,5.28E-12
6603,3149.843855,8150.335314,787.1480936,424.3249714,7001.766759,135.8463625,0.013645554,2107.349586,3088.50981,1987.90229,893.27,27726.31,2.05E-10,0.000687535,-1.80E-13
6604,3246.812239,9411.385027,964.283556,513.0899492,7320.390005,141.1145185,0.018453687,2070.788028,2997.831032,2224.044938,1032.482252,29922.24,2.47E-10,4.74E-09,1.17E-12
6605,3504.969098,12673.261,2409.111452,817.2827363,8059.472746,153.0344691,0.088411598,2208.150913,3227.593017,2506.972776,1181.713382,36741.65,1.27E-10,1.96E-10,-1.04E-11
6606,3519.814913,18494.8687,3141.873842,1304.896411,7930.883752,150.4966863,168.5833183,2216.783867,3323.391724,2526.678518,1243.008264,44021.28,1.34E-10,2.23E-10,-9.41E-13
6607,3393.79761,19509.05052,3374.474501,1618.111834,7524.943172,144.3310695,1019.86457,1838.643104,3262.299997,2389.87744,1101.806183,45177.2,1.81E-10,3.16E-10,4.78E-12
6608,3386.597852,19098.66562,3380.776108,1216.200474,7475.068169,143.4052029,2271.369091,1697.807965,3618.827061,1343.342517,993.4499454,44625.51,1.64E-10,3.61E-10,-1.70E-12
6609,3328.943612,18535.47869,3267.695182,960.9604168,7305.425842,140.0101966,3246.378524,1874.870428,3788.233475,251.7785974,702.6250319,43402.4,2.33E-10,4.40E-10,-3.02E-12
6610,3039.929304,18247.62345,3123.914933,874.3272185,6969.082139,134.4160854,3631.07335,1794.524824,4103.436828,258.7126438,469.8392205,42646.88,3.57E-10,8.64E-10,8.02E-12
6611,2959.581012,18503.76368,2792.056821,852.9234193,7103.410504,137.411789,4119.989932,1726.208975,4677.448313,183.5418083,517.0137497,42127.35,1446,1.08E-09,-1.82E-12
6612,2824.391157,17883.03775,2703.61245,688.5869241,6697.4319,129.9712353,3987.90387,1712.949198,4761.65529,124.6616734,568.86,40802.06,1281,0.001443609,-1.59E-12
6613,2692.379159,16774.08141,2502.479715,561.3800323,6319.684903,123.5911986,3771.685776,1575.344802,4732.830253,149.2507837,682.59,39885.29,4.56E-09,0.008036182,3.66E-12
6614,2980.956517,15755.87397,2218.45768,638.6135999,6445.051418,126.6499255,3417.531763,1737.495616,4701.620818,1272.032356,592.84,39887.12,1.01E-09,0.003658145,2.65E-12
6615,3198.726254,16815.21932,2484.993934,732.4361798,6738.103549,137.4626061,2565.472323,1955.445378,5219.2326,2009.069011,843.9188489,42700.08,2.49E-10,3.93E-09,-1.85E-12
6616,3334.016756,18773.51397,2762.809083,1221.382066,7157.673475,141.5372106,1242.498534,2124.026771,5650.86631,1979.093131,972.6026904,45360.02,1.97E-10,4.53E-10,5.00E-12
6617,3377.651278,20446.55543,2998.166329,2072.882213,7330.603779,145.9487331,125.7072387,1966.928617,5563.018195,2004.718947,1171.479239,47203.66,1.91E-10,4.77E-10,1.57E-12
6618,3367.030779,21103.05451,3535.866093,2481.111738,7276.031339,144.1444687,5.119993198,2027.225176,5192.825486,2043.778327,1189.172093,48365.36,1.84E-10,3.95E-10,2.45E-12
6619,3356.006493,19754.53845,3165.350836,1979.211268,7250.331609,143.6564721,2.842616993,2227.97145,4902.117701,1821.1239,1107.919204,45711.07,1.50E-10,4.56E-10,-2.33E-12
6620,3311.309455,17844.87817,2745.149288,955.1056038,7184.08907,142.5923367,2.544636689,2156.056909,4936.865631,1320.607739,1132.441155,41731.64,1.89E-10,3.29E-10,6.06E-12
6621,3241.641431,13653.20161,1811.992993,825.1665637,6929.672418,139.2538152,0.016283511,2023.529401,4899.424768,1938.764004,881.6167137,36344.28,2.62E-10,7.90E-09,-6.68E-12
6622,3227.3715,10053.17934,1093.676648,717.0262295,6970.608212,139.0212471,0.016983257,1904.295519,4871.450596,1852.952011,832.711711,31662.31,1.89E-10,9.00E-10,-4.58E-12
6623,3184.000425,8132.524592,541.7610387,507.0414675,6893.541662,137.9532714,0.015748484,1938.071953,4794.723557,1836.777306,803.4189786,28769.83,1.98E-10,1.67E-08,7.54E-12
6624,3174.035758,7865.871754,565.251789,464.4121227,6876.629537,137.6590721,0.015436252,1869.962613,4567.994969,1846.897921,799.7,28168.43,1.59E-10,0.000972755,2.40E-12
6625,3150.698666,7788.659155,673.0352129,432.8188908,6775.285199,136.9620796,0.01389215,1707.754939,4488.411736,1789.250256,799.7000002,27742.59,2.01E-10,2.60E-05,-3.33E-12
6626,3125.94717,7643.940248,706.7698744,425.5019877,6684.334593,134.2195792,0.012397192,1467.925945,4721.875721,1626.589891,798.79,27335.9,2.11E-10,0.00740675,-3.40E-12
6627,3220.791293,7852.74418,669.6712796,450.1183785,7022.052167,140.0877571,0.017559228,1774.309271,4761.599386,942.0631349,843.77,27677.22,1.80E-10,0.004405424,4.50E-12
6628,3189.31389,8874.613993,889.0288689,515.8869145,6896.198018,137.9091379,0.01562752,1788.000856,4798.147343,1412.041324,854.7640269,29355.92,3.40E-10,5.52E-10,-1.09E-12
6629,3381.721557,13453.85665,1433.980942,827.5143009,7368.680653,146.0243598,0.045536938,1928.583576,4841.582291,1606.129382,744.2107481,35732.33,2.22E-10,2.42E-10,1.81E-12
6630,3415.227161,18509.43161,2418.556828,1191.736271,7356.080814,145.6548619,83.38098299,1949.10785,5068.34154,1400.311343,1087.760734,42625.59,1.73E-10,3.37E-10,-7.98E-12
6631,3487.191091,20024.10844,2757.601018,1203.351857,7514.023341,149.8540638,724.5778143,2236.84286,5193.553165,586.0366192,497.329726,44374.47,1.52E-10,2.60E-10,1.97E-12
6632,3430.054975,20159.78643,2637.931616,882.1575573,7387.857286,146.8062264,1624.328318,2419.35502,5378.847082,305.1406051,351.9748886,43910.24,814,4.31E-10,-3.30E-12
6633,3271.438219,19205.46177,2638.611866,827.5934861,7086.205204,139.823137,2392.667432,2414.997484,5190.407067,174.0042162,562.7801208,42789.99,1114,1.62E-09,-2.05E-12
6634,3206.062928,18619.33212,2471.100084,655.0004175,6952.6521,137.3714104,3189.110835,2435.616297,5022.3665,148.6193482,514.6379591,41971.87,1380,1.42E-09,-6.59E-12
6635,3056.835982,17496.98407,1853.562501,611.5989872,6544.52049,129.5859013,3808.458873,2501.494052,4745.066895,69.56657961,495.02,40270.69,1042,0.004331126,-7.28E-12
6636,2987.16931,15571.18209,1526.720593,604.7178779,6385.238475,126.4216097,4262.195423,2678.688505,4473.779321,41.99552788,509.75,38451.85,716,0.008733989,-6.25E-12
6637,2965.570215,14351.02466,1296.417953,595.1966625,6312.551812,125.0788642,4038.244312,2712.768371,4443.030528,34.42880623,721.19,37567.49,28,0.012180203,1.13E-11
6638,2986.511044,14125.89555,1426.694297,649.5057528,6578.276028,128.7137445,3486.221811,2750.202968,4658.633947,1083.806246,512.04,38386.5,6.30E-10,0.001390185,-1.32E-12
6639,3157.726183,16034.36631,1953.160021,738.0042735,7057.388272,137.5908552,2527.093924,2936.899999,5335.316466,1562.493544,205.4201512,41645.46,2.31E-10,9.50E-10,-9.60E-12
6640,3255.322081,18310.87965,2379.802935,1336.044797,7177.450065,140.1265879,1066.878825,2962.258928,5462.183715,1563.120677,1117.231738,44771.3,2.32E-10,8.21E-10,2.28E-12
6641,3380.260177,20031.18266,2619.53517,2025.615221,7451.699757,144.5589525,80.7757783,3025.797739,4924.599252,2329.668536,1189.836753,47203.53,2.27E-10,3.90E-10,1.40E-12
6642,3403.426574,21183.32517,2864.129696,2431.572947,7508.241038,145.5908969,5.108866391,2972.592043,4484.359721,2347.85939,1194.983652,48541.19,2.00E-10,3.71E-10,-3.21E-12
6643,3450.403083,20073.09498,2821.894001,1790.694799,7525.028707,147.764766,4.942776435,2967.799672,4266.106982,1562.859362,1153.520873,45764.11,1.39E-10,2.80E-10,2.22E-12
6644,3360.697773,18303.84155,2291.277056,1258.920138,7149.159949,143.2131757,2.532955564,2925.181133,3767.45103,1480.933508,1114.451728,41797.66,1.95E-10,4.06E-10,-4.56E-12
6645,3293.617862,14453.33191,1691.704818,1184.178381,6979.141406,140.2277247,0.017185833,2686.75104,3313.477303,2161.917958,1014.894415,36919.26,2.36E-10,7.91E-10,-1.08E-12
6646,3248.374668,11797.55891,703.2961887,848.6884277,7034.305857,140.2020303,0.017178597,2508.992626,3045.648066,2166.230426,981.875625,32475.19,1.55E-10,4.80E-10,1.95E-12
6647,3151.856517,10759.66643,478.4217071,679.8989015,6994.500424,137.6382491,0.013899958,1814.756123,2527.602891,2051.353701,912.3611596,29508.07,1.86E-10,2.97E-09,-1.50E-12
6648,3136.014959,10768.55569,581.4664897,583.7918601,6949.120988,136.7217325,0.013090535,1371.464642,2252.680868,2004.818841,900.0508445,28684.7,1.89E-10,2.03E-06,-4.44E-14
6649,3144.562183,10834.01093,463.029011,577.1741036,6971.235793,137.350953,0.013558004,1347.385151,2103.981448,1959.826346,884.1205213,28422.69,1.82E-10,4.53E-09,-1.96E-12
6650,3128.786784,10212.43231,400.0270582,574.2877423,6920.355068,136.2579839,0.012672744,1409.62439,1919.245572,2041.92206,898.89,27641.84,1.60E-10,0.001639284,-3.59E-12
6651,3165.000127,10070.84179,416.6734511,580.977195,7041.849783,137.5073301,0.014589442,1535.720873,1862.953851,1944.176532,970.95,27726.66,2.20E-10,0.005525288,1.85E-12
6652,3337.413578,11938.88883,547.8477899,665.8903524,7580.434521,147.4847854,0.022865878,1633.596505,2117.031276,1157.577675,631.1218224,29757.31,1.60E-10,3.14E-10,-8.18E-13
6653,3476.484392,16254.40022,1264.412865,1091.222818,7849.479437,152.3463501,0.053955547,1106.96267,1876.101364,2349.955772,764.5701522,36185.99,1.49E-10,2.41E-10,-4.82E-12
6654,3484.500803,20529.93914,2467.886161,1361.876775,7770.513326,151.5200929,102.6387236,2038.599106,2042.146813,2441.163329,1208.455726,43599.24,1.53E-10,2.91E-10,-8.07E-13
6655,3379.373053,21939.93781,2618.569175,1556.010059,7437.285018,145.9833857,745.7632798,1616.515307,2007.971526,2323.193958,1160.307427,44930.91,2.01E-10,4.63E-10,-9.33E-12
6656,3288.764863,21890.66981,2551.250724,1400.336715,7170.43038,143.5431611,1764.535001,1318.195484,2027.898099,1997.418524,1142.377235,44695.42,2.07E-10,5.85E-10,1.83E-12
6657,3209.335972,21225.65426,2529.77735,1138.225446,6893.414438,140.3164137,2719.953174,1223.336805,2029.697841,1434.886657,1118.301642,43662.9,2.18E-10,1.23E-09,3.65E-12
6658,3071.821033,20071.33618,2200.565949,901.4628692,6413.531703,131.4817414,3619.446308,1023.617639,1883.783704,2124.81495,1025.8,42467.66,4.06E-10,0.002073473,-5.53E-12
6659,3086.716999,18891.71247,2076.475578,865.9852808,6434.282524,130.7863188,4444.310057,1024.777765,2181.895116,1414.228775,1025.59,41576.76,4.80E-10,0.000885599,4.60E-12
6660,3021.709148,18214.27825,1880.660058,1033.131091,6277.687309,128.8337629,4399.939319,847.7176564,2196.108278,1530.59071,1025.69,40556.34,5.34E-10,0.005587163,-8.91E-12
6661,3035.304036,18303.91182,1891.050846,1079.729005,6593.015213,131.5629704,3830.934747,827.2531038,2312.764725,1390.866122,1025,40421.39,4.21E-10,0.002585787,7.58E-12
6662,3130.569698,18600.61151,2163.791971,1113.091681,6856.422675,135.4093955,2966.164993,1111.307176,2425.996283,1824.948205,793.04,41121.35,4.35E-10,0.003591336,-2.19E-13
6663,3223.221669,20218.46375,2477.748553,1283.858839,7079.060443,139.6042855,1818.087093,1376.789139,2508.452457,2303.900378,1110.86339,43540.05,2.33E-10,1.55E-09,1.54E-12
6664,3338.981437,21623.13252,3339.777316,1540.335005,7379.024797,144.2047421,677.0500463,1437.78822,2561.920167,2400.590549,1188.075202,45630.88,1.73E-10,3.92E-10,-4.10E-12
6665,3347.757156,22659.07623,3553.411491,2344.047654,7505.043005,147.6276805,58.31791917,1410.672305,2368.088401,2369.885908,1185.252244,46949.18,2.00E-10,4.14E-10,-1.02E-11
6666,3288.720048,22562.72878,3561.912946,2700.283753,7341.066442,160.8480694,2.914987153,1189.373162,2224.767748,2383.056563,1181.1675,46596.84,1.93E-10,4.35E-10,1.29E-11
6667,3299.53114,21552.23126,3269.047979,1858.703475,7310.587172,144.0546353,1.706143632,1180.77534,2112.670689,2412.79066,1069.18151,44211.28,1.51E-10,3.96E-10,-1.56E-12
6668,3249.660575,19342.13319,2990.421823,1238.832192,7238.631533,142.8199709,1.434228278,1169.781114,1926.766408,2296.279041,1093.569926,40690.33,1.97E-10,5.58E-10,2.30E-12
6669,3199.666777,16342.40313,2154.112931,1085.91739,7244.788369,142.8746767,0.018123179,1201.609788,1836.93558,2158.642854,1061.370379,36428.34,2.51E-10,3.44E-10,1.57E-12
6670,2825.81388,13717.93536,1668.49495,748.8704449,7109.987896,141.1683884,0.017567127,1170.942806,1816.842801,2183.033254,952.6026569,32335.71,1.51E-10,1.13E-09,-2.40E-12
6671,2269.225962,12472.57271,1554.248568,722.843304,6882.762845,139.3062754,0.016021806,1079.329937,1779.53024,2005.776861,875.3,29780.91,1.88E-10,0.002723409,-5.64E-12
6672,1890.467033,11534.49228,1493.144733,690.2487611,6758.784975,136.8021951,0.013943731,1069.081052,1866.309814,1964.89984,875.03,28279.27,1.85E-10,0.004622902,6.49E-12
6673,1849.830659,10753.44715,1418.544627,680.3290668,6703.846132,134.9324202,0.012361275,1135.460541,1913.316549,1949.796768,875.06,27414.57,1.96E-10,0.006272559,-1.29E-12
6674,1842.844886,9418.879953,1518.007515,675.0137847,6820.13959,134.7780278,0.011405652,1176.64673,1921.565692,1950.979892,873.96,26332.82,1.94E-10,0.007475889,-3.03E-12
6675,1816.90308,8894.802869,1497.217702,670.1651777,6743.598214,133.1678542,0.010081073,1343.620386,1990.119655,1902.312865,867.33,25859.24,2.54E-10,0.007883523,-6.84E-12
6676,1876.673579,8737.172376,1566.609911,733.8853422,6965.531516,137.2614781,0.013495003,1874.345996,2169.701632,1943.87824,272.5364346,26277.61,2.60E-10,1.17E-08,6.96E-12
6677,1981.562347,11000.66099,1732.584918,942.2251423,7203.975221,140.7985748,0.034549128,1953.145546,2305.060272,1507.973299,339.1091431,29107.13,2.17E-10,2.46E-09,-3.70E-12
6678,1946.446694,13325.98381,2112.235856,1052.603612,7026.79476,138.5368561,32.66999171,1933.377134,2249.684223,2226.31973,1077.007337,33121.66,3.28E-10,1.24E-07,-5.87E-12
6679,2073.889313,16854.43534,1377.810976,1301.06205,7348.56918,143.9807751,346.7676882,2072.868539,2436.637281,2315.887485,1117.871371,37389.78,2.09E-10,1.22E-09,2.03E-12
6680,2067.916008,19124.57394,1371.258359,1441.402796,7261.353549,143.3066929,856.9680461,2193.523742,2456.457104,2110.620287,1119.139481,40146.52,1.70E-10,1.07E-09,-2.90E-12
6681,2019.617022,19279.31079,1466.45101,1492.495776,6943.111838,140.5019646,1382.899478,2296.488275,2517.919346,2039.254884,1100.379615,40678.43,1.95E-10,3.24E-09,1.02E-11
6682,1951.504331,18891.35799,1388.707389,1341.51948,6801.908964,138.9397144,2013.659008,2228.174086,2723.771199,1994.892127,1036.045707,40510.48,2.58E-10,4.56E-09,-1.37E-12
6683,1892.448045,17638.80593,1234.126252,1096.732189,6685.3887,135.6446893,2564.437248,2425.711898,2953.715304,2167.903823,1027.985922,39822.9,2.37E-10,3.22E-08,-5.87E-13
6684,1875.416772,15683.3619,1136.967985,1086.114839,6804.471875,135.7426848,2707.089373,2763.675904,2924.926749,2185.712536,1035.049379,38338.53,2.22E-10,3.08E-09,-5.01E-12
6685,1929.622058,14103.38346,1439.877129,1027.556335,6938.528658,136.0917995,2678.093619,3066.421047,3130.958815,2214.124488,549.0225898,37213.68,2.34E-10,1.59E-09,-1.02E-11
6686,1959.411318,14169.1949,1344.864376,1006.499178,6942.681041,136.0357406,2313.163049,3286.649343,3355.945647,2047.984354,550.2610578,37112.69,2.64E-10,1.02E-09,4.68E-12
6687,2037.959371,15567.38481,1498.092468,1227.820102,7103.440151,139.2161112,1670.540696,3320.887278,3320.461493,2052.221746,716.9257724,38654.95,2.88E-10,1.82E-09,-1.07E-12
6688,2135.264157,17999.72483,2007.537246,1455.719693,7335.831113,144.5616333,841.8609642,3285.910645,3204.732317,2188.557294,842.6301082,41442.33,1.76E-10,6.73E-10,1.83E-12
6689,2193.11265,19465.2743,2362.466885,1541.075409,7436.56242,146.4916644,79.8919467,3320.327345,3054.772518,2368.091374,1134.663488,43102.73,2.01E-10,8.64E-10,-1.01E-11
6690,2215.679657,19028.32441,2385.224337,2364.187166,7412.023063,145.4112798,1.747390583,3178.210032,2973.290028,2399.595486,1154.847148,43258.54,1.84E-10,6.18E-10,6.25E-12
6691,2194.806481,18291.46415,2241.714573,1448.838331,7153.936922,144.7259001,1.669444485,3066.514485,2777.55282,2389.527469,1112.869425,40823.62,1.60E-10,4.21E-10,3.39E-13
6692,2211.848092,16931.52363,1451.050282,1160.431888,7151.683078,145.5201524,0.447299629,2963.152932,2699.252301,2179.714016,1007.406327,37902.03,2.10E-10,1.20E-09,-2.65E-12
6693,2224.046552,14606.35059,1143.95456,1046.790573,7230.875141,146.3831319,0.021029935,2882.499493,2711.891058,1924.589037,795.2888297,34712.69,1.93E-10,4.39E-10,-5.50E-12
6694,2146.703716,12129.93308,486.7597911,970.8739525,7268.777508,143.6599622,0.018789355,2744.110785,2630.509414,1905.885639,788.2073659,31215.44,1.42E-10,4.34E-10,6.63E-12
6695,2107.016891,10073.39546,450.9510487,796.9985241,7255.671933,143.1945935,0.01841875,2532.723572,2591.177451,1838.403148,770.7489574,28560.3,1.69E-10,6.25E-10,-4.60E-12
6696,2105.633491,9314.495786,454.797812,792.3692318,7275.625067,143.5268772,0.018694504,2443.353074,2644.05602,1795.045387,803.3485602,27772.27,1.66E-10,3.52E-10,-4.54E-12
6697,2039.343915,9324.099941,482.4150756,777.2482857,7090.495689,139.9532796,0.015689801,2233.858981,2642.69693,1774.987958,784.0542555,27289.17,1.79E-10,4.48E-10,2.66E-12
6698,2160.109583,9280.335956,483.4717475,755.9786347,7452.040762,146.2448213,0.021743846,1357.138756,2248.25951,1869.177593,778.100892,26530.88,1.30E-10,4.82E-10,-8.46E-12
6699,2028.776625,8496.801233,438.6752529,673.1616449,6800.599223,138.4895589,0.014490107,2064.024601,3142.06783,1587.790827,742.0187141,26112.42,1.70E-10,1.96E-09,-3.34E-13
6700,2031.934916,8625.923097,429.969197,680.7726533,6758.113896,136.7755156,0.01392159,1965.581757,3582.462003,1544.665569,735.4574753,26491.67,1.94E-10,3.68E-09,-2.16E-12
6701,2181.304653,9184.355171,601.2192639,850.7397134,6697.131482,135.6126157,0.012967289,1822.950451,4029.393898,2003.04399,881.675795,28387.44,2.09E-10,4.57E-09,-2.01E-12
6702,2516.228948,10145.03174,654.0453422,958.0320496,6821.080817,138.7385848,183.1764518,1756.515236,4520.062985,2056.310295,888.8775539,30638.1,1.92E-10,3.85E-09,-7.36E-12
6703,2579.745095,10919.46563,620.5725802,806.4197375,7093.08861,140.6568538,1383.884474,1825.520867,4820.000645,2006.615759,887.4997453,33083.47,2.11E-10,3.97E-09,-2.91E-13
6704,2509.496582,11226.37305,524.1052294,855.5463164,6807.666815,133.5912963,2780.347742,1793.485075,4918.978454,1952.282138,900.33,34402.2,2.68E-10,0.002694994,-2.68E-12
6705,2421.540777,10980.38739,599.8679992,741.7885485,6571.104238,130.0370661,4021.920804,1894.963545,4489.140871,1887.205798,900.57,34638.52,3.57E-10,0.007033848,8.01E-12
6706,2192.398402,10483.73115,567.2583202,703.1015609,6374.400224,126.3274743,4808.600449,1934.930878,4149.953199,1797.29736,899.6,34037.59,1.52E-09,0.009019036,7.66E-14
6707,2237.390424,9818.790968,341.8240193,677.2565496,6199.166481,122.0421848,5216.874076,1846.33995,4124.052415,1816.845662,899.84,33300.41,8.81E-10,0.012730362,3.77E-12
6708,2101.37268,8949.764316,383.8776352,627.9015825,6169.46761,121.3963007,4828.760716,1907.274926,4524.376967,1801.457212,899.18,32314.82,1.29E-09,0.009945876,1.63E-13
6709,2418.376483,8972.278404,411.0073136,674.3421305,6407.30769,125.907529,4018.507439,2020.874404,5080.692642,1842.954012,748.69,32720.93,5.74E-10,0.008047581,5.76E-13
6710,2566.078577,10509.26377,566.8161802,805.8856836,6649.997276,130.767001,2943.154971,2081.996523,5155.054774,2177.131213,821.16,34407.3,4.02E-10,0.005969119,4.41E-12
6711,2707.09451,13148.67613,919.8646663,886.585816,6877.448824,138.7103496,1799.796614,2224.751923,5313.529668,2288.124803,931.88,37236.46,2.52E-10,0.003308222,-2.25E-12
6712,2788.946528,15741.66707,1146.425401,881.3146468,7096.864453,143.6025969,642.4759291,2348.416244,5887.221385,2336.385157,1010.700592,40024.02,2.10E-10,5.08E-10,1.55E-12
6713,2852.201538,16972.04858,1461.165889,1150.649824,7247.348478,146.4387654,40.25598011,2469.093441,6142.716014,2390.124015,1167.697471,42039.74,1.88E-10,5.05E-10,-1.87E-12
6714,2834.417206,17271.22573,1270.33824,1334.776264,7311.13441,145.2679182,3.68179992,2621.121139,6026.941464,2360.716844,1150.138981,42329.76,2.06E-10,6.70E-10,-2.48E-12
6715,2827.76127,15420.87499,1067.301806,1094.179432,7396.856452,144.7891443,2.638258699,2866.659653,5826.778044,2343.353254,1072.887691,40064.08,1.54E-10,8.75E-10,4.53E-12
6716,2604.133822,13559.57325,706.6167499,955.5242258,7474.253488,146.5343697,2.440404476,3072.170956,5857.881176,1136.267611,1101.023944,36616.42,1.69E-10,4.05E-10,-6.81E-12
6717,2557.963983,10760.64908,562.7609236,890.4078634,7277.830008,142.7858928,0.018893775,3033.188764,5374.323165,1392.375015,220.9164154,32213.22,2.19E-10,5.79E-10,-1.10E-12
6718,2681.057121,7655.445001,466.5128579,608.9549786,7216.845653,142.3803587,0.017728324,3008.123271,4995.772442,610.179848,204.080739,27589.37,1.58E-10,5.26E-10,-1.58E-13
6719,2706.647928,5872.156615,613.0930947,592.3454061,7229.786754,139.4057289,0.016117715,2848.73413,4663.686313,276.2492202,162.118693,24984.24,120,5.84E-09,7.53E-13
6720,2626.80272,5972.812367,495.6893681,567.7664442,7042.629428,135.5929906,0.012110366,2526.527969,4439.336772,875.5305081,155.28,24837.98,2.04E-10,0.000676853,1.79E-12
6721,2664.141875,5883.920629,526.3154534,569.7151707,7246.422813,139.4010039,0.015232619,2474.628064,4471.51254,766.464573,170.9026464,24913.44,1.61E-10,2.53E-08,-1.74E-12
6722,2571.22328,5897.998742,491.203201,522.5831135,6979.12492,134.1070561,0.010859202,2250.642444,4334.196319,344.3064928,721.69,24247.08,1.79E-10,0.006427206,4.84E-12
6723,2556.188476,5766.934856,450.3339811,536.454068,7021.46459,135.0849967,0.011669426,2439.441893,4269.328523,1398.968161,1.24,24575.44,2.80E-10,0.01121522,9.06E-13
6724,2671.331215,6798.970447,866.9228765,551.0898752,7355.194876,140.1521859,0.016737696,2712.823276,4363.856718,1367.449922,19.50187094,26749.16,2.53E-10,98.15,5.26E-13
6725,2870.493283,11194.34162,1380.364698,713.5260642,7971.304105,151.9864051,0.026588866,3004.582073,4764.290501,1473.558005,537.2466566,34061.72,1.44E-10,2.74E-10,-3.59E-12
6726,2943.15478,16014.64174,2174.019201,1140.826149,7957.477454,153.034601,81.29269134,3317.243546,5038.215776,1813.413604,1203.020453,41836.34,1.44E-10,2.90E-10,-5.23E-12
6727,2907.446573,16700.27976,2228.315109,1358.757035,7879.803517,151.9359022,736.9830198,3143.552856,5921.923642,1568.581089,1188.771495,43786.35,1.41E-10,3.36E-10,-1.09E-11
6728,2829.325316,16417.0092,1868.483707,1496.486173,7579.885847,145.8048653,1783.756729,3202.05237,5580.217816,1230.316827,1153.831152,43287.17,1.77E-10,5.01E-10,1.33E-11
6729,2746.116706,15828.61403,1698.124999,1140.251085,7362.640835,141.6559646,2817.450892,3101.394733,5581.920977,436.3680811,1116.701698,41971.24,2.11E-10,1.33E-09,-9.24E-12
6730,2688.429285,15373.01931,1589.071795,1061.982741,7238.046569,139.2521881,3344.118253,3187.018006,5649.236561,145.7295399,1056.085749,41276.99,195,1.23E-09,8.24E-13
6731,2581.522017,15464.89084,1227.153697,953.9988074,7000.205672,134.7885611,3490.98656,3065.953509,5985.659469,106.7836455,1025.35,40956.29,81,0.002778265,1.10E-11
6732,2631.503297,14742.76592,1273.695415,948.7853865,7151.817498,136.575335,3110.973759,3283.367407,6192.223303,135.5020938,1026.00059,40610.21,23,6.97E-07,-5.05E-12
6733,2688.725298,14822.64508,1299.532197,956.274406,7265.560935,139.7012196,2696.204309,3328.119599,6084.057665,237.6761185,1040.113174,40558.61,2.73E-10,2.71E-09,3.74E-12
6734,2702.630989,14965.2741,1214.16261,970.8384316,7243.173979,139.2921725,2139.590925,3044.963122,6075.620765,1754.672337,735.5305709,40985.75,3.14E-10,1.03E-09,-1.49E-12
6735,2855.839216,16638.60567,1601.953589,1108.849381,7671.375326,146.7211658,1291.533454,3285.011126,6501.605855,2135.368176,741.65704,43978.52,1.76E-10,3.89E-10,2.41E-12
6736,2884.240264,18619.68426,1777.318553,990.6485792,7749.304149,148.1485572,407.2685593,3416.575207,6859.960059,2123.736669,1343.305143,46320.19,1.65E-10,9.79E-11,5.89E-12
6737,2951.567763,20211.49876,2035.030549,1304.682391,7943.829758,151.8536882,22.85865123,3436.89096,6593.551569,2010.336006,1267.619905,47929.72,1.46E-10,2.06E-10,-1.03E-11
6738,2959.825731,20649.15221,2118.02959,1456.194232,7941.931554,152.1062425,1.763807245,3371.378794,6306.390516,1732.109828,657.7374922,47346.62,1.39E-10,2.80E-10,-4.68E-12
6739,2950.123626,19298.51703,1927.497863,1550.222281,7914.010781,154.41499,0.54702719,3325.916827,5747.316862,463.6790571,1173.923655,44140.17,366,2.34E-10,-5.74E-12
6740,2944.707351,17299.82184,1753.22822,1400.7917,7913.766845,151.3591251,0.416732559,3359.056998,5421.703522,311.2056072,1186.712059,40090.77,1652,1.85E-10,1.36E-12
6741,2628.993688,13234.91437,1520.932807,1071.248697,7033.290885,134.3882011,0.011940416,2793.008584,4671.639964,999.0674716,726.33,34813.82,4.09E-10,0.006609089,-7.65E-12
6742,2665.724236,9078.550606,555.2406053,837.816051,7070.703939,141.4923407,0.017835968,2718.327053,4810.378869,815.2487235,725.23,29418.73,1.62E-10,0.000259374,2.34E-12
6743,2081.65348,7606.767302,179.8151623,692.0102119,6729.225689,141.1995883,0.017607632,2726.72868,4781.167254,691.3779652,760.7070601,26390.67,1.86E-10,7.57E-10,-7.15E-13
6744,2054.509799,7234.349898,175.5152332,690.105903,6679.185422,140.2406853,0.016811201,2524.720206,4722.169354,706.4095174,745.1971712,25672.42,1.62E-10,1.56E-09,4.86E-12
6745,2016.227439,7642.001624,164.1805163,685.2315249,6595.415117,138.5922299,0.01540367,2405.356164,4554.999958,745.3500946,725.2500001,25672.62,1.65E-10,7.21E-05,-8.56E-13
6746,1964.437364,7948.760844,150.5272125,663.8102403,6436.583414,135.4192283,0.01278543,2155.042719,4416.286189,458.0603351,722.36,25051.3,1.80E-10,0.000331605,-4.34E-12
6747,1966.965227,8238.123214,152.8684012,671.6716866,6499.2303,136.5242208,0.013701676,2035.483667,4492.575379,354.2844065,369.14,24916.88,2.41E-10,0.000203794,8.23E-13
6748,2071.809505,9591.947604,471.3235722,742.3163961,6756.746415,141.4678975,0.017845301,2135.320447,4645.353011,189.6085465,584.348761,26736.26,594,3.09E-10,2.84E-12
6749,2655.681775,13860.78189,1041.126921,837.6385605,7362.864167,154.2985874,0.027656634,2511.856007,5071.705087,379.1605018,404.4388436,33352.58,927,1.65E-10,-2.05E-12
6750,2743.442398,18587.70751,1517.823,1159.336195,7031.595659,147.0297982,114.3980364,3164.348537,5174.258969,309.6867203,987.0131747,40591.64,345,3.83E-10,1.88E-12
6751,2688.488761,18243.62592,1585.220579,1071.849057,6850.563353,143.7564987,1309.486479,3277.848205,5545.220517,273.7317103,1006.32892,41387.12,609,1.28E-09,-1.48E-12
6752,2564.072244,15962.17848,1336.250834,1080.089409,6507.65771,136.8408067,3144.202698,3304.460206,5701.73492,170.6435507,1085.93,39728.06,1266,0.000858697,-4.55E-12
6753,2406.036205,13513.68859,1201.459966,1042.095207,6106.882369,128.9947735,4787.505255,3108.998251,5612.983168,43.79143465,1086.32,37227.75,1811,0.005222393,2.50E-12
6754,2265.151616,12019.87846,1166.023887,1090.744808,5737.441741,121.9135444,5960.606935,2875.103315,5314.362207,4.84E-09,1025.92,35745.71,1831.426457,0.010057034,3.87E-12
6755,2214,11476,1129,1025,5636,121,6580,2753,5406,2.07E-09,1025.63,35723.62881,1641.988402,0.012792065,6.82E-12
6756,2200,10773,999,1058,5630,121,6490,2745,5447,1.10E-09,1025.08,34989.05042,1499.01551,0.014066362,2.27E-13
6757,2210.984311,10815.35732,1249.770451,1015.366499,5659.990003,149.5781709,5876.198148,2667.392095,5291.630189,1.01E-09,848.16,34832.09,952.3261089,0.011075906,-4.55E-12
6758,2393.565657,11971.44262,1686.824282,1081.67336,6137.810231,197.2643206,4816.76101,2926.744107,5398.075428,65.67207435,309.6169061,36346.45,639,1.83E-09,2.50E-12
6759,2564.215507,15486.36727,1976.092447,1185.935903,6485.835304,248.0974403,3159.859843,3029.579649,5638.590715,218.3145045,551.4414211,40242.33,302,1.71E-09,-9.83E-12
6760,2781.977499,19458.40752,2234.67491,1469.159013,6978.635866,255.1525904,1275.681521,3022.822146,6055.862953,351.9789709,539.9170157,44321.27,103,3.74E-10,-4.75E-12
6761,2768.267733,20634.07997,2223.177741,2127.758165,6833.600717,222.5343091,52.24971915,2895.44096,5918.08552,2081.653812,1157.27135,46914.12,3.04E-10,4.65E-10,2.50E-12
6762,2959.41731,21174.7473,2484.70256,2123.548833,7253.832906,155.5624885,3.697942006,2887.12576,6323.314194,2334.209017,384.621692,48084.78,1.45E-10,3.11E-10,-4.54E-12
6763,2977.504915,20042.71702,2253.932268,1704.317236,7237.65404,152.0083951,2.462811868,2641.707732,6092.771199,877.656263,1053.268121,45036,1.35E-10,2.24E-10,4.52E-12
6764,2872.160882,18828.62264,1508.272164,1243.71429,6961.231714,145.8909812,4.344352202,2083.314492,5527.431499,840.0149723,1126.262016,41141.26,1.75E-10,3.61E-10,2.77E-12
6765,2752.738792,14327.64506,1252.053626,1252.736264,6651.237591,140.9046008,0.016518341,1852.907949,4908.284126,2014.336955,944.5585151,36097.42,2.76E-10,1.70E-09,-5.35E-12
6766,2851.534996,10680.63423,440.3293011,985.0526174,6907.728593,145.0235998,0.020783721,1923.799552,4800.111975,1853.917525,768.2868262,31356.44,1.66E-10,6.09E-10,-2.04E-14
6767,2718.088291,9073.045071,177.5717957,795.2211218,6792.787548,142.8053277,0.018957047,1786.150264,4458.41188,1787.632765,747.8769768,28479.61,2.02E-10,1.26E-09,1.15E-13
6768,2619.870824,9086.195102,184.7579472,772.090404,6854.03235,144.0254712,0.019971298,1797.677092,4325.520777,1532.012268,772.1577941,28088.36,1.69E-10,5.48E-10,-3.34E-12
6769,2680.010463,9234.145188,184.7865602,781.5657642,6841.816194,144.8830488,0.019787116,1615.143929,4308.473869,1592.758276,510.4869202,27894.09,1.44E-10,6.97E-10,-8.04E-15
6770,2668.198978,9451.228883,172.201848,762.2781686,6668.099435,140.1979302,0.016761768,1384.704689,4196.001392,1556.661382,494.2105324,27493.8,1.92E-10,1.78E-09,-4.61E-12
6771,2673.944096,9493.970579,168.0793537,759.1283479,6667.288415,141.2998775,0.016832403,1465.802648,4162.407339,1488.71306,533.329451,27553.98,2.13E-10,1.30E-09,8.38E-12
6772,2878.027696,11192.81042,233.2510936,798.2678826,7086.675156,148.3990937,0.023626534,1438.290423,4561.736532,1211.964378,88.37369566,29637.82,1.87E-10,2.01E-10,4.66E-12
6773,2898.310186,14953.29031,556.505562,831.411506,7061.592751,147.8925351,1.023185815,1541.42057,4863.814198,2162.782811,902.9863881,35921.03,1.79E-10,2.55E-10,2.75E-12
6774,2999.722272,18650.61342,1545.943374,1480.147247,7221.388116,152.3261383,90.02782349,1732.234867,5028.875767,2391.071279,1182.159697,42474.51,1.48E-10,3.91E-10,5.67E-14
6775,2876.76339,18759.07383,1692.421342,1414.016739,6920.698268,146.6172299,1281.174342,1825.576762,4960.469681,2096.798837,1058.409574,43032.02,1.77E-10,1.49E-09,-8.94E-12
6776,2768.975181,17613.56153,1583.505987,1441.023089,6699.82506,141.9888592,3201.596153,1961.756575,4746.716081,885.1172557,856.5242322,41900.59,2.04E-10,1.66E-08,1.11E-11
6777,2586.551158,15921.6916,1473.160994,1518.566547,6274.720681,133.5396733,4825.426165,1785.025535,4299.653738,63.36547497,1084.01,39704.71,261,0.001565682,-2.61E-12
6778,2376.236311,14278.66708,1327.84711,1455.193854,5773.531929,123.3516127,5948.412401,1720.757658,4194.637373,48,1025.37,38268.02,3.974451401,0.010880253,6.64E-12
6779,2307,12797,1262,1486,5642,120,6540,1847,4099,350,1025.06,37469.86749,5.18074984,0.011760887,8.73E-12
6780,2296.407181,11223.59944,1101.007938,1504.235722,5663.71746,89.59440748,6521.340493,2192.440953,4274.792626,509,1020.49,36394.53,2.083325361,0.012891528,-4.39E-12
6781,2428.174939,11062.63093,964.3246905,1245.616589,5937.605173,62.77301483,6007.339508,2270.131768,4665.079963,1152.10007,526.08,36321.85,1.02E-09,0.006647932,-6.26E-12
6782,2601.567007,12254.35042,1138.319498,1198.445938,6264.465687,68.47908355,4799.907589,2457.57409,5086.038508,1616.662979,340.5992012,37826.41,4.96E-10,2.51E-08,-2.46E-12
6783,2758.534325,15039.24103,1457.369699,1494.94169,6674.627453,78.45684558,2997.26335,2841.042275,5368.359227,1763.682597,1096.661504,41570.18,2.24E-10,1.85E-09,1.57E-12
6784,2860.428876,18124.72275,1535.925601,1769.056477,7090.877585,87.07058016,1063.52529,3057.3163,6022.760895,1848.689493,1214.686155,44675.06,1.66E-10,2.66E-10,-1.07E-11
6785,2947.74145,19833.47438,1618.934947,2417.350177,7322.541616,90.01365486,39.23684106,3286.206145,6192.348114,1939.653142,1285.919532,46973.42,1.56E-10,1.92E-10,-6.62E-12
6786,2879.747966,20235.18446,1607.011972,2654.950905,7188.809784,86.66558155,6.794156328,3571.372768,6179.722689,1946.058251,1225.941466,47582.26,1.51E-10,2.44E-10,-1.73E-11
6787,2913.918656,17549.05251,1537.400776,2059.477183,7162.810349,85.83638673,3.479345011,3558.789553,6244.032023,1894.266767,1159.176448,44168.24,1.25E-10,2.69E-10,-2.35E-13
6788,2894.800638,14746.2062,1386.033743,1702.390074,7144.339966,117.2546821,3.425068031,3566.240465,5984.531932,1782.254424,758.6228092,40086.1,1.47E-10,3.05E-10,-7.88E-12
6789,2844.373325,10739.97752,1267.046559,1258.249631,7043.984351,130.6255264,0.023273401,3599.870633,5723.443914,1656.755256,907.4500135,35171.8,1.61E-10,3.45E-10,4.01E-12
6790,2720.818793,7678.213273,816.8881558,973.2002028,7053.000542,121.6336497,0.023478037,3531.334438,5470.639853,1584.726948,735.8406663,30686.32,1.27E-10,3.00E-10,5.84E-12
6791,2412.220931,6210.37353,473.7508972,908.3039513,6908.159466,119.0437537,0.021295709,3444.070435,4991.775462,1506.595612,779.7746657,27754.09,1.51E-10,4.46E-10,2.47E-12
6792,2415.418022,5961.915703,472.6908501,887.4396796,6907.742043,88.26449034,0.021154743,3389.829085,4864.264306,1482.276691,700.3979742,27170.26,1.51E-10,3.47E-10,-3.01E-12
6793,2290.640025,6463.846857,442.9797547,844.0486878,6556.76714,81.70232397,0.015393325,3091.133959,4737.530494,1429.494132,757.501232,26695.66,1.86E-10,8.17E-10,4.82E-12
6794,2304.732796,5563.917132,447.4649218,814.559267,6561.059333,81.72214633,0.01543741,3080.091199,5012.340175,1438.144701,743.5028922,26047.55,1.68E-10,1.66E-09,3.82E-12
6795,2083.758859,5508.580673,448.1945744,794.5181111,6589.62168,82.16435921,0.015808842,3227.305122,5102.821566,1506.242825,719.93,26063.15,1.72E-10,0.003578219,1.01E-12
6796,2373.04989,6778.910138,548.8621628,813.9705184,6763.184537,85.44146376,0.018709829,3132.858991,5015.429632,1515.366794,779.7371632,27806.83,2.45E-10,3.16E-09,1.55E-12
6797,2545.668749,10449.46256,1090.221433,915.4543672,7281.081585,95.4090612,1.054815116,3561.031753,5287.625879,1789.258261,1163.431534,34179.7,1.54E-10,1.75E-10,-1.78E-12
6798,2896.179102,14979.46367,1985.384147,1515.564938,7361.058035,97.03754722,35.51365591,3827.266382,5724.454613,1923.559783,1274.548128,41620.03,1.32E-10,1.92E-10,3.59E-12
6799,2837.71066,15848.79382,1917.578613,1370.576401,6999.780115,90.09172678,659.3499601,3872.540405,6096.111263,1675.270881,1176.736152,42544.54,1.78E-10,3.90E-10,-8.35E-12
6800,2801.339709,15126.34764,1956.466128,1269.999934,6941.411376,89.05445875,1805.566338,3915.79724,6073.631545,514.2780665,1162.757564,41656.65,1.71E-10,4.64E-10,-1.31E-12
6801,2694.913566,14085.07645,1837.352158,1243.677329,6592.71664,49.85535577,2842.469801,3717.016465,6074.67516,69.71338196,1114.023695,40271.49,50,1.54E-09,-1.51E-12
6802,2603.309631,13512.66087,1692.32712,1268.347922,6331.414041,12.46426114,3176.817479,3671.001983,6178.704482,463.9147053,1037.607505,39948.57,4.53E-10,4.24E-09,3.41E-12
6803,2627.039981,13499.95432,2041.775918,1328.729206,6427.369877,14.11112514,3151.800432,3669.505216,6405.910057,137.1725518,1029.361314,40332.73,3.26E-10,2.14E-08,1.05E-11
6804,2606.1334,13589.72001,1630.510815,1147.443501,6456.871449,14.33702885,3025.427093,3766.51427,6616.603227,73.50100593,958.2181948,39796.28,89,2.04E-09,-5.49E-12
6805,2666.023989,14083.51022,1594.048695,1108.970038,6632.932593,17.61237662,2518.317594,3856.420136,7377.975628,212.3168708,271.2118622,40339.34,2.31E-10,5.55E-10,-2.19E-13
6806,2651.204729,14934.66316,1734.422673,1184.742982,6579.839837,49.84369823,1807.768295,3558.245456,6964.091903,1294.745862,144.5514036,40904.12,2.41E-10,5.78E-10,2.63E-12
6807,2520.656094,18108.49514,1927.227932,1500.97178,6718.150335,85.66721324,1096.504285,3062.992857,6523.281764,1254.802332,520.4002631,43319.15,2.07E-10,5.01E-10,-2.00E-12
6808,2504.420257,19706.14192,1978.830453,1641.963367,6765.260124,86.4448038,395.7485573,2925.293591,6283.6502,1251.128639,1147.648092,44686.53,2.11E-10,5.12E-10,4.92E-12
6809,2624.542877,21154.68126,2064.23044,2725.832236,7001.715237,89.87000285,27.5119217,2678.408773,5762.006827,1364.778113,1229.012317,46722.59,2.08E-10,2.75E-10,4.15E-12
6810,2653.232466,22338.18158,2049.883209,2837.978318,6976.499886,87.40961299,0.573556761,2431.339993,4766.284378,1328.958304,1198.318694,46668.66,1.92E-10,3.10E-10,1.55E-11
6811,2626.104189,20288.78842,1921.39706,2637.473248,6997.690336,87.49228741,0.367404679,2427.002163,4303.970527,1300.060741,1126.383626,43716.73,1.50E-10,3.72E-10,1.70E-12
6812,2625.551599,19060.44876,1517.240153,1784.003836,7028.12649,88.76045481,0.355625922,2365.075736,3960.744133,1231.416031,1093.987186,40755.71,1.71E-10,5.48E-10,-5.82E-12
6813,2640.943356,14877.59604,1419.219332,1355.75176,7089.443596,89.52293501,0.022566698,2369.567633,3873.334785,1134.000206,874.6577898,35724.06,1.69E-10,6.44E-10,-4.75E-12
6814,2624.611823,11607.2649,437.3249021,1269.708415,7120.786354,89.90936541,0.023133362,2514.286402,3823.777121,1046.773102,795.664482,31330.13,1.33E-10,3.79E-10,-2.56E-12
6815,2214.170111,8850.835244,166.8536895,1114.218883,7156.017832,90.43180609,0.023599827,2691.852116,4102.189498,1017.79575,771.2414709,28175.63,1.36E-10,6.06E-10,4.03E-12
6816,2101.040676,7321.02843,163.6634128,1053.674988,7092.246538,88.75455024,0.02268978,3103.115317,4586.829573,1011.671268,785.7125573,27307.76,1.47E-10,4.09E-10,-3.40E-12
6817,1773.478256,6741.220744,144.4534809,901.1853311,6879.64668,84.03388838,0.018329267,3252.928248,5057.29581,954.2969481,315.6922841,26104.25,1.60E-10,5.73E-10,-5.65E-12
6818,1626.572183,6355.844489,132.2289009,739.4312467,6727.189147,80.19168398,0.01484114,3567.180029,4670.240902,602.4260546,275.8305227,24777.15,1.88E-10,4.28E-09,1.91E-12
6819,1455.250618,6207.938526,117.9154783,720.1482818,6532.210171,76.84877767,0.011755515,3458.168255,4510.82697,643.602242,266.7,23989.62,2.49E-10,0.001075482,-1.51E-12
6820,1626.684017,6370.263267,130.8747501,719.1507025,6519.132904,76.83184639,0.011772336,3662.20479,4879.879471,1097.00373,267.6927497,25349.73,4.41E-10,1.78E-08,9.64E-13
6821,1958.812371,9379.013252,388.7457028,850.4136603,7206.237314,89.78702552,0.047315643,4087.200145,5859.261275,1259.142325,315.5196143,31394.18,1.86E-10,2.20E-10,1.12E-12
6822,2085.984737,14686.20145,750.5037206,1097.65987,7291.746833,91.50286404,23.08383768,4187.115909,6398.968849,1326.982176,953.9697521,38893.72,1.58E-10,2.47E-10,2.19E-12
6823,2007.661133,15896.02715,831.6386114,1106.710944,7071.444584,87.31469945,400.7193423,4197.944821,7072.084902,1252.548079,983.1857284,40907.28,1.86E-10,7.65E-10,1.94E-12
6824,1947.250035,15232.23621,699.5001291,1127.776488,6936.309631,84.94775692,1027.698889,4311.780176,7614.897607,1164.981124,1115.731952,41263.11,2.03E-10,1.35E-09,4.25E-12
6825,1941.20352,14907.39417,691.5535698,912.6014675,6884.578869,83.53493292,1505.620825,4326.721437,8023.382416,1105.690102,1114.338695,41496.62,2.12E-10,1.53E-09,-2.83E-12
6826,2022.071585,14054.12179,681.1056827,1167.364806,6874.611127,83.48725982,1935.253174,4351.340555,8231.738041,1120.348349,1098.497627,41619.94,2.16E-10,4.73E-10,9.19E-12
6827,1989.262979,14265.52649,637.636141,900.0027965,6826.82838,80.71302508,2171.292075,4293.440946,8349.950111,1114.138584,1069.718467,41698.51,2.08E-10,8.36E-10,3.63E-12
6828,1929.180129,12575.56105,583.6445886,988.9137709,6679.33601,94.32083301,2228.735051,4269.852852,8447.41357,1590.424783,1035.947367,40423.33,2.63E-10,3.66E-09,2.27E-12
6829,2018.039605,11979.7099,609.8386624,928.1325187,6822.6106,83.39872836,2250.615158,4189.720817,8494.559907,1649.165446,662.9186588,39688.71,2.11E-10,7.15E-10,-2.32E-12
6830,2072.646126,12332.67605,628.2724143,957.156901,6874.796135,81.3587968,1622.896509,4209.814994,8531.004584,1708.378699,674.7087922,39693.71,2.44E-10,4.60E-10,1.89E-12
6831,2095.091094,14495.60044,667.8343886,1316.221356,6921.160437,83.918242,827.1126931,4018.579995,8482.444126,1740.032789,1004.084436,41652.08,2.28E-10,6.09E-10,6.96E-12
6832,2147.137654,15930.64713,727.6752067,1618.951033,7053.256203,87.10617767,213.0418789,3926.228071,8862.516284,1772.760428,1169.319932,43508.64,1.97E-10,4.24E-10,1.15E-11
6833,2176.973469,17085.89358,705.7083977,1612.105666,7080.979449,100.5771885,10.43621371,3928.470211,9009.783232,1804.2238,1178.168793,44693.32,2.15E-10,4.48E-10,-1.44E-12
6834,2134.727149,16714.71986,364.0030961,1544.277373,6947.914777,106.25745,1.45036132,4112.915708,8487.221987,1785.824861,1159.287374,43358.6,2.27E-10,4.99E-10,7.72E-13
6835,2099.504698,14275.33264,320.4746796,1368.507382,6843.028187,109.1869432,0.243441123,4266.497132,7949.640268,1726.105838,1093.218789,40051.74,2.18E-10,5.88E-10,9.73E-12
6836,2101.164805,12136.59275,280.9659595,1088.537954,6887.840236,111.3313707,0.236098611,4231.615125,7683.1103,885.7778249,1081.977575,36489.15,2.48E-10,6.77E-10,5.66E-12
6837,2021.44545,9576.227268,232.7582477,941.6678472,6815.386221,110.3136473,0.015682652,3918.953756,7345.783009,636.0657419,794.5331272,32393.15,2.48E-10,2.02E-09,-3.57E-12
6838,1807.814273,8016.580826,135.9737751,698.9371417,6634.741447,105.0004577,0.012832684,3487.660773,6524.829258,591.4613014,729.7579151,28732.77,1.78E-10,1.16E-08,4.18E-12
6839,1626.196982,6865.51156,99.32616411,657.5512858,6345.635972,97.23449946,0.008487592,3295.117522,5838.31184,963.990826,724.6,26513.48,2.85E-10,0.005137987,-1.56E-12
6840,1589.759956,6511.26922,100.9706907,666.3132244,6339.541897,97.41517283,0.008890626,3116.568221,5454.913297,1129.174677,724.44,25730.37,2.84E-10,0.005245907,5.58E-12
6841,1699.517314,6052.2168,90.95201994,749.0048531,6350.426082,98.36447545,0.009768592,3092.239713,5237.868831,1154.405184,724.52,25249.52,2.40E-10,0.005041146,4.05E-13
6842,1688.393829,5437.53331,82.95742483,843.0003218,6319.450263,98.23780777,0.00966743,3088.814187,4913.378988,1192.468213,724.32,24388.56,2.20E-10,0.004012626,-3.70E-13
6843,1790.126864,5492.878978,109.4334406,869.669221,6395.722262,100.1863654,0.011496571,3155.816255,4368.631098,1081.055177,725.0588417,24088.59,2.00E-10,1.27E-07,-4.01E-13
6844,1850.785347,6376.044333,125.486759,1032.204679,6472.894855,101.2504448,0.012535899,3177.005249,3942.494245,1108.884024,829.3875286,25016.45,2.11E-10,1.38E-09,-7.84E-13
6845,2045.731437,8899.36508,209.0168185,1127.223361,7029.046293,110.7794537,0.043102088,3347.119671,3902.342389,757.1594139,345.8029803,27773.63,1.42E-10,3.03E-10,2.46E-12
6846,1968.662111,12358.68833,255.6089717,1196.295147,6764.119652,106.593355,23.04257415,3298.576459,3514.609705,1530.366339,729.5373529,31746.1,1.94E-10,6.87E-10,2.81E-12
6847,1998.518108,15246.07334,275.1748946,1362.450002,6824.958632,108.3340494,338.8489156,3233.928818,3304.038147,1541.301301,1122.283788,35355.91,1.95E-10,9.84E-10,4.04E-14
6848,1995.558928,16597.01973,259.4021956,1751.223507,6594.298385,107.6118825,909.3361962,3088.953729,3310.425702,1486.177068,1150.992679,37251,1.98E-10,5.85E-10,-1.19E-11
6849,1925.155487,16209.26665,230.1320376,1997.03533,6508.549349,104.0993479,1671.853717,2990.069922,3279.077028,1458.748976,1095.562158,37469.55,1.97E-10,7.15E-09,8.16E-12
6850,1827.177905,14839.34432,175.9334616,1539.756099,6251.302694,99.26406018,2720.563902,3183.828533,3597.723169,1320.087765,1026.07,36581.05,3.17E-10,0.001903821,2.06E-12
6851,1753.684232,13217.5712,128.0438106,1170.625958,6045.514748,95.6074143,3546.834175,3608.595314,3426.221867,1100.384865,1023.21,35116.29,3.19E-10,0.003578373,-2.12E-13
6852,1750.115524,12671.62882,114.7128361,1024.399054,6012.906762,95.00305477,3697.848142,3479.73464,3255.103261,1104.829636,655.47,33861.75,3.09E-10,0.001733589,-9.00E-12
6853,1707.710912,12018.73042,103.6373078,1005.645374,5971.000323,93.77443233,3091.26739,3503.446833,3516.770444,1383.522789,862.48,33257.98,3.71E-10,0.006220742,4.67E-12
6854,1753.915202,11267.91269,190.2367082,968.2711719,6486.335187,102.2162352,2297.849998,3747.057695,5114.027696,1303.183186,315.1742351,33546.18,2.20E-10,2.06E-09,-6.10E-12
6855,1751.549789,11738.87536,222.0917474,1045.802233,6546.068709,104.4246146,1064.264666,4179.184318,6198.470735,1541.015023,1104.582808,35496.33,2.11E-10,1.18E-09,3.01E-12
6856,1889.042981,13858.041,331.0975194,1056.477592,6923.337595,111.4618905,288.8797873,4424.380862,7039.779282,1650.353034,1189.898452,38762.75,1.70E-10,3.45E-10,8.41E-12
6857,1939.199078,16394.98512,392.8749524,1640.274998,7015.988819,112.7243215,7.463938464,4419.606215,6388.758798,1854.873621,1215.84014,41382.59,1.77E-10,3.07E-10,2.91E-12
6858,1873.543398,14865.14672,362.8423343,1812.448109,6865.124923,108.826753,2.461924127,4348.343305,6233.254139,1840.810804,1102.81759,39415.62,1.60E-10,5.51E-10,-1.27E-11
6859,1956.295022,12613.82637,368.8222767,1926.789569,7045.275587,111.9590723,0.303279396,4389.376557,6257.602578,925.4748364,977.8448534,36573.57,1.16E-10,3.02E-10,3.96E-12
6860,1787.848815,11139.22951,279.3776705,1493.343516,6981.612061,111.5160881,0.267481571,4342.140923,6205.112156,422.9281415,1121.893638,33885.27,1.55E-10,3.66E-10,2.92E-12
6861,1591.028701,8709.213836,206.1019146,1453.253789,6719.52428,107.0162083,0.017755564,3917.424678,5838.816393,1668.781237,767.8712079,30979.05,2.31E-10,5.16E-10,2.80E-12
6862,1595.015502,7615.457742,118.030854,864.6974978,6799.233531,108.2477075,0.019119648,3233.266355,5126.907184,1726.240023,751.3644844,27938.48,1.53E-10,5.71E-10,1.80E-14
6863,1472.094665,6580.365934,46.60501119,771.4948274,6522.632246,103.331742,0.014518695,3103.09009,4703.413874,1673.873432,750.013659,25726.93,1.85E-10,1.20E-09,-6.00E-14
6864,1502.40502,6889.488784,39.14339435,718.4287818,6399.915302,100.5704396,0.012239961,2738.965735,4393.470807,1677.142588,724.74,25184.28,1.97E-10,0.003091898,-5.67E-12
6865,1699.000495,6479.99769,32.77489234,701.7445418,6306.8618,99.02867081,0.010728279,2526.221653,4283.927976,1646.149622,734.3919302,24510.11,2.28E-10,3.45E-09,7.82E-12
6866,1934.18424,6519.475815,68.22089225,776.5601497,6976.582981,111.0167071,0.022411594,1583.950664,3227.9532,1935.306743,790.0661954,23923.34,1.19E-10,3.95E-10,2.70E-12
6867,1857.743341,6985.343867,41.26891112,720.9939065,6473.06954,101.9876164,0.013606631,2160.84051,3119.426665,1853.623107,724.64,24038.95,1.74E-10,0.001069805,-2.90E-12
6868,1922.708104,8135.633013,52.39353614,897.3035575,6491.77969,102.1473589,0.013802302,1841.704972,2627.485748,1875.526743,732.953475,24679.65,1.79E-10,2.23E-09,-5.60E-12
6869,2061.614833,9857.294963,88.71073432,945.9583687,6558.306168,103.3310576,0.029914259,1593.809212,2281.794669,2099.115205,972.3448757,26562.31,1.86E-10,1.01E-09,5.29E-12
6870,2445.864755,12603.61281,169.1831713,990.0877906,6616.352997,104.4182819,11.7384516,1373.240371,1990.627084,2307.599947,1118.924341,29731.65,1.80E-10,1.28E-09,4.37E-12
6871,2557.585197,15577.48405,473.9729066,1289.792633,6854.799014,108.5592815,164.7359903,1240.344576,1927.474332,2365.586052,1148.225965,33708.56,1.45E-10,6.67E-10,-4.05E-12
6872,2567.347005,17915.17248,692.0124186,1712.20143,6865.269322,108.8858926,468.8464094,1279.103238,1799.714808,2280.015992,1148.051005,36836.62,1.44E-10,6.79E-10,1.42E-11
6873,2507.084973,19153.40269,693.0721213,2083.957755,6834.178003,107.851405,806.3554548,1437.393334,1765.395965,2236.192721,1118.265581,38743.15,1.38E-10,1.51E-09,-3.02E-12
6874,2610.215683,19787.15834,636.9597792,1846.200721,6763.053419,106.2018997,1236.062407,1537.89674,1819.921224,2225.033881,1093.305905,39662.01,1.74E-10,5.94E-10,-4.70E-12
6875,2717.36607,19983.81101,590.4265878,2112.791579,6811.945213,106.8076709,1722.285628,1925.464594,1845.378827,2247.864075,1085.488742,41149.63,1.45E-10,6.80E-10,-2.58E-12
6876,2671.95854,19568.03061,643.6291475,1541.521062,6766.235542,105.5863389,1897.402922,2070.623815,1775.802401,2255.829134,1098.410492,40395.03,1.50E-10,5.15E-10,-2.66E-12
6877,2694.578953,18841.77682,579.8108932,1442.658258,6738.468063,104.8528312,2136.613162,2028.384311,1640.311401,2272.211493,1066.593811,39546.26,1.54E-10,7.32E-10,2.04E-12
6878,2730.854871,18979.07725,581.7471799,1424.677492,6763.708503,106.4794046,2074.46953,2013.475039,1611.818447,2340.589069,1075.723218,39702.62,1.54E-10,4.16E-10,-1.02E-11
6879,2796.379491,20326.50841,1110.778961,1417.86033,6918.304175,111.7280608,1410.566243,2215.673006,1691.582943,2382.8049,1156.09348,41538.28,1.42E-10,4.66E-10,2.79E-12
6880,2868.265202,22161.4683,1575.348923,1507.612667,7105.028359,116.0320312,445.9387036,2591.461805,2011.524515,2396.346324,1157.353166,43936.38,1.37E-10,5.28E-10,-2.45E-12
6881,2902.163693,23047.81334,1827.793562,2428.982115,7163.354999,116.7572491,9.067660821,2793.924048,2020.724721,2376.518204,1177.030406,45864.13,1.70E-10,4.57E-10,-1.55E-12
6882,2812.831352,22414.37477,1492.410175,2840.217274,7041.759525,113.2186371,0.438087493,2783.835705,1907.122126,2265.847911,1170.324433,44842.38,1.76E-10,4.27E-10,7.90E-12
6883,2769.805365,21718.81347,1024.105578,1542.498432,6987.158737,112.0289892,0.198857476,2642.380366,1848.289875,2349.827453,1118.13288,42113.24,1.38E-10,4.04E-10,4.56E-12
6884,2751.187378,18846.69538,823.9888247,1272.641789,6988.53436,112.6494899,0.220970634,2631.194781,1906.321433,2246.696343,1109.529248,38689.66,1.62E-10,4.39E-10,9.73E-12
6885,2690.648556,15420.09657,480.6297762,1264.449178,6969.215136,112.5933615,0.021703517,2635.033062,1977.205811,2109.003719,886.9931255,34545.89,1.60E-10,9.06E-10,-3.16E-12
6886,2540.227561,12355.2006,125.4549047,925.6164339,6780.869711,109.1791669,0.018638646,2528.594847,1879.255403,2040.642471,927.8702653,30212.93,1.48E-10,1.04E-09,-8.41E-13
6887,2354.406331,10766.21208,112.1679928,710.9809575,6494.455037,104.0423577,0.013699861,2480.972968,1755.110555,1979.878099,899.74,27657.98,1.86E-10,8.13E-05,-1.69E-12
6888,2410.821558,10254.45877,127.4906052,698.497028,6588.814258,105.37687,0.015438625,2419.032194,1779.844457,2004.50106,918.3377609,27307.19,1.80E-10,1.71E-09,4.18E-12
6889,2471.206115,10324.68177,127.8640158,701.8691283,6574.750108,105.2790217,0.015324997,2038.744431,1768.773862,2011.54729,899.67,27024.4,1.72E-10,0.001070682,-1.78E-12
6890,2408.283838,9897.616292,153.6494923,699.0939289,6493.395855,103.7598935,0.013815154,2009.53788,1640.256023,2013.258323,923.18,26342.04,2.01E-10,0.005341354,-2.05E-12
6891,2438.98534,9506.702078,228.468743,725.0783284,6513.720607,104.1296707,0.014157987,2199.261089,1680.040679,1988.045621,857.62,26242.06,2.51E-10,0.006314702,7.93E-12
6892,2663.444934,11008.4398,493.6474136,839.0622359,6990.502365,112.277565,0.022389513,2132.515412,1943.576933,2031.710079,26.62087095,28241.82,1.75E-10,5.34E-10,1.42E-13
6893,3089.673867,15090.6018,1740.697283,1212.920489,7420.96115,119.5595525,0.059416186,2293.95107,2209.407884,1867.013341,99.24414993,35144.09,1.31E-10,1.87E-10,2.01E-12
6894,3444.682168,21672.58292,2620.304163,1662.835768,7325.712135,118.0092715,13.04005759,2131.975091,2121.923953,2228.8216,215.1928774,43555.08,1.30E-10,2.90E-10,-5.35E-12
6895,3410.958183,24124.65054,3088.064169,1501.678146,7114.731841,114.1372148,234.9416311,2064.058415,2154.888646,2020.518355,242.0328555,46070.66,1.57E-10,4.57E-10,5.06E-12
6896,3465.261015,24565.60696,3144.714295,1570.890867,7087.318056,113.8435562,689.9652776,2154.961164,2245.904866,1810.05159,166.2823543,47014.8,1.60E-10,6.00E-10,-2.51E-12
6897,3395.691737,24230.60895,3426.836073,1550.32048,6901.597306,108.2043564,1224.643863,2125.667391,2185.565123,1415.376848,243.5778688,46808.09,1.74E-10,1.13E-09,-4.62E-12
6898,3315.302193,23606.3472,3358.397044,1261.312762,6669.275506,101.780275,1965.476905,2067.117651,2162.00908,1706.454655,221.4467298,46434.92,2.47E-10,3.10E-09,3.76E-14
6899,3303.568792,23285.97109,3359.617347,1018.345188,6660.722298,104.6334258,2378.760476,2042.042852,2137.127842,1691.673235,235.3474547,46217.81,2.26E-10,2.00E-09,-4.46E-12
6900,3274.357827,22936.6959,3248.778351,1018.751696,6645.741694,105.0802832,2284.237235,2066.282957,2135.3746,1636.676598,342.0828563,45694.06,2.47E-10,1.80E-09,3.78E-12
6901,3360.621275,23228.32198,3238.719861,1046.016053,6893.785705,108.6180122,2102.306747,2161.592355,2254.468611,1114.507436,54.1519676,45563.11,1.80E-10,4.54E-10,-1.03E-12
6902,3292.364756,23224.63565,3505.067805,994.3247526,6723.631738,106.0096849,1548.361531,2048.636367,2105.065659,2018.219077,29.71297957,45596.03,2.35E-10,6.37E-10,1.91E-12
6903,3338.505801,24401.57537,3921.188799,1353.74742,6883.169907,110.3360383,878.9285535,2000.790376,2144.461081,2280.308039,528.7486149,47841.76,1.96E-10,1.17E-09,4.92E-12
6904,3407.806632,25751.7504,3832.024274,2052.771266,7032.350367,113.9541223,271.3797306,2043.163399,2330.544514,2332.081727,742.2135669,49910.04,1.64E-10,6.85E-10,9.41E-12
6905,3400.659197,26179.75583,3833.056926,2948.094174,7033.717351,113.6133419,6.054583586,2054.958929,2544.467617,2354.475719,1138.736328,51607.59,1.80E-10,6.86E-10,-4.88E-13
6906,3417.315179,26216.37529,3495.60642,2901.486638,7139.084777,113.7508167,0.420587379,2056.517022,2622.559458,2381.749363,396.8244439,50741.69,1.59E-10,7.77E-10,9.97E-12
6907,3472.127446,25173.60697,3094.185429,1726.50639,7090.515237,113.1313721,0.191564159,1782.998497,2747.977208,1231.710921,985.9589658,47418.91,1.34E-10,9.77E-10,-1.26E-11
6908,3383.571241,21853.64261,1900.300214,1046.481154,6777.613025,108.4359008,0.166924655,1662.909902,3081.517959,2183.325949,1047.925119,43045.89,2.14E-10,1.99E-09,-8.64E-12
6909,3395.466073,17417.93887,1220.255345,1029.208038,6920.371937,101.042758,0.021042758,1607.370115,3353.932004,1938.602063,888.0817556,37872.29,2.13E-10,3.09E-09,-2.99E-12
6910,3266.982914,13037.05027,1167.741035,788.189938,6836.166164,88.09482995,0.019524366,1370.635139,3660.353979,1974.884022,898.7821845,33088.9,1.53E-10,1.31E-09,-3.00E-12
6911,3208.017544,10287.36176,1174.52833,698.7180456,6759.742249,85.77119487,0.018264332,1145.002259,3936.346917,1960.583802,892.5296302,30148.62,1.59E-10,1.96E-09,-5.18E-13
6912,3176.412698,9620.265986,1182.864518,701.0436352,6664.641595,83.58709746,0.016511756,1103.211169,4187.654373,1961.741674,877.4907428,29558.93,1.71E-10,3.90E-08,5.52E-13
6913,3073.173742,9366.059916,1132.065792,702.1469063,6709.091118,84.48110411,0.017440322,1180.339861,4178.107024,1958.797469,875.39,29259.67,1.71E-10,0.000373003,2.66E-12
6914,2951.731299,8761.510208,1022.26173,675.1787821,6730.513476,84.7127453,0.017722954,1189.530959,4204.818337,1968.868182,870.1465599,28459.29,1.56E-10,7.76E-07,-4.88E-13
6915,3329.180499,8613.491591,990.8934781,718.6965564,7081.918538,90.64212236,0.023959918,1419.192255,4564.276716,1197.142647,421.0216377,28426.48,1.32E-10,3.47E-10,-1.94E-12
6916,3429.888081,10336.8815,1410.238043,837.6600859,7324.548623,94.47109115,0.028100946,1821.872687,4927.208429,254.6622592,361.3910983,30145.85,653,1.59E-10,-3.30E-12
6917,3434.498808,14681.5091,2424.65747,851.5119654,7265.728079,93.63609183,0.054371351,1839.600139,5226.39268,254.2066262,559.9946725,36470.79,161,2.10E-10,3.95E-12
6918,3464.931974,19703.31246,2911.845324,1441.70598,7244.390404,94.38081027,13.24160624,1745.243957,5377.717453,1087.569528,265.0405027,43349.38,1.29E-10,2.97E-10,-4.37E-12
6919,3449.918,20405.07065,3013.61017,1916.73325,7211.959898,108.0071948,340.8058487,1958.748695,5575.457069,316.5143882,882.9148354,45179.74,1.36E-10,5.82E-10,2.35E-12
6920,3453.720289,20790.61722,3102.45817,1272.409802,7276.762405,93.77532377,1268.076808,2194.898037,6159.277532,259.3559116,958.8985053,45602.25,1228,4.85E-10,5.46E-12
6921,3293.76915,19877.17144,3709.265453,1095.318751,6900.816015,87.93725045,2156.268448,2016.622394,6195.752021,140.2122885,1130.17679,44921.31,1682,8.34E-10,4.77E-12
6922,3116.849308,18829.70659,3546.254887,869.6791303,6535.658748,81.78596091,3280.7922,1804.94457,6174.933761,106.5560594,666.1887849,43835.35,1178,3.12E-09,-2.27E-13
6923,3107.318954,18139.92352,3335.463904,810.1433245,6523.694217,81.31793432,3494.220798,1896.89433,6191.005369,97.3952174,577.2424326,43184.62,1070,3.73E-09,-6.14E-12
6924,3148.426537,17538.56304,3091.87595,803.576477,6535.715632,81.84267402,3006.430153,1974.522161,6361.726003,107.3990416,280.8723293,42056.95,874,1.56E-09,-4.21E-12
6925,3172.412465,17307.48085,3140.501942,859.0429847,6601.131111,81.29391061,2493.710379,2222.173195,6353.424211,113.699559,35.11939275,42003.99,376,6.84E-10,8.87E-12
6926,3213.976764,17356.81737,3196.844499,941.5556256,6727.090422,85.37077555,2045.851156,2362.011169,6564.963057,182.9414669,271.0076906,42524.43,424,4.71E-10,1.14E-11
6927,3289.064291,19850.9906,3417.180707,1269.559938,6972.09525,90.86596971,1196.13727,2617.247115,6425.191052,271.3931878,361.7246228,45576.45,185,6.20E-10,2.04E-11
6928,3321.185263,22109.4982,3704.559796,1427.27821,7058.246681,92.25195626,363.7928237,2679.985412,6272.429029,300.5573431,862.1352834,47913.92,278,4.35E-10,-4.15E-12
6929,3187.980867,22401.14242,4006.07737,2470.992345,6800.836823,87.5419743,6.401118974,2608.918891,5667.933878,1500.850925,1114.683388,49853.36,2.39E-10,1.37E-09,7.08E-13
6930,3331.258754,23159.98563,3706.452114,2044.566245,7273.904583,94.65208832,2.487623725,2777.689579,5809.609506,439.4914943,757.6223868,49397.72,1.37E-10,3.74E-10,-1.16E-12
6931,3229.131594,21132.22511,3361.849195,1688.497258,6999.389438,89.41452649,0.156347577,2694.806607,5782.213905,229.4769608,1100.899061,46142.06,166,4.80E-10,3.07E-12
6932,3219.01916,19296.51853,2230.185803,1211.423427,6992.370731,89.839831,2.243352591,2662.821996,5368.942789,180.039271,1113.535106,41745.94,621,4.21E-10,-2.61E-12
6933,2579.083262,15494.10296,1421.060459,1209.192623,6592.809393,83.58828408,0.015388486,2500.816079,4826.081783,1034.82336,900.52,36642.09,2.88E-10,0.003591593,-5.69E-12
6934,1804.821344,12123.2845,858.0656699,764.4924031,6627.374428,82.84967794,0.016053706,2239.341482,4576.773455,1730.344756,931.3862298,31738.75,1.93E-10,9.39E-10,3.21E-12
6935,1720.472688,10236.9802,745.0495874,642.1658758,6434.285027,80.78783023,0.012798947,1925.231264,4206.107373,1869.268649,899.85,28760.21,2.17E-10,0.001288283,-1.01E-12
6936,1760.932586,10123.64037,756.9120096,638.63205,6565.075363,81.36113541,0.014995663,1589.703685,4082.287652,1938.262901,899.66,28436.48,1.69E-10,0.002745384,-2.12E-12
6937,1737.862861,10425.40768,747.5367782,616.2034884,6500.503389,81.36316357,0.013844528,1627.597701,3800.871611,1895.321954,899.37,28332.05,2.04E-10,0.002467061,2.33E-13
6938,1770.729875,9940.349429,749.9125802,614.8431992,6593.902622,81.80596648,0.015494912,1777.461836,3456.653322,1918.295968,894.06,27798.03,1.75E-10,0.000292491,4.05E-12
6939,1990.308208,10719.09498,834.6895153,687.0715386,7244.845228,93.02241591,0.026900802,2219.533126,3422.064769,380.9114757,429.3718408,28020.94,1.12E-10,2.56E-10,2.94E-12
6940,2054.068963,13813.08455,1427.565547,719.6967229,7362.578744,94.76326538,0.028915001,2057.615504,3233.117449,222.3908808,78.04945636,29987.96,1075,1.50E-10,-9.09E-13
6941,2278.756335,18023.33933,3519.995472,819.4803066,7396.660501,95.24005918,0.058834214,1903.639938,3088.035269,241.9340495,258.3099093,36712.45,913,1.58E-10,7.73E-12
6942,3184.629617,23193.04502,4578.031238,1431.420564,7203.239386,92.31329761,16.91054124,1700.190275,2941.566669,295.7123274,252.7610595,44836.82,53,2.72E-10,-1.71E-12
6943,3201.025876,24363.27212,5402.063732,1353.145626,7022.5078,90.8678846,375.1254474,1528.158859,2872.713648,230.5799634,331.7090415,46727.17,44,5.91E-10,-4.77E-12
6944,3151.548145,24196.93044,5750.073187,1213.276382,7006.190079,89.3026647,1215.667501,997.5627097,2267.371242,168.0587873,1121.878859,46514.86,663,8.53E-10,-3.75E-12
6945,3148.583322,24270.44051,5188.472533,1171.165077,7080.04365,88.68898775,2391.906654,543.6842034,1765.794318,133.3829503,1182.497798,45555.66,1409,3.90E-10,-1.82E-12
6946,2986.370294,23195.30529,4916.372963,1055.199113,6666.264961,82.8344533,2951.460579,816.1622125,2296.633576,91.2526211,1054.773941,44737.63,1375,1.39E-09,1.61E-11
6947,2853.774066,22594.05083,4310.399891,865.5254989,6334.4827,78.03837661,3030.28343,1120.490157,2809.013466,54.01504918,1013.09,44382.16,681,0.003468065,2.27E-12
6948,2867.493638,22133.89421,3925.88468,906.5086425,6444.891266,79.65511242,2983.816399,1191.83612,2900.151253,67.56019379,228.21848,43600.91,129,9.48E-09,-2.50E-12
6949,2949.208938,22453.78762,3806.731584,1010.712489,6563.42389,81.08711698,2679.944008,1097.082118,3047.159034,89.83392661,184.1392764,43580.11,383,9.28E-10,1.59E-12
6950,3008.643917,22575.01246,4349.894776,1055.504979,6673.994267,86.80191677,2005.005696,1085.52285,3121.223118,146.631971,187.2640473,44218.5,77,4.96E-10,3.85E-12
6951,3087.536403,23549.97389,5362.708001,1280.624357,6581.512427,85.51305929,1197.883191,1124.9839,2982.305695,1671.586445,13.39263015,46760.74,2.25E-10,177.28,7.11E-13
6952,3211.539103,24844.62978,6012.283495,1588.854804,6744.35054,88.45816583,308.770511,1290.777028,3045.289606,2053.700213,71.99675522,49260.65,1.82E-10,4.45E-10,-8.43E-12
6953,3190.811361,25319.14706,6278.149253,2573.605408,6777.96927,94.65549075,7.495593273,1372.59173,2961.968198,2296.001757,770.0548819,51642.45,2.02E-10,5.02E-10,1.55E-12
6954,3318.987172,26141.47136,6643.88552,1879.380878,7043.449458,95.06722769,1.428161999,1563.765459,2958.450885,1189.578216,311.435657,51146.9,1.36E-10,3.34E-10,1.02E-11
6955,3192.921135,24615.87588,5377.077547,1504.487617,6707.208547,87.10561181,1.125879109,1509.60715,2757.082483,695.6110333,1080.647116,47528.75,1.55E-10,5.38E-10,5.50E-12
6956,3162.322249,22758.37603,3440.810245,1213.423335,6629.448262,86.48088263,0.176574572,1435.503538,2642.825895,736.7241835,1080.268801,43186.36,2.10E-10,7.18E-10,3.78E-12
6957,2572.774223,19505.62626,1893.225771,952.9262359,6320.472308,80.78710039,0.014271318,1282.949673,2282.281518,2045.05718,974.81,37910.92,3.61E-10,0.004539993,1.50E-12
6958,2129.611895,15315.26164,1694.493225,644.6184067,6480.558125,83.94360809,0.017117535,1366.078964,2267.43224,2074.599373,957.4054066,33014.02,1.76E-10,9.67E-10,-8.04E-12
6959,2065.191425,12806.08357,1454.229065,614.6202139,6363.427173,82.03548862,0.01498332,1433.042081,2124.147056,2055.139028,935.4799165,29933.41,1.99E-10,3.41E-09,-4.50E-12
6960,1745.365544,12941.78854,1574.936287,607.0104851,6308.245023,80.83841814,0.014110153,1363.846659,1832.65052,2041.853667,938.6207506,29435.17,2.10E-10,2.53E-09,4.09E-12
6961,1731.961677,12743.05855,1578.772219,594.9574446,6265.473062,79.18036244,0.013309956,1412.788967,1866.214817,2039.17059,938.4889965,29250.08,2.13E-10,2.30E-09,3.79E-13
6962,1730.964291,12236.9458,1517.603452,583.2258145,6264.877398,80.12417689,0.013258852,1411.98381,1795.748,2034.274788,922.57,28578.33,2.14E-10,0.000791837,-4.48E-12
6963,1842.721406,12634.55883,1549.762132,626.6645597,6606.233954,85.36175967,0.019455125,1475.04419,1942.731323,1050.31159,831.7107967,28645.12,1.48E-10,3.44E-10,2.48E-12
6964,1970.12002,15027.19693,1963.303738,715.5440553,6945.037282,89.41597871,0.025525601,1577.608025,2005.978301,432.8488147,74.26132963,30621.13,1.61E-10,180.21,1.82E-12
6965,1875.512734,18831.45188,3117.831549,941.0883105,6594.9098,84.31724523,0.038850584,1517.141238,1866.983707,2064.773728,521.2809546,37415.33,2.77E-10,2.97E-10,1.33E-12
6966,2026.81749,23640.75649,4263.166728,1414.81508,6875.673441,88.56917644,22.67425557,1632.404,2009.843271,2303.59078,1167.74929,45446.06,1.49E-10,2.87E-10,-2.64E-13
6967,1970.028177,24071.09529,4631.510606,1692.340945,6677.372408,85.94772735,818.5529024,1627.771593,1854.130826,2239.87777,1139.571757,46808.2,1.76E-10,6.38E-10,8.64E-12
6968,1943.606322,23316.75405,4446.637169,1204.339712,6244.945548,83.16814383,2252.929975,1501.338694,1466.119269,1992.738221,1119.832895,45572.41,2.23E-10,1.23E-09,-1.30E-12
6969,2147.847878,15051.03671,1795.664754,1149.355313,5375.09031,77.64066094,5792.807981,3223.520587,4465.151427,2578.291202,1959.213182,43615.62,3.44E-11,3.94E-11,-1.05E-12
6970,1959.349406,13454.6114,1575.084094,984.5198745,4855.717003,67.0723759,7629.242345,3015.283978,4374.432153,2284.968218,1759.319152,41959.6,3.93E-11,4.26E-11,-1.91E-12
6971,1867.238006,12568.89215,1459.283339,878.1157983,4622.617614,63.94836301,8460.527861,3039.547644,4358.308404,2204.382287,1684.888535,41207.75,4.00E-11,4.69E-11,7.67E-12
6972,1706.168663,19222.89988,3011.47099,679.7473147,5635.237068,109.6166373,5342.973374,1191.157481,1206.584834,1371.89215,1025.13,40502.87,4.66E-09,0.008388161,4.87E-12
6973,1747.752636,19740.73956,3067.373214,725.0945333,5745.425934,109.0461058,4467.831023,1237.804325,1324.863003,1591.54523,1025.05,40782.52,1.03E-09,0.005564782,4.78E-12
6974,1772.252117,20578.19612,3464.008656,814.5524225,5922.461415,112.1664884,3384.36015,1284.848121,1416.179001,2092.006037,1025.04,41866.07,5.09E-10,0.000529876,-1.28E-12
6975,1947.151437,22753.15749,4387.926379,934.1602344,6370.413647,101.8149751,2121.964618,1390.763066,1627.770045,2193.557218,1118.790893,44947.47,2.53E-10,7.33E-10,-3.62E-12
6976,2074.789048,24896.99832,5750.598165,1521.896838,6681.560878,95.71267913,586.0304605,1407.301964,1770.522342,2292.765603,1179.333708,48257.51,1.66E-10,3.33E-10,1.01E-11
6977,2142.476384,26102.31933,6560.468803,2553.26582,6791.268888,132.9094792,8.848070478,1384.728245,1925.924666,2348.000251,1214.320062,51164.53,1.80E-10,2.97E-10,2.73E-12
6978,2117.072602,25956.61406,6539.733109,2572.483834,6686.612889,129.5646163,3.413336964,1231.279271,2040.283827,2329.206378,1170.976077,50777.24,1.61E-10,3.49E-10,-1.54E-12
6979,2090.07689,25017.59805,6046.002073,1529.393747,6404.689071,128.3220775,3.193998468,1092.609425,2162.36836,2274.547691,1118.748617,47867.55,1.42E-10,3.98E-10,1.28E-11
6980,2060.13442,23000.56968,4785.278781,959.5402053,6084.310482,127.9018057,2.223518574,1015.469112,2283.667926,2239.347419,1129.576646,43688.02,1.66E-10,3.51E-10,-7.27E-13
6981,2018.831259,20321.33842,2328.014922,870.0525989,6011.079328,127.386186,0.019623235,925.2935816,2632.157017,2175.309025,991.1280433,38400.61,1.92E-10,2.66E-09,-3.30E-12
6982,1994.38669,16206.82859,1100.779606,665.0812642,6236.937164,126.9266135,0.019613689,987.2880251,2869.278204,2243.569559,1018.614675,33449.71,1.50E-10,7.61E-10,-1.86E-12
6983,1984.262091,12906.18537,1019.145713,634.3059563,6332.165331,86.20960735,0.01852571,1019.635712,2992.036577,2213.001351,1013.283762,30200.25,1.74E-10,8.93E-10,-9.29E-13
6984,1955.48303,12327.80743,1008.655742,566.0149451,6114.436742,39.42918437,0.016661105,1038.197789,3091.849455,2199.075587,1003.853431,29344.82,1.82E-10,1.23E-09,-4.33E-12
6985,1914.187021,12163.512,953.6359073,548.0806279,5947.226898,37.55610927,0.014131338,982.1911777,3279.891085,2163.122688,939.0423495,28928.46,2.08E-10,2.66E-09,4.88E-12
6986,1904.267096,11130.98801,983.0452207,542.376888,6119.581587,36.37614707,0.013927714,984.7266121,3276.954177,2189.211971,857.21,28024.75,1.88E-10,0.001636963,-2.27E-12
6987,1980.714666,11388.68256,1005.767287,573.3091133,6466.820547,39.99446103,0.018734218,1100.983543,3516.840753,2065.402713,17.07562209,27930.62,1.51E-10,224.99,5.97E-13
6988,2221.786872,13930.6781,1162.021311,710.0144068,6946.916875,46.4308097,0.027423906,1228.887911,3951.95319,190.5005937,60.7425089,29916.96,533,1.64E-10,0
6989,2568.030359,18226.18402,2156.547616,810.3074415,6569.204105,44.0131358,1.072536117,1227.190685,4210.818199,549.3205539,73.94134836,36436.63,1.91E-10,2.13E-10,-3.78E-12
6990,3347.091917,21768.43572,3409.684395,1290.56258,6499.093723,44.68288967,17.64059493,1396.774706,4534.473406,1790.121485,64.84857911,44163.41,1.65E-10,3.63E-10,1.74E-11
6991,3369.85477,23537.48464,3597.923296,1305.486185,6442.841796,48.49537086,712.8600453,1497.04128,4683.474362,1091.441899,57.19636114,46344.1,1.68E-10,5.21E-10,2.59E-12
6992,3334.387461,23673.88174,3668.699274,1379.953963,6201.154238,46.44841967,2279.160306,835.5269112,3295.795006,190.0038138,321.7488707,44887.76,339,6.17E-10,-1.19E-11
6993,3023.208096,21012.82962,3130.823168,797.3793009,5584.232372,32.96042167,3662.895879,1122.870012,4127.331324,60.23441932,546,42736.76,364,0.004614992,6.65E-12
6994,2957.701776,19376.77638,2612.281296,653.4725099,5386.694412,28.81301689,4733.78837,1093.792419,4022.452277,0.87573622,769.75,41237.39,399,0.008190646,-9.66E-13
6995,2886,17885,2490,600,5149,27,5500,922,3680,530,1022.28,40686.24685,5.019242249,0.013911725,-6.99E-12
6996,2902.543516,17189.63623,1474.204732,621.8795914,5182.636161,33.4533523,5415.84594,837.0238639,3733.058655,252,803.94,38445.77,0.441354057,0.010689862,-1.37E-11
6997,3036.803584,17577.53424,1459.337837,784.1594267,5478.696407,54.09543509,4590.57307,965.760967,4001.255258,436.2172419,2.59E-09,38284.04,9.28E-10,100.3934621,7.11E-13
6998,2961.701924,18926.52881,1741.044325,753.2038057,5448.500319,64.79414692,3468.168435,938.0786802,3604.214002,1828.305164,1.08E-09,39270.68,1.19E-09,463.8596088,8.53E-13
6999,3112.039048,20495.83656,3196.022027,970.1270339,5791.001744,66.28228693,2008.120976,1023.723343,3430.554918,2125.39776,369.62,42588.57,4.73E-10,0.155697437,-1.66E-12
7000,3302.347907,23116.89102,4229.425139,1529.89738,6180.944427,73.35049601,421.4817925,1119.772697,2878.83668,2251.503204,1124.659263,46229.11,2.24E-10,7.35E-10,5.57E-13
7001,3443.931611,24766.94761,4579.703309,2745.733481,6259.926695,83.14024191,9.746776246,1150.344853,2385.603236,2299.43245,1166.589732,48891.1,2.14E-10,4.99E-10,-3.88E-13
7002,3366.730468,24536.01462,4040.768428,3017.524783,6152.752031,86.53209438,4.369348928,1139.052357,1943.529248,2294.168236,1125.508387,47706.95,1.84E-10,9.23E-10,6.74E-12
7003,3361.136775,23776.97951,3816.752247,1816.411314,6126.647964,81.06411181,3.189485683,1108.053857,1859.641977,2276.748127,1115.554632,45342.18,1.60E-10,4.20E-10,2.86E-12
7004,3345.843666,21817.14057,2947.476535,1061.021609,6018.141099,82.10603897,2.164196076,1103.145846,2017.420578,2222.628127,1104.511733,41721.6,2.03E-10,4.77E-10,-1.06E-11
7005,3393.269733,18619.85636,2049.280898,769.5827509,6137.406061,82.1208332,0.018174079,1061.557669,2009.873507,2240.045577,1048.038433,37411.05,2.31E-10,1.74E-09,-5.38E-13
7006,3025.121923,15155.5703,1491.484113,705.5886719,6325.73943,81.74808151,0.019466108,1046.054585,2149.693535,2166.38945,976.4404455,33123.85,1.45E-10,6.48E-10,-1.36E-14
7007,2361.794183,13242.61465,829.8428049,585.2287023,6466.49002,80.71444306,0.019184411,1028.312162,2216.630354,2119.578676,955.314821,29886.54,1.76E-10,1.18E-09,-4.22E-13
7008,2089.497038,13035.1742,578.1087491,578.4092553,6334.83241,36.92633521,0.016758183,968.6981362,2434.531123,2072.367034,940.32896,29068.89,2.13E-10,2.67E-09,-6.55E-12
7009,1987.477971,12774.29619,442.3193108,511.1593628,6057.07594,33.73910001,0.011869786,988.2227117,2584.77378,2039.533955,924.56,28343.17,2.46E-10,0.00018807,2.44E-12
7010,1970.677099,11892.40908,52.9573229,506.8146781,5829.340456,34.39361339,0.011339898,981.5174456,2922.428806,2066.592453,924.63,27181.77,2.17E-10,0.002291558,-3.59E-12
7011,1986.033891,11572.70786,60.4545215,357.0064659,5671.278637,35.27085744,0.012665938,998.1014844,3177.242903,2006.823769,932.5169466,26797.45,2.18E-10,2.57E-09,-5.14E-12
7012,2022.0205,11885.04251,106.9592789,380.9612932,5793.442898,35.1505454,0.014056138,1012.47034,3410.168115,1944.728839,929.9816283,27520.94,2.37E-10,2.61E-09,-4.92E-13
7013,2069.856125,13335.22714,252.1561546,650.8571376,5999.514146,36.46045648,0.032136579,1091.417261,3757.281174,2156.75902,1048.249253,30397.81,2.63E-10,7.82E-10,-1.21E-12
7014,2198.808341,16007.06236,403.3054653,825.3861135,6398.254233,40.02261337,62.92710117,1136.882582,4121.235288,2247.113488,1142.462414,34583.46,2.09E-10,4.13E-10,3.04E-12
7015,2178.339032,18039.02643,425.6008815,1134.255981,6345.318433,38.61660381,897.06227,1187.002056,4273.941842,2218.562732,1115.173739,37852.9,2.12E-10,1.11E-09,8.33E-12
7016,2069.963172,17951.85466,332.7870158,1273.428659,5982.852908,35.02343382,2504.69414,1079.545994,4278.55118,2153.959699,1086.01,38748.67,2.56E-10,0.000856417,-1.15E-12
7017,2077.689869,17424.26757,304.3994441,1024.332596,5913.390559,34.35310299,1994.498152,1174.538504,4372.121638,2163.617607,1106.89096,37590.1,2.21E-10,2.19E-09,-5.19E-13
7018,1897.963605,14927.73932,147.0423644,874.7740998,5538.766495,29.22144193,4406.14767,1173.457609,3994.394207,2065.778466,1025.23,36080.51,6.82E-10,0.00528222,1.14E-12
7019,1813.202687,12754.23358,77.24553577,710.839445,5462.815043,27.02957218,5123.116735,1221.321865,4043.476196,2045.291453,1025.11,34303.67,1.19E-09,0.012111843,-1.03E-12
7020,1766,11624,46.00000001,620,5388,27.00000001,5295,1143,3930,2035.262927,1025.03,32899.28003,1.83E-09,0.012898539,5.81E-12
7021,1774.956402,11127.75449,73.4628029,691.3979579,5288.344022,51.14484881,4591.014442,1164.93094,4177.47652,2061.444997,1022.56,32023.49,7.80E-10,0.997421406,-2.09E-12
7022,1908.097055,12710.1898,182.6387788,719.7650695,5584.717364,65.60178155,3451.957758,1297.480191,4408.016177,2108.842621,655.04,33092.19,5.01E-10,0.156593946,-6.33E-12
7023,2015.026339,16259.77016,385.1354618,920.5927866,5721.488561,75.44947402,1919.149052,1380.031922,4253.190367,2191.659282,1098.416593,36219.91,3.05E-10,1.37E-09,2.16E-12
7024,2166.449387,19457.12973,1384.553846,1386.397386,6158.763269,81.11570869,447.5284551,1490.388993,4285.356839,2268.533645,1156.792739,40283.01,2.17E-10,4.95E-10,1.40E-12
7025,2200.27011,20793.40616,2048.573771,2990.262879,6414.048841,82.32836991,7.232329804,1410.857929,4098.633628,2316.927695,1151.458284,43514,2.09E-10,6.34E-10,8.73E-12
7026,2164.720596,20103.19193,2158.16603,2758.477841,6403.465578,78.84047214,4.31301244,1452.356234,4028.16755,2273.085118,1116.485635,42541.27,2.09E-10,1.26E-09,-4.69E-12
7027,2179.877064,19049.48278,1662.183874,1531.631681,6407.461944,79.86526506,2.166609447,1493.3639,4109.984622,2308.551795,1092.800469,39917.37,1.49E-10,5.80E-10,-8.69E-12
7028,2187.485736,17726.61113,902.3989901,1172.436541,6439.771746,85.50248324,1.133972078,1500.777176,4280.544232,2014.589607,1030.318387,37341.57,1.67E-10,7.39E-10,-3.71E-12
7029,2140.085936,16031.65118,241.7699753,878.1970958,6360.522875,79.04231348,0.017685534,1468.742896,4106.705219,1977.183038,915.6517874,34199.57,2.00E-10,8.91E-10,5.51E-13
7030,2078.291935,13247.52909,172.2898935,651.9346906,6255.494238,78.683869,0.01624055,1510.887861,3911.923826,1942.251464,882.0868938,30731.39,1.87E-10,1.15E-09,4.37E-12
7031,2068.94145,10895.74111,154.2888808,641.5642765,5958.929036,77.19356722,0.016522449,1443.646365,4117.711244,1837.558545,812.3090023,28007.9,2.03E-10,3.80E-09,1.91E-12
7032,2042.013621,10621.36771,145.7129924,616.7452174,5758.814042,74.87065696,0.015115861,1564.732842,3821.9884,1823.601491,800.7879137,27270.65,2.17E-10,1.03E-07,-2.48E-13
7033,2014.625814,10252.4908,136.5580693,602.9865322,5842.24531,54.80407316,0.013886551,1534.782102,3868.19095,1692.017255,783.5952119,26782.31,2.11E-10,2.18E-08,3.56E-12
7034,1966.285051,8951.382883,120.2754344,590.7085304,5850.415061,71.65199891,0.011736195,1504.734974,4119.804552,1716.933349,749.39,25641.59,2.14E-10,0.003569244,-2.96E-12
7035,1971.088276,7875.384406,122.7610757,593.0841068,6050.30392,71.85193076,0.012024397,1715.470735,4182.162444,1660.89659,749.16,24991.11,2.10E-10,1.065508517,5.05E-12
7036,1970.718297,7967.470701,138.385706,627.0777595,6017.125727,70.48186942,0.011510569,1793.947399,4321.989232,1577.549942,749.18,25233.77,2.64E-10,0.168141933,-2.58E-12
7037,2016.269721,9038.351652,229.5534158,670.3586532,6108.545713,72.65950901,0.013301857,1978.065925,4359.484597,1657.265846,784.7316665,26915.3,2.67E-10,1.88E-09,3.41E-12
7038,2080.93885,10883.42882,309.6089208,675.9005639,6184.372698,73.54959547,10.01505226,2193.440324,4361.557926,1900.037449,887.0697963,29559.92,2.64E-10,2.40E-09,6.50E-13
7039,2086.064969,12209.15148,325.2123581,1042.395819,6103.538336,73.59890849,632.1080193,2179.57344,4742.035563,2183.512508,1029.108598,32606.3,2.68E-10,1.36E-08,-6.08E-13
7040,2040.65968,12464.3718,280.4515996,1105.041408,5810.290418,70.8995091,2140.893682,2094.560072,4908.546263,2140.296058,1069.59,34125.6,3.29E-10,0.000491175,5.30E-12
7041,1933.078819,11939.21185,175.2813972,1032.493837,5551.687731,60.75607299,3497.464131,2142.460574,4580.91856,2135.365923,1070.03,34118.74,3.33E-10,0.008898812,1.86E-12
7042,1844.152646,10636.59886,98.37052568,968.5020095,5318.022532,60.00217259,4581.57805,1992.711319,4939.334278,2051.346886,1024.85,33515.46,1.18E-09,0.009280053,6.45E-13
7043,1805.074065,9681.499768,67.04524444,749.5169093,5216.568033,64.83748911,4999.0347,1919.636631,5452.421433,2072.486234,1024.64,33052.75,7.40E-10,0.010509201,-2.32E-13
7044,1802.825772,9129.477173,65.6310889,645.7906519,5206.885127,62.87532726,4806.568837,1966.035412,5552.508552,2050.229401,1024.47,32313.29,1.21E-09,0.007343901,1.54E-12
7045,1834.892687,8869.928521,90.4084986,784.1648037,5445.348735,65.15407961,4240.710769,1890.966441,5994.424392,2071.280893,1024.64,32311.15,7.45E-10,0.769820581,2.36E-12
7046,1990.603038,11015.49762,209.1805152,869.50642,5816.286097,69.54954188,3118.507876,1898.372058,6228.793335,2157.20493,1025.01,34396.14,3.53E-10,2.371430572,1.50E-12
7047,2131.436,14666.1937,383.1044177,808.8032998,6055.920353,74.29204651,1633.848769,2126.776437,6560.865006,2310.617557,1098.13241,37849.99,1.93E-10,2.14E-09,4.80E-14
7048,2230.723697,18009.52501,552.0388628,998.9811141,6294.296972,77.4034125,292.7732897,2227.105361,6753.669592,2326.490904,1181.641783,40944.65,1.88E-10,3.53E-10,-2.41E-12
7049,2260.927954,19305.41275,615.5101359,2212.940993,6425.863694,79.1059965,9.056990957,2480.219013,6503.439076,2339.677949,1174.105443,43406.26,2.05E-10,4.53E-10,-3.55E-12
7050,2220.577205,18448.97028,527.8183149,2226.944281,6397.826161,77.38802345,2.363647321,2803.25027,6027.282359,2297.640712,1131.368748,42161.43,2.05E-10,7.91E-10,-5.93E-12
7051,2086.518641,17220.833,470.9441504,1183.59951,6371.405579,76.91213735,2.204785906,3000.537575,6166.291152,2187.366045,1058.647423,39825.26,1.73E-10,4.52E-10,1.33E-12
7052,2086.989876,14104.87308,360.5186922,1089.593198,6336.907982,78.15696771,1.149883488,3294.261368,6362.431078,2121.926076,907.6017994,36744.41,2.23E-10,6.96E-10,-2.18E-12
7053,2049.902293,11175.59915,227.6255501,792.2262599,6138.685073,77.29769325,0.018029878,3605.675861,6344.702303,1617.604513,736.6932715,32766.03,2.08E-10,8.55E-10,-4.87E-12
7054,1965.194105,7624.125668,164.0663959,616.2161972,6003.654252,75.85723576,0.01518212,3868.20427,6072.387495,1660.564221,701.1049786,28751.39,1.80E-10,9.99E-09,1.89E-12
7055,1899.780354,5404.329413,133.5709498,520.8732328,5843.841748,72.94390102,0.012119107,4046.319828,6113.154911,1586.634489,694.81,26316.27,2.50E-10,0.000944851,-1.77E-12
7056,1878.897165,5288.690057,128.5501345,489.0761573,5839.555058,71.40351415,0.011337694,3922.387046,6185.055559,1579.48537,694.7,26077.81,2.61E-10,0.00139866,-4.51E-12
7057,1753.427736,5330.946045,130.4426631,472.6849979,6064.620731,71.74489281,0.01221592,3954.386251,6042.575898,1610.144371,700.3041991,26131.29,2.25E-10,1.15E-08,-1.01E-12
7058,1602.117315,5251.118151,125.023826,474.2021781,6091.812827,72.06030539,0.012362432,3766.708297,5919.949686,1630.128082,693.72,25626.85,2.14E-10,0.003030547,-2.52E-12
7059,1583.546337,5322.282494,193.8849005,480.8065684,6178.130911,72.91481139,0.013652085,3899.464303,5794.709381,1282.328727,693.48,25501.04,2.08E-10,0.522085048,2.65E-12
7060,1822.995906,6830.384208,343.3881613,684.6797307,6484.292985,76.33866507,0.018982562,3891.888808,5618.023534,1214.218535,625.0104834,27591.24,2.11E-10,3.62E-10,-4.59E-12
7061,2533.56362,11892.33627,781.5216118,806.3837707,6798.901458,79.87084163,0.024379173,3696.259532,5552.261011,1969.148468,403.3190353,34513.59,2.00E-10,1.92E-10,1.18E-12
7062,3112.883764,17851.7544,964.7606181,1308.568964,6706.352907,78.8159187,100.0972197,3353.679087,5453.237209,2284.969278,1154.230634,42369.35,1.95E-10,2.92E-10,-6.67E-12
7063,3382.267192,20043.62906,1044.71797,1299.969863,6500.548304,79.05280479,1058.464707,3163.769088,5279.610388,2247.685842,1066.544779,45166.26,2.09E-10,7.10E-10,-1.71E-12
7064,3212.825102,19110.88129,882.4266575,1291.181618,5894.17106,86.9887552,2682.736862,2756.0381,4865.10567,1973.975826,1085.16,43841.49,4.11E-10,0.00093648,-1.31E-12
7065,3106.254391,16745.49486,754.7980218,694.1124918,5555.798018,75.84608446,4350.574147,2407.515363,5282.024538,1396.767335,1085.6,41454.78,1.41E-09,0.005251064,4.97E-12
7066,2968,14543,598,672,5236,73.00000001,5557,1901,5831,1335,1025.42,39723.05588,16.35371134,0.010405015,6.31E-12
7067,2964,13519,592,618,5246,74,6008,1801,6218,2017,1024.87,40068.72271,13.13221485,0.015078776,-3.80E-12
7068,2945,12194,347,672,5422,70,5694,1658,6399,2017,1024.78,38439.68052,3.086152223,0.013329121,1.10E-11
7069,2939.220468,12294.94252,367.5190524,612.3070656,5551.503204,63.11453322,4708.18563,1585.686876,6593.145877,2017.939848,1024.72,37757.13,6.47E-08,1.155070591,2.11E-12
7070,3088.659866,13844.41864,483.8141868,770.0033964,5944.607463,81.58936247,3270.124378,1627.924528,7075.966897,2114.750258,1026.521022,39328.38,5.21E-10,1.30E-08,-1.80E-12
7071,3278.112855,17300.94408,695.0488876,918.4329051,6402.343346,93.72862567,1754.017649,1696.132993,7357.194963,2283.020514,1104.043179,42883.02,2.20E-10,1.42E-09,7.64E-12
7072,3402.506061,20907.47485,1073.403341,1210.26482,6706.563883,97.67228565,517.0232626,2030.989677,7446.615947,2311.452765,1176.193103,46880.16,2.02E-10,3.75E-10,-2.26E-12
7073,3471.843772,22331.07265,1326.848465,2308.655256,6841.537567,105.7424248,34.92248331,2313.819707,7654.622294,2392.607644,1206.747736,49988.42,1.79E-10,3.19E-10,1.21E-11
7074,3478.679408,21156.37942,1249.581322,2161.213441,6760.043908,99.99718147,2.450492653,2637.415702,7904.042113,2250.498007,1186.829003,48887.13,1.67E-10,3.21E-10,-7.58E-13
7075,3530.947351,18572.29034,1132.931025,1178.745801,6777.528472,99.18790957,2.282481447,3071.215075,7993.736044,2090.57765,1132.547847,45581.99,1.57E-10,3.44E-10,6.93E-13
7076,3651.870565,15320.91273,1036.250651,944.7833175,6920.457247,101.4783217,1.219680321,3297.075393,7752.956846,1017.070465,1073.44478,41117.52,1.53E-10,3.73E-10,1.28E-11
7077,3389.183613,11819.01252,434.4072803,728.4470883,6600.305177,96.10689307,0.018039505,3236.952763,7153.332965,1503.355796,725.2678618,35686.39,2.36E-10,1.12E-09,3.90E-12
7078,2317.264038,8139.544567,168.4441554,491.9765034,6607.035235,95.16422661,0.017052107,3565.779554,7003.483143,1298.641993,733.7895321,30421.14,1.81E-10,9.01E-10,2.62E-12
7079,1982.72525,6286.112016,160.063818,472.3920039,6649.572908,93.89321149,0.017637772,3685.619423,6451.632304,701.9401786,723.8412485,27207.81,1.84E-10,1.28E-09,-5.95E-12
7080,1818.921441,5860.071775,132.8175644,442.810785,6371.560079,90.1343507,0.012572413,3786.317965,6250.762892,1121.871395,657.19,26532.47,2.33E-10,0.000820292,2.34E-12
7081,1897.813886,6089.44985,148.1390864,457.1398511,6569.502862,92.18637964,0.01622035,3999.899885,6103.098779,906.0913069,46.27189414,26309.61,1.78E-10,6.66E-10,3.43E-12
7082,1848.136577,5821.884804,124.89052,436.0936406,6389.762201,90.37158905,0.012959116,4029.83408,6143.210082,273.2180339,384.32,25471.73,70,0.004486789,2.22E-12
7083,1746.428288,5292.872327,101.8178284,408.601158,6098.395524,86.82792034,0.00746201,3940.166936,6213.575105,871.5869737,692.04,25450.57,4.09E-10,1.749522411,-7.14E-13
7084,1871.687729,5476.882545,145.6490265,458.6743838,6358.799101,85.82787016,0.012231047,4104.364278,6547.203703,1345.575899,830.7832341,27225.46,4.91E-10,2.03E-09,-5.41E-12
7085,2266.054187,9283.244383,625.7096323,678.8738025,7247.113802,96.02145094,0.028114588,4383.795831,7537.37128,286.4372933,1110.480224,33515.13,1.43E-10,1.78E-10,-1.62E-13
7086,2597.447123,15426.58792,1098.90575,969.1674473,7125.417378,94.6163235,40.32142742,4221.883596,7847.39824,650.9317144,993.74308,41066.42,1.59E-10,2.39E-10,-5.70E-12
7087,2828.025498,17353.87807,1096.375313,805.122824,6731.833938,94.57800422,645.2449741,4098.194673,7811.009526,1183.159755,1084.487426,43731.91,2.33E-10,5.90E-10,-8.86E-12
7088,2903.198049,16329.6009,1080.83543,1311.85157,6743.790582,94.86930434,1415.287162,3994.532552,8620.93821,230.5661383,979.2101033,43704.68,2.11E-10,3.91E-10,1.64E-12
7089,2755.053867,14878.62668,913.9045107,854.0946898,6388.689509,89.01695177,2623.396863,3918.484078,8628.154174,97.86430574,1113.494371,41872.78,388,1.46E-09,5.46E-12
7090,2581.514949,12526.16539,732.6888414,767.6097925,6031.12815,78.81159807,3564.89286,3804.525301,8626.673047,322.8625427,1025.14,40062.01,1.64E-09,0.002468692,3.21E-13
7091,2512.911961,11341.46408,729.7033807,938.2988671,5993.240894,67.43088329,4101.315629,3818.732851,8698.593338,179.0313008,1024.98,39405.7,7.98E-10,0.003187335,-6.29E-13
7092,2468.662717,10744.29335,622.8004955,551.1899987,5906.327143,57.47652949,3851.091846,3709.296038,8707.722341,918.646406,1024.38,38561.88,2.52E-09,0.006863434,9.66E-12
7093,2574.487661,11010.36689,557.5151273,638.690476,6138.454084,63.52662007,3250.145627,3706.341079,9073.229397,1085.983807,809.72,38908.34,6.06E-10,0.120770905,-7.07E-13
7094,2713.553217,12657.64105,652.647959,708.7098587,6407.710986,67.38077442,2394.252326,3788.102127,9016.75666,1697.829043,409.4060004,40513.99,3.14E-10,1.31E-09,-3.16E-12
7095,2785.166137,15064.23741,1006.631394,862.0519826,6549.549617,66.15882945,1135.275074,3789.240329,8906.957407,2298.813581,1077.54824,43541.63,2.15E-10,2.70E-08,-2.74E-12
7096,2915.742199,17885.73667,1273.133415,1031.554641,6898.219568,71.77645511,186.9510567,4023.420443,9160.365872,2320.083237,1180.876438,46947.86,2.04E-10,3.57E-10,-5.18E-13
7097,2908.242403,19282.40455,1359.812867,1798.786933,6924.532864,77.10273434,9.858511882,4053.813002,9188.682375,2367.346344,1196.007412,49166.59,1.98E-10,3.54E-10,-6.08E-12
7098,2903.246998,18871.40719,1274.383781,1806.987641,6912.057734,72.80721696,2.438258591,4058.199394,9013.546545,1728.060886,1168.974355,47812.11,1.78E-10,4.03E-10,6.54E-13
7099,2888.574006,16547.77194,1136.149871,1071.952823,6814.05565,79.54599722,1.283760054,4173.300532,8972.829854,1404.16732,1101.558242,44191.19,1.58E-10,5.09E-10,-5.02E-12
7100,2859.082731,13425.5126,1008.878823,1031.12756,6718.389808,90.64844765,0.167730317,4108.6544,8443.227871,1111.321229,925.1087998,39722.12,2.04E-10,7.93E-10,1.04E-13
7101,2574.888256,9876.10698,878.261593,776.3333312,6445.425734,87.54963913,0.01368306,3977.272301,7737.178526,1600.518026,737.6519313,34691.2,2.87E-10,3.43E-09,-8.39E-12
7102,2101.650046,6891.140516,369.7829737,575.1175942,6487.087533,87.07334486,0.014570191,4103.829738,7332.505489,1273.761603,710.7565926,29932.72,1.65E-10,9.84E-10,3.66E-12
7103,1929.051487,5583.106202,182.4500002,505.9084991,6336.638351,84.49925235,0.011820935,3879.153351,6752.437461,1421.315137,674.53,27349.1,2.27E-10,0.001561663,-1.56E-12
7104,1916.426503,5421.670948,185.11506,508.1951583,6372.374855,84.97020365,0.012531767,3780.933031,6713.201004,1524.620827,674.39,27181.91,1.90E-10,0.00012161,-5.57E-12
7105,1967.795043,5977.815963,195.1535394,516.2893588,6532.688934,86.27580193,0.015033715,3749.423363,6740.411745,850.2066534,644.1145654,27260.19,1.71E-10,1.77E-09,-2.47E-13
7106,1896.142869,5732.4189,169.6306734,495.1631448,6303.506637,83.98791077,0.011004584,3519.875173,6724.679401,723.4184693,623.75,26272.58,2.49E-10,0.004183179,2.47E-12
7107,1844.400373,5189.996273,157.6457373,472.0665409,6148.351232,83.15484408,0.008092377,3334.980565,6951.214547,1336.854864,673.98,26192.03,6.91E-10,0.623067596,3.78E-12
7108,1943.447459,6789.648383,238.4499425,517.0209844,6680.533694,88.10614921,0.017656835,3354.645216,7216.198408,403.1795951,877.4925127,28108.74,2.25E-10,4.79E-10,2.09E-12
7109,2221.929791,12052.28362,502.8578758,766.8439026,7197.900559,94.00396089,0.026990414,3260.018993,7187.179712,210.4235696,1110.34103,34355.81,248,2.17E-10,-1.04E-11
7110,2239.198637,18464.68208,1168.308316,1415.719767,7043.094591,92.30239151,8.898552178,3137.587184,6917.493157,349.7307908,1165.534532,42002.55,1.60E-10,2.98E-10,1.54E-13
7111,2159.65228,21073.7954,1328.430169,1635.957512,6803.744773,89.02260216,449.1286863,2892.416913,6515.216837,606.8576282,1146.807201,44701.03,2.23E-10,4.77E-10,-1.99E-12
7112,2074.276429,20858.91769,1436.232856,1334.305811,6659.711397,88.43645983,1678.914597,2690.881957,6276.929369,141.3593298,1121.824105,44335.79,26,1.01E-09,1.51E-12
7113,1946.87626,18861.62796,1062.326813,787.3624281,6325.90592,88.04864008,3138.591086,2499.378509,6284.33964,82.09699679,1101.985747,41978.54,200,3.00E-09,3.15E-12
7114,1799.930514,17460.5403,660.0159327,679.8273951,6008.375348,78.31689338,4415.792901,2016.201818,6194.327621,50.85704269,1025.42,40389.6,1.54E-09,0.005762247,6.92E-12
7115,1817.129028,17305.75499,512.6586614,587.4082725,6056.274868,69.92921732,4982.690699,1822.073468,6348.409546,54.74597368,1024.65,39619.72,962,0.004721845,0
7116,1732.412406,17059.21347,662.9103046,721.4967125,5884.696934,58.14142347,4629.054695,1704.012953,6307.588798,18.59097696,907.48,39083.59,602,0.008674797,-3.75E-12
7117,1928.620981,18532.23738,965.9189937,711.7542971,6349.282979,62.83064,4205.449236,886.8374733,4675.812503,337.4760717,771.42,39427.47,3.35E-10,0.170554635,-6.12E-13
7118,1852.250456,18336.06295,1106.526306,705.489314,6234.859484,65.15028332,2982.480611,1389.721206,6655.930417,324.8630647,898.35,40551.25,5.39E-10,0.434093204,-1.22E-12
7119,1916.234553,20283.42533,1413.209341,806.4912334,6315.396372,64.0496977,1697.581167,1371.818289,6428.518077,1829.284619,1084.56,43209.79,3.71E-10,0.778680959,-1.20E-12
7120,2354.294984,22408.69772,1772.639449,1256.997693,6764.073297,67.63470316,337.4410035,1578.527366,6982.295036,2302.606407,1147.272337,46972.48,2.16E-10,5.81E-10,-4.34E-12
7121,2594.247991,23849.01428,2025.202265,2143.510948,6846.82271,77.66560542,7.808378613,1858.122373,7029.122127,2369.60562,1180.597702,49981.72,1.96E-10,4.18E-10,-3.29E-12
7122,2576.671687,23237.68273,2024.773659,1738.137445,6846.301751,71.43896829,4.505505101,2226.320781,6927.379734,1829.825856,1155.061885,48638.1,1.73E-10,4.94E-10,-4.42E-12
7123,2562.107028,22143.74151,1481.277844,1142.866175,6880.824274,71.02441697,2.35026048,2508.225169,6969.910159,779.5820661,1109.891096,45651.8,1.49E-10,4.56E-10,-9.45E-13
7124,2269.115309,19103.04737,1240.652896,921.8318895,6552.870285,68.03892769,0.144082911,2503.362539,6545.166764,1468.515478,973.424457,41646.17,2.41E-10,4.08E-09,8.00E-13
7125,2097.0099,14163.48923,743.2856252,728.306347,6567.634014,67.81930149,0.016037044,2818.463282,6708.444326,1855.217199,958.5347361,36708.22,3.04E-10,1.04E-09,-1.07E-12
7126,2011.772272,10587.49047,342.8077991,518.8902413,6502.48,66.82281088,0.014907453,2803.381076,6516.544343,1814.689181,748.5468973,31913.44,2.19E-10,1.27E-09,2.03E-12
7127,1926.546557,8873.084637,175.4024378,476.6738486,6258.143151,63.11886511,0.010392504,2407.330543,6310.762507,1767.309803,718.59,28976.97,3.17E-10,0.002743111,-8.21E-13
7128,1935.963791,8669.121168,178.7539151,476.8757897,6293.574215,62.64396272,0.011036483,2314.19893,6145.28945,1807.641999,719.4057441,28603.48,2.62E-10,2.15E-07,8.78E-12
7129,1929.284843,8776.454434,180.1377266,471.0855885,6378.427619,62.84752624,0.011745328,2271.535436,6047.113343,1840.032852,718.43,28675.36,2.09E-10,0.001113784,-2.75E-12
7130,1929.334044,8286.812136,171.4455276,453.6293279,6350.02287,62.71192431,0.011167928,2197.615,5971.82783,1789.351131,718.37,27931.13,2.43E-10,0.000959548,-4.12E-12
7131,2057.152939,8447.530532,217.4049708,495.2684532,6784.992933,67.20278386,0.018578415,2287.600554,6331.382984,221.3045701,994.9807011,27812.84,92,9.34E-10,5.30E-12
7132,2030.332295,11047.82096,415.2832926,537.2559161,6889.862676,68.03285861,0.020223292,2058.739067,6220.492441,122.9680843,1069.122188,29720.93,739,4.01E-10,-2.39E-12
7133,2758.433316,17264.60117,1120.706784,718.2103463,7825.591357,75.62805702,0.03641087,1477.679161,4839.876983,254.4777587,1201.438652,35956.68,1580,1.24E-10,-2.05E-12
7134,3024.23766,21474.1624,1659.713197,1408.680298,6944.493513,67.2715525,8.048163738,2030.088198,5318.315646,193.0371372,1151.362234,43278.41,1,4.34E-10,6.01E-12
7135,3401.936758,23149.21926,1813.983371,1387.378754,6861.247998,66.82739927,498.4277459,1995.108259,5217.283187,506.2058206,1147.811452,46045.43,2.18E-10,5.36E-10,2.64E-12
7136,3544.13606,23856.86898,1885.286116,1216.138839,7048.051021,68.89713383,1958.977988,1194.874367,3689.929671,158.6064678,1187.023356,45571.79,237,3.55E-10,-7.53E-12
7137,3343.415739,22347.72694,1806.770314,1080.536723,6661.715778,78.02567197,3214.867563,928.2863395,3261.412225,97.43269488,1138.300011,43876.49,82,8.04E-10,-4.99E-12
7138,3215.458144,20976.61872,1821.646691,850.2194971,6212.842031,61.09572646,3926.646706,1232.647852,3986.060361,43.36672195,1025.29,43190.89,161,0.002452925,2.50E-12
7139,3221.437163,21018.0509,1905.722808,624.3566131,6089.14808,60.11851165,4252.152779,1218.040717,4207.249401,66.54494395,1024.93,42872.75,815,0.001914138,-1.08E-11
7140,3178.348909,21118.75777,1837.024737,886.8521348,6138.548764,50.94330437,3852.134448,1198.359181,4157.121241,66.12195139,1024.56,42526.77,982,0.00244489,1.93E-12
7141,3242.203417,21718.98094,1909.958656,942.8685238,6314.643982,53.19659956,2922.613378,1222.548061,4610.873364,103.1203201,917.6627551,42996.67,962,2.04E-09,-1.25E-12
7142,3254.696327,22011.93846,1931.336544,1056.151091,6296.266838,59.47650373,1811.008102,1292.177877,4681.198617,828.7615244,968.69,44191.45,2.85E-10,0.251880097,-1.30E-11
7143,3424.759197,22772.15449,2042.00921,969.6216366,6659.833038,59.34213113,765.951055,1392.96995,5300.511483,2125.327601,1115.530209,46628.01,2.12E-10,9.37E-10,7.59E-12
7144,3544.506133,24153.49808,2219.650657,1500.245953,6993.72577,61.77917371,124.621744,1620.792539,5931.560336,2355.393497,1179.576117,49685.35,1.76E-10,3.78E-10,-1.52E-12
7145,3593.197712,25488.71805,2396.525294,2447.740286,7209.450413,59.55046093,4.165480115,1751.516721,6212.47776,1551.391694,1192.006127,51906.74,1.56E-10,3.69E-10,-2.10E-13
7146,3594.998109,25049.82983,2306.263811,1790.933402,7261.521215,71.4773772,2.651953813,1904.897331,6508.752742,381.4291112,1205.285119,50078.04,1.54E-10,2.94E-10,-3.24E-12
7147,3514.034762,22902.21501,1745.993446,1303.137906,7076.118827,69.78550871,2.381835232,2094.287303,6499.47337,451.1700654,1104.391967,46762.99,1.54E-10,4.98E-10,9.69E-12
7148,3564.638065,19399.6321,1208.237724,826.7812464,7170.058093,71.50610492,0.207189602,2495.872022,6654.080468,230.4209086,1113.506079,42216.94,518,4.09E-10,-1.59E-12
7149,3331.822574,14765.19992,656.855623,706.8139684,6888.133281,67.78669719,0.017958845,2600.493578,6570.313991,706.6287446,743.0736597,37037.14,2.18E-10,2.86E-09,1.43E-11
7150,2482.973613,11289.7766,417.3512938,480.4253007,6971.714202,69.49837259,0.020362883,2909.717917,6335.463641,516.8145468,751.1041515,32224.86,1.68E-10,1.44E-09,2.90E-13
7151,2354.82836,8179.188128,359.8802369,461.4491538,6698.145657,67.426488,0.018491798,3015.92093,6182.114909,1123.37754,737.5401061,29179.89,2.29E-10,3.73E-09,2.54E-12
7152,2301.392135,7723.29589,183.9521442,438.1808045,6651.940918,65.36350534,0.017595086,3151.276894,5930.213642,1556.294804,744.3416692,28746.27,1.91E-10,2.07E-09,-6.12E-12
7153,2048.53801,8239.34031,76.83570505,424.4109753,6827.216185,66.09330088,0.019461932,3302.43725,5854.675877,1117.533249,725.63,28682.73,1.55E-10,0.000322557,-3.15E-12
7154,2046.46691,7492.108594,67.86060857,422.375019,6990.292805,66.27813393,0.0191805,3562.254326,5824.138961,601.2338948,747.231568,27820.26,1.46E-10,1.53E-09,1.91E-12
7155,1980.818806,7280.265598,63.88874036,421.3131515,6908.925143,65.28495411,0.017432126,3604.67337,5602.551889,604.4208713,812.65,27344.24,1.94E-10,0.569955503,-3.92E-12
7156,2119.558029,8965.485791,117.2208575,485.1560565,7276.900207,69.97541103,0.023971546,3599.628561,5767.706086,137.8234115,1015.521618,29169,386,2.15E-10,-9.32E-12
7157,2148.722527,13455.49353,284.0446101,845.1626429,7357.071341,68.71497978,0.025370655,3563.254289,5871.684512,529.3890286,1155.327172,35278.89,1.59E-10,1.74E-10,1.85E-12
7158,2278.049441,18598.92528,1011.479295,1366.816623,7366.110485,67.98540637,6.282541503,3672.995832,5873.066157,1034.966004,1225.422937,42502.1,1.48E-10,2.15E-10,8.33E-13
7159,2284.660024,21244.3803,1214.856773,1517.756137,7284.848916,68.57578237,332.9244719,3585.360688,5919.077518,688.2593367,1208.080053,45348.78,1.58E-10,2.60E-10,-4.00E-12
7160,2257.274883,21244.67064,1206.379312,1441.526465,7194.457129,69.06273976,1629.683984,3363.286835,6065.007353,163.3356751,1182.24499,45215.93,601,3.82E-10,-1.48E-12
7161,2121.3293,19749.00878,909.3918563,967.847844,6789.258252,64.87296244,3040.924405,3320.772187,6097.61848,118.6475422,1176.208392,42999.88,1356,4.32E-10,5.23E-12
7162,2003.999778,18686.97112,704.4971151,767.3676638,6525.98034,61.90476788,3814.063406,3140.230218,6374.870842,69.53518555,1048.62956,41949.05,1249,2.03E-09,3.41E-12
7163,1961.2655,17629.9071,234.5844145,512.5112685,6310.836617,60.51755632,4415.441265,3266.830203,6848.504193,65.86299943,1024.71,41012.97,1318,0.001121467,-6.82E-12
7164,1928.440425,15852.36713,125.6120075,658.5455478,6122.078846,58.10942962,4324.419581,3391.828121,7443.837267,60.92485952,1024.61,39564.77,1426,0.003209426,6.82E-13
7165,1949.725907,15555.3109,157.9299095,709.5426154,6157.703274,60.98535629,4059.989182,3214.729444,7593.621071,62.67703455,1023.01,39178.79,1366,0.434692507,3.87E-12
7166,2188.809202,17146.27408,305.9449136,883.6336872,6835.8778,68.53493487,3199.302153,1995.735128,5907.277552,528.4470578,776.7934917,39836.63,1.97E-10,4.37E-10,-8.12E-13
7167,2067.488576,16746.19348,503.0189416,747.0732854,6643.558629,63.89623564,1626.659096,3630.762724,7783.494607,1649.477291,1104.167136,42565.79,2.76E-10,1.41E-09,-6.09E-12
7168,2246.755176,19789.15887,787.0114693,1080.767672,7118.685097,70.16342105,267.1869493,4003.661464,7874.547982,1972.56331,1191.378591,46401.88,1.66E-10,3.43E-10,-7.55E-12
7169,2258.11917,22119.17753,822.1666949,1626.148016,7070.553973,71.09385617,8.073586153,3998.879279,7591.838613,2275.810945,1235.158342,49077.02,1.81E-10,2.53E-10,2.16E-12
7170,2335.380291,21502.46887,882.4410466,1648.751609,7215.650623,68.59207867,1.648675467,3996.897885,7593.123296,685.1836651,1232.091963,47162.23,1.43E-10,2.47E-10,3.00E-12
7171,2248.189357,19975.12931,736.6290616,1280.526409,7005.6828,67.13981074,2.445288551,4014.822897,7239.13296,519.6440187,1120.868083,44210.21,1.50E-10,4.00E-10,2.80E-12
7172,2280.429695,17377.98199,399.7418717,1004.82058,7078.226045,69.70951034,0.166856737,4114.519115,7326.194356,243.8120544,1024.107925,40474.71,445,3.58E-10,-6.25E-12
7173,2157.969363,13588.45677,225.0104249,883.1030321,6812.38799,67.31992383,0.019110364,3958.732796,6884.790097,993.8287876,774.5417044,36346.16,2.21E-10,6.81E-10,-2.05E-13
7174,2174.032038,9610.804998,189.0468778,590.8682903,7028.695975,71.22684799,0.023214375,4149.285964,6856.212921,909.3317672,763.9811068,32343.51,1.38E-10,3.25E-10,-9.60E-13
7175,2148.088892,6967.472966,161.4471925,514.2073787,6841.856325,70.29528396,0.023245113,4144.359104,6972.99047,893.4625391,733.9766036,29448.18,1.51E-10,5.06E-10,-6.11E-12
7176,2136.496715,6331.420389,156.8474873,472.3745543,6838.04987,68.71657387,0.023813496,4117.329899,7244.913572,869.203515,752.4836108,28987.86,1.38E-10,3.72E-10,2.76E-12
7177,2077.967993,6537.831267,139.508932,420.5206536,6661.327843,66.32960042,0.020376979,4099.18657,7062.054226,820.0781399,711.7843985,28596.61,1.42E-10,7.48E-10,1.57E-12
7178,2076.953859,6081.662247,131.8213256,418.7862414,6673.470372,66.84478728,0.02059963,4140.4209,6962.668647,773.0540446,570.2469769,27895.95,1.28E-10,6.24E-10,-1.90E-12
7179,2060.460896,5680.803114,140.9579712,431.1237651,6665.834283,65.53423668,0.020059542,4074.301917,6922.021184,775.0758249,371.636748,27187.77,1.30E-10,6.41E-10,7.70E-12
7180,2154.831048,6228.434599,198.8653032,452.0075002,6819.6884,68.00521344,0.022856263,4036.916928,7005.223028,541.1850368,303.8800864,27809.06,1.29E-10,3.34E-10,3.12E-12
7181,2555.009094,8557.35461,278.9561648,641.8295957,6899.361059,67.70152109,0.02425048,4195.656058,6784.272418,363.8422432,989.632985,31333.64,1.58E-10,3.54E-10,-2.69E-12
7182,3263.030442,12384.28089,412.3794172,706.6831688,7045.000747,69.19836725,7.299146921,4259.553349,6898.929063,253.738688,1104.106724,36068.2,336,2.33E-10,-4.55E-12
7183,3450.3142,15372.50404,367.771599,1025.159248,6731.852614,65.23229095,574.40829,4043.101465,6408.116833,496.7268149,1108.812604,39644,1.92E-10,4.23E-10,3.60E-12
7184,3388.297485,15979.12511,315.779348,1286.810294,6548.888738,65.74798968,2169.150364,3815.087057,5849.093799,264.9777604,1070.172051,40753.13,2.00E-10,8.69E-10,-5.92E-12
7185,3274.650476,15074.22166,202.0022406,951.9217737,6247.790538,62.29656037,3535.554489,3729.1314,5513.770909,274.2705688,1023.53,39889.14,2.45E-10,0.000612163,-5.56E-12
7186,3227.879289,13860.31165,167.4309431,872.8436199,6081.521168,59.30528161,4199.258742,3419.900924,5912.250108,156.6614768,1023.76,38981.12,4.66E-10,0.003198575,-2.95E-12
7187,3238.955305,14056.30247,170.4249304,794.1347012,6157.240757,60.85660907,4016.294521,3225.035401,6340.135546,97.91103244,1024.01,38962.3,219,0.001267988,1.12E-11
7188,3254.690339,14006.30371,184.2177206,537.7139884,6186.36093,62.41993568,3496.701942,3424.732947,6490.820003,96.55069196,1023.99,38517.5,247,0.002206146,1.53E-12
7189,3262.466855,14070.88838,181.0453264,858.8713445,6162.880797,66.60705185,2795.295725,3242.521379,6350.268892,790.9718811,1021.61,38803.19,3.73E-10,0.237636987,-1.85E-14
7190,3365.671871,14415.90526,227.3100502,663.2425428,6400.458678,65.81378641,2135.88657,3352.440438,6332.589703,2041.16841,671.6426882,39672.13,2.57E-10,1.04E-09,-5.08E-12
7191,3478.197773,16041.47536,438.5152555,785.2380776,6686.479091,68.59407096,1120.646347,3393.880164,6447.681218,2380.55643,1168.666207,42009.93,1.86E-10,4.35E-10,4.27E-12
7192,3596.596185,19476.60005,835.2827947,926.3849208,6937.901455,71.74995879,175.1305195,3800.816694,6525.346354,2480.723869,1215.517198,46042.05,1.50E-10,3.06E-10,1.73E-12
7193,3575.449357,20685.82606,1017.041512,2291.720218,6733.606655,72.32064685,7.159724696,3848.852757,6143.20744,2434.792878,1200.98275,48010.96,1.62E-10,3.50E-10,-2.12E-12
7194,3579.050516,20069.74738,857.8697079,1787.801329,6760.340874,72.37911718,2.64328859,3985.294617,6151.277154,1500.97845,1211.26757,45978.65,1.46E-10,3.17E-10,-4.99E-12
7195,3544.003321,18133.27349,682.6046541,1111.628445,6679.41559,70.5558807,0.443786387,4066.774441,6476.58142,1143.858445,1128.810532,43037.95,1.34E-10,3.66E-10,1.82E-12
7196,3539.325077,16230.47687,610.4827271,761.4998089,6830.81695,69.96865013,1.186223325,3641.345504,6397.383668,783.0665801,1121.507943,39987.06,1.68E-10,3.72E-10,-8.69E-13
7197,3336.395764,13756.4049,355.7692589,660.0051172,6648.795799,68.88052417,0.018803685,3260.025031,5846.520777,1649.020217,993.9138133,36575.75,2.31E-10,1.95E-09,-2.88E-12
7198,3016.383804,10758.6232,186.8286925,501.3052153,6661.816567,68.88128211,0.018777379,3274.76851,5527.389728,1879.024924,860.0692949,32735.11,1.68E-10,9.62E-10,5.05E-12
7199,4072.857303,4948.885439,184.3441602,707.7603649,9748.576701,44.26364059,0.075150493,3052.531513,3213.209645,2441.339157,1252.716926,29666.56,4.55E-11,6.23E-11,1.29E-12
7200,4148.526534,5139.866887,164.3947482,644.538841,10013.16301,40.73711503,0.080349339,1915.621709,3441.362203,2748.7444,1338.624205,29595.66,4.18E-11,5.15E-11,-2.35E-12
7201,4032.11576,4997.424464,137.4654996,604.9124324,9850.600168,37.518548,0.076882271,1853.161268,3280.412717,2547.903484,1223.878777,28565.47,4.50E-11,5.97E-11,4.42E-12
7202,2959.12471,7400.352353,144.8036605,357.7922129,6482.514028,63.93122821,0.015920193,3080.498348,4694.327607,1796.086548,824.995,27804.44,2.09E-10,0.00161736,-9.29E-13
7203,3137.184609,7965.719953,163.3205622,398.8367164,7078.024243,69.84595931,0.026463386,2019.834186,3918.475228,1890.544099,890.0879811,27531.9,1.34E-10,3.53E-10,-6.73E-12
7204,3048.222276,7279.084216,160.9366349,391.7681329,6741.777744,66.27887462,0.020285746,3599.433642,4408.187493,1769.17652,866.1741811,28331.06,1.75E-10,6.58E-10,-8.88E-14
7205,3202.607998,8809.054564,221.8248091,462.3978287,7105.429441,69.81965917,0.026847209,3565.721941,4493.528034,1815.069881,932.788998,30678.27,1.34E-10,2.64E-10,8.66E-12
7206,3331.722071,11189.99995,318.0660389,591.4607311,7234.029029,70.03071541,6.31952253,3629.54066,4499.857537,1910.232326,993.661418,33774.92,1.40E-10,2.22E-10,1.78E-12
7207,3523.954909,13719.07248,335.3807817,670.3279713,7182.766047,70.86935433,399.823519,3687.245915,4379.175444,2246.623389,924.6701885,37139.91,1.41E-10,2.07E-10,1.36E-12
7208,3402.116395,15707.9311,263.9576797,738.9631324,6541.278321,68.01643151,1763.070865,3095.736728,3592.813974,2155.471456,1157.963916,38487.32,2.01E-10,5.00E-10,-3.34E-12
7209,3182.72425,16125.63676,176.8677073,574.2302368,5999.928513,64.18432798,3185.538566,2515.37688,3028.895515,2072.91912,1085.11,38011.41,4.67E-10,0.001878581,3.14E-12
7210,3069.998307,15844.70257,133.8585685,533.5443696,5722.720969,61.15591062,4227.475955,2166.937969,2654.204252,2037.297964,1085.1,37536.99,1.26E-09,0.006830866,2.80E-12
7211,3101.898201,15731.84819,144.997399,561.164663,5916.668551,59.77737847,4833.798198,2005.919913,2751.13351,2137.240199,1085.05,38329.49,2.48E-10,0.006197736,-2.77E-12
7212,3088.195701,16327.82082,353.0545377,604.0272512,6006.224078,59.55213709,4780.767684,1810.671831,2778.889091,2143.012889,1024.61,38976.82,2.50E-10,0.00601736,6.66E-12
7213,3176.582538,17590.94348,512.8349055,661.5113474,6199.171908,61.79369501,4140.521251,1793.561925,2672.761665,2173.746434,1024.5,40007.74,2.28E-10,0.189145494,5.79E-13
7214,3399.676815,18705.45185,1188.306981,591.9850049,6719.856957,66.83695382,3383.985155,2302.587976,2918.37561,2337.495081,1086.461613,42701.02,1.59E-10,4.08E-10,-6.46E-12
7215,3721.12185,21314.36732,2352.933976,707.8062364,7347.530606,74.50192146,1886.964045,2542.101731,3307.064408,2512.07297,1220.464938,46986.93,1.35E-10,1.82E-10,3.07E-12
7216,3892.830334,25203.65165,3786.262057,995.0049294,7725.088377,77.58223689,299.6595507,2539.951485,3444.614698,2559.191948,1308.582733,51832.42,1.27E-10,1.33E-10,-5.97E-12
7217,3578.525925,24939.60942,4396.319909,2354.517553,6872.294019,69.8265905,3.900873326,2170.000646,2658.86233,2369.268455,1189.27428,50602.4,1.93E-10,3.91E-10,4.65E-12
7218,3483.434985,24180.51547,3547.024829,2142.778178,6487.359031,68.29766833,2.463779488,2434.846768,2440.127008,2312.587001,1134.515287,48233.95,1.73E-10,9.18E-10,-6.77E-12
7219,3425.253254,23212.72236,2517.934893,1331.495367,6310.6376,65.87445643,1.274290457,2544.572768,2461.23964,2245.225347,1114.57002,45230.8,1.96E-10,1.61E-09,3.21E-12
7220,3367.171471,21323.15275,1632.954811,661.7507328,6172.954604,64.68205549,0.082424578,2503.611069,2562.047657,2109.411173,1085.281257,41483.1,4.11E-10,4.17E-06,-3.57E-12
7221,3038.822915,18811.02136,376.0245905,635.5115331,5987.089215,59.45548995,0.008673275,2476.994093,2512.765921,2096.812052,1024.34,37018.84,6.48E-10,0.005840363,1.66E-12
7222,2488.347035,16289.33898,352.9300083,538.3718076,6066.476034,59.98238128,0.007896009,2560.328285,2705.368825,1098.625257,1024.07,33183.84,2.13E-10,0.006514497,1.24E-11
7223,2712.082378,12689.74058,338.4379345,518.9935255,6725.503786,67.46047913,0.019965992,2695.501113,3331.742397,2265.153579,1002.834267,32347.47,1.28E-10,7.30E-10,3.96E-12
7224,2893.938348,12405.06276,342.5774649,490.4252038,7289.765767,72.07149381,0.02998413,1809.501947,3229.889471,2351.591326,1043.506234,31928.36,8.91E-11,2.29E-10,-1.66E-12
7225,2709.13409,11674.95595,325.9771853,361.931142,6793.979318,67.74599832,0.020745171,2490.847248,3451.259075,2186.552859,970.2263855,31032.63,1.15E-10,5.86E-10,1.57E-12
7226,2728.41886,10849.33186,322.5390454,353.1496925,6866.658794,68.23260154,0.020698142,2598.189043,3563.220117,2077.869164,972.9501246,30400.58,1.45E-10,5.66E-10,-2.24E-12
7227,2730.148486,11474.73729,321.3815401,342.0309556,6784.328646,67.18602561,0.018927285,2312.743659,3565.513093,1958.149059,964.6123206,30520.85,2.64E-10,7.56E-10,-1.64E-12
7228,2936.78858,12329.84942,351.2393876,401.2810417,7409.760926,73.54485202,0.029940021,2513.332753,4101.618085,1993.511233,1012.313782,33123.27,1.89E-10,2.02E-10,1.77E-12
7229,3363.08808,15472.04392,803.2060522,544.2093798,8495.453103,84.68592125,0.049288525,2973.137424,5172.567435,2149.055034,1211.364361,40268.86,9.54E-11,9.06E-11,-4.05E-12
7230,3851.600788,20728.91967,2575.663642,706.2132173,8612.56374,85.71493835,10.4155454,2996.293479,5371.298882,347.4201413,1421.455962,46633.56,74,8.78E-11,1.18E-12
7231,3851.828302,23830.78383,3749.854739,1132.722388,7689.046248,86.6201251,555.1193603,2509.028613,4792.784928,290.9465784,1262.214888,48273.95,1477,1.53E-10,-6.82E-13
7232,3568.74171,23159.61714,4901.35885,848.2334672,7012.302228,69.69988005,2395.776833,2119.028394,4290.210839,157.645687,1202.174969,48158.79,1566,3.38E-10,2.05E-12
7233,3297.204105,21684.93055,4957.460126,735.8814938,6379.172931,62.90561599,4027.796262,1864.400832,3628.170663,58.86766418,985.25,46316.04,1366,0.000246638,-2.27E-12
7234,3210.798893,20778.76327,4539.772961,596.2254931,6227.378828,57.96555826,5311.907325,1594.429479,3276.943512,48.54732094,1085.86,45251.59,1477,0.002640149,-5.68E-12
7235,3250.98719,20197.6424,3997.058179,571.1600656,6300.991359,61.68258044,6005.731009,1770.60825,3642.651183,88.05988101,1086.41,45494.98,1478,0.002092783,-9.09E-12
7236,3306.363155,20714.82912,3730.733521,582.7183377,6411.851482,63.30426377,5817.301822,1832.08184,3879.142326,116.2436958,1030.730437,46006.3,1479,2.09E-08,3.41E-12
7237,3450.72617,22169.02783,3767.43399,619.3068583,6759.372603,66.1107507,5100.847098,2018.394561,4020.507073,189.9794412,1081.97362,47265.68,1978,6.91E-10,7.96E-12
7238,3675.513822,23794.24016,4132.350286,743.6396837,7253.388699,70.62781184,3863.944184,2406.450372,4304.019512,327.6333251,1144.282147,49738.09,1978,2.55E-10,5.00E-12
7239,3954.735616,26736.11435,5181.362282,1089.655702,7880.721478,76.36158987,2065.979304,2592.239502,4580.160122,526.8475303,1079.222524,53819.4,1944,1.41E-10,-5.00E-12
7240,4095.45177,28540.04658,7014.191269,1422.753146,8211.244418,70.31350651,296.2811099,2887.048025,4595.541234,579.1317142,1304.767223,58487.77,529,1.13E-10,2.27E-13
7241,3724.957453,27253.79473,7357.502669,2946.784218,7371.662151,68.08416016,6.293175861,2829.544612,4011.282046,972.5272639,1247.877518,57790.31,1.22E-10,2.40E-10,1.41E-12
7242,3621.498404,26340.30965,6879.486054,2560.860369,7133.574805,64.24032728,3.581237848,2951.894803,3888.247528,580.4681617,1203.878657,55228.04,1.09E-10,3.41E-10,1.84E-12
7243,3471.599857,24929.37659,5888.201354,1281.299824,6799.786963,53.66705708,2.289767255,2988.698535,3473.701023,1019.957228,1128.5918,51037.17,1.45E-10,1.02E-09,3.78E-12
7244,3399.676145,23241.34092,4614.638975,647.209286,6642.352212,50.31624488,2.092240049,3111.069974,3183.421813,104.080777,1097.951413,46080.15,14,4.49E-09,-7.32E-12
7245,3303.285969,21643.95499,3389.268059,636.9399507,6467.511708,49.24683481,0.011998071,3045.723628,3019.766923,126.192175,1025.24,40905.14,1802,0.002233891,2.27E-13
7246,3040.746066,18518.08145,1866.498956,936.0576378,6244.359257,47.93633454,0.008118972,2847.864315,2872.701056,166.1725559,1024.93,35751.35,1814,0.005750613,0
7247,2303.911685,15877.70228,863.4055052,643.0141348,6928.151418,53.26456749,0.020481032,2747.562071,3042.794856,931.4729875,1087.270015,34478.57,1.28E-10,4.76E-10,-6.18E-13
7248,2181.206872,14576.23746,434.5084006,532.4456718,7111.78179,54.00459079,0.023601798,2862.715082,3079.188278,2225.442546,1044.235706,34101.79,1.12E-10,4.24E-10,2.45E-12
7249,2067.695435,14436.98724,416.9448755,487.0236602,6805.806697,50.60313518,0.018017139,2762.680524,2748.59353,2240.003281,1004.723602,33021.08,1.30E-10,9.93E-10,5.13E-12
7250,1996.73658,13872.85548,413.0671771,419.4393978,6608.317742,49.62155617,0.014250506,3103.605298,2520.496706,2113.04604,983.4797763,32080.68,1.89E-10,5.06E-09,-1.92E-12
7251,2043.805807,12973.99618,505.1054278,443.8975337,6795.165497,51.50817287,0.017368881,3210.188155,2746.420448,2066.228775,1007.58664,31843.92,2.47E-10,9.97E-10,-3.29E-12
7252,2267.705003,14160.16909,712.5559353,508.6611638,7513.630616,59.07733188,0.030078755,3562.859003,3388.216914,839.0088603,1110.636,34122.55,1.67E-10,2.05E-10,-1.31E-12
7253,2814.190295,18441.35879,1352.079756,659.3256793,8966.551309,74.20580325,0.055621111,2851.164387,4165.799973,325.5127383,1402.375645,40515.62,537,8.03E-11,2.73E-12
7254,3229.540219,23098.27397,3169.847334,850.71702,8695.71781,70.21126857,7.311634747,4144.250133,4643.263773,286.9834674,1072.283369,47328.4,1940,8.96E-11,5.68E-12
7255,3568.403962,25829.08124,4113.184337,1226.865911,7773.277684,52.92874756,219.8059257,3639.764825,4094.296251,270.2709044,852.2602082,49662.14,1978,1.56E-10,-2.50E-12
7256,3597.72246,25193.16125,4908.817436,1630.039599,7167.427415,55.99886858,980.496338,3289.17282,3536.021212,146.7636792,691.9789227,49949.6,1248,3.22E-10,7.73E-12
7257,3483.758276,24182.0898,5179.35581,1126.163859,6868.407386,54.77436315,1814.576829,3187.899186,3177.694486,97.96145871,307.8585477,49076.54,404,6.41E-10,7.28E-12
7258,3463.874625,23735.97417,5509.480904,869.2753829,6790.875692,54.49671549,2548.277984,3140.329289,2969.376615,98.61954507,365.2390801,48628.82,917,8.21E-10,9.09E-12
7259,3437.554842,23369.6619,5583.610227,730.6758718,6793.389881,52.23574684,3124.656053,3024.080442,2956.70871,121.2885082,596.6778161,48838.54,952,9.52E-10,-7.28E-12
7260,3408.604783,23069.80568,5837.678008,543.4641352,6777.280157,51.44329837,3315.853907,2998.913916,2958.136505,140.3809201,768.5686923,49096.13,774,8.22E-10,3.75E-12
7261,3442.998156,23568.90062,5813.364005,570.2546012,6859.132864,52.22662382,3059.795612,2982.646605,2934.987269,159.5480127,778.8056326,49558.66,664,6.37E-10,-1.93E-12
7262,3555.451856,24665.81611,5931.86916,590.445851,7173.357659,55.61558953,2362.316125,3055.291477,2934.300703,249.1850234,825.0804451,51029.73,369,2.97E-10,6.99E-12
7263,3757.786336,26867.88211,5763.933004,978.3077163,7677.95118,59.62083243,1365.441839,3285.019476,3199.991321,733.7650794,1057.791103,54747.49,1.47E-10,1.67E-10,1.37E-11
7264,3872.296812,28178.17833,6525.002436,1559.085805,7930.257634,61.8001148,204.6246433,3520.292298,3445.199779,2318.332258,1032.359887,58647.43,1.39E-10,1.35E-10,-1.19E-11
7265,3577.675615,27115.14055,7329.044905,2725.202972,7236.51544,55.48824644,3.928383063,3304.130252,2904.383306,2451.987126,1134.683208,57838.18,1.42E-10,3.01E-10,4.79E-13
7266,3470.050104,25755.53131,7255.990739,2572.999405,6912.72245,52.01295388,2.428822983,3166.079655,2455.45244,2348.010625,1156.741492,55148.02,1.32E-10,6.08E-10,-4.85E-12
7267,3428.86568,24976.31526,7269.563628,1482.565357,6792.498234,50.75949203,0.241828121,3067.996672,2324.716244,1190.113907,1120.693701,51704.33,1.52E-10,1.35E-09,1.12E-11
7268,3294.657429,23486.73468,5916.666552,853.0518136,6504.12444,49.03621148,0.060866882,2879.038919,1976.39805,1013.042737,1085.66,47058.47,4.14E-10,0.001699143,-1.97E-11
7269,3152.203462,21548.70189,3132.823484,726.4202179,6181.063433,44.77394179,0.006506797,2721.619375,1641.983403,1342.753001,1025.01,41517.35,7.60E-10,0.008715945,-5.68E-12
7270,3052.556993,20466.72122,1570.203636,605.8172813,6214.338376,46.11514701,0.007046485,2458.609975,1689.796619,130.3013343,1024.63,36804.09,455,0.007626128,1.02E-12
7271,2303.901125,18645.23709,553.1701221,612.3395293,6789.960224,50.14891602,0.017393377,2503.612587,2209.911614,665.4804097,1072.070987,35405.85,1.58E-10,6.81E-10,5.24E-12
7272,2076.058882,18361.67077,359.7249568,470.4364001,6830.25898,51.49704272,0.017986824,2223.159353,2361.865854,956.2855806,1116.034196,34807.01,1.49E-10,1.12E-09,8.72E-13
7273,1942.193646,18014.51551,472.0562904,340.6407334,6453.435733,46.9474244,0.011264062,1643.777999,2187.31839,1638.895094,1085.62,33825.41,1.88E-10,0.002085151,-1.07E-12
7274,1961.004978,16979.6586,319.5223477,279.0760789,6522.192139,48.2415592,0.012442542,1710.974616,2303.552983,1860.795254,1085.59,33070.62,2.15E-10,0.000997748,-8.08E-12
7275,2025.490975,16415.45133,327.7685028,290.081486,6731.462034,50.32022412,0.016014131,2053.445588,2506.200088,1240.317944,1105.665814,32746.22,2.78E-10,1.85E-09,6.61E-13
7276,2229.888766,17575.68546,377.3954325,350.1951438,7365.294114,56.69522235,0.027107465,2458.469853,3110.240535,199.2851326,1143.703238,34866.88,2.20E-10,2.48E-10,4.96E-12
7277,2671.631955,21038.24228,1088.841722,488.5246783,8518.816091,68.15168712,0.047302591,2808.153905,3981.024291,207.9597171,1351.056374,41847.45,375,9.66E-11,-2.90E-12
7278,3085.67372,25093.55729,2987.075363,887.1256033,8599.735277,68.87831024,6.628409428,2971.056935,4339.166719,200.8321271,1316.350249,48177.08,1379,9.32E-11,-1.00E-11
7279,3649.994929,25902.21753,4152.54572,945.3852415,7577.896104,58.89495754,422.0923034,2661.22986,3896.190508,170.5663325,965.81651,49465.83,937,1.90E-10,-2.27E-13
7280,3482.029193,24867.32355,4227.944225,811.1426772,6895.924626,52.45082866,1863.041474,2288.281737,3601.762095,71.39926315,983.9803276,48636.28,509,6.39E-10,2.33E-12
7281,3341.612643,23766.96453,3795.954615,700.1545174,6532.844175,48.82916915,3128.960794,2104.811704,3348.452942,39.41929393,1087.935621,47090.94,805,3.43E-08,1.06E-11
7282,3401.01673,23543.60099,3941.539412,655.7260401,6668.687771,49.7975842,4493.245324,1366.888591,2942.906181,50.50170034,1105.689674,46266.6,1953,2.48E-09,-1.59E-12
7283,2079.841321,23159.28663,3415.547226,549.6202361,6722.210859,50.05733421,4829.39642,2524.63061,4119.598634,75.73634479,1116.454388,46664.38,1978,1.47E-09,4.32E-12
7284,3305.329191,22712.70746,3915.96248,589.1695789,6547.841928,47.87124228,3922.827688,2311.135664,4216.755268,76.46965086,1036.069853,46704.14,1978,5.63E-09,0
7285,3399.30901,23639.59674,4158.584254,509.4517902,6807.617755,50.27317883,3272.373127,2298.998514,4278.423287,115.8068365,1069.135507,47621.57,1978,8.70E-10,6.82E-12
7286,3491.475815,25026.32384,4679.392948,642.1199808,7156.632204,20.12281328,2336.564419,2306.83703,4499.798432,199.397267,909.5352549,49593.2,1675,3.15E-10,1.14E-12
7287,3784.997675,27135.347,6126.797343,692.9215842,7777.576022,36.96479457,1097.052993,2582.107595,4165.073605,364.8928315,646.2785551,53544.01,866,1.58E-10,-1.48E-11
7288,3770.915154,26823.9704,6044.920458,1100.021011,7667.595565,29.4323614,102.4587778,2903.801091,4941.177006,1635.976418,1217.491759,56237.76,1.42E-10,1.72E-10,-8.50E-12
7289,3462.097214,25018.67969,6422.169923,1803.479051,6906.2511,44.42066849,1.304982426,2408.950805,4513.907286,2358.813248,1146.446036,54086.52,1.83E-10,7.08E-10,4.04E-12
7290,3415.660183,24777.95989,5575.22045,1411.566969,6808.657741,54.61851587,0.351040725,2313.293296,4183.245487,2312.058582,1133.30784,51985.94,1.51E-10,9.59E-10,-3.23E-12
7291,3371.346864,24453.51356,4239.496673,1031.289314,6690.634359,49.30571584,0.18321432,2411.438112,3603.345224,2218.944013,1103.052955,49172.55,1.81E-10,3.18E-09,3.58E-12
7292,3246.808599,23148.50585,2716.356833,928.7123691,6370.050989,45.37193476,0.038716647,1955.423939,3133.873631,2022.681656,1085.54,44653.36,6.45E-10,0.004513213,-4.45E-12
7293,3112.167391,20880.48506,1327.938663,560.7177081,6087.261447,42.62053791,0.004704737,1640.988124,2822.633136,2047.853768,1025.21,39547.87,1.37E-09,0.010536756,2.66E-12
7294,3168.549436,17545.50224,683.5793253,578.1945014,6242.095368,46.09868819,0.00729304,2099.470216,2724.246364,1406,1024.96,35503.13,15.56543252,0.007998609,4.83E-12
7295,3282.343285,15134.96146,624.5495023,658.3764915,7072.247581,53.03042308,0.02188576,2705.416819,2555.338851,2280.783595,1135.930105,35503,1.49E-10,2.75E-10,-1.20E-12
7296,3462.007723,14219.95139,429.9793906,427.0245795,7082.235736,53.0979998,0.021932806,2593.410671,2333.507666,2347.743401,1166.059509,34115.04,1.43E-10,3.90E-10,-8.75E-12
7297,3353.105429,14780.03363,570.3981783,319.6019784,6773.958588,50.41657554,0.016633549,1941.068635,2046.914245,2279.196009,1156.440096,33271.15,1.74E-10,4.10E-10,-9.06E-12
7298,3297.738203,14641.20638,644.0750448,289.3944973,6608.823992,48.6918836,0.013760078,1736.041715,1874.958009,2227.078514,1068.058005,32436.08,1.96E-10,7.43E-10,-7.63E-12
7299,3279.972931,14065.43687,563.5289106,287.5488885,6594.876341,48.46263969,0.013349982,1650.197195,1830.617971,2202.16324,1076.771665,31599.59,2.12E-10,6.39E-10,4.24E-12
7300,3304.935311,14043.05362,425.1249287,293.1267778,6646.55444,48.92873395,0.014260313,1575.791285,1900.991853,2146.575744,1109.913046,31495.01,2.14E-10,3.78E-10,-3.12E-12
7301,3382.520925,15443.09174,616.6713166,476.4120355,6823.218299,51.5191703,0.017244874,1515.701278,2015.460811,2127.250564,1119.056619,33570.92,1.86E-10,3.90E-10,6.23E-12
7302,3596.506041,19624.82411,1179.660077,640.35944,7247.401611,54.55467555,1.012279959,1885.268178,2410.762902,2146.905355,1195.815328,39983.07,1.29E-10,2.02E-10,4.18E-12
7303,3694.462841,24352.83829,2118.485256,886.1731628,7306.453273,56.30431982,100.5989883,2136.988306,2510.936938,2183.314184,1216.114443,46562.67,1.34E-10,1.77E-10,-5.13E-12
7304,3621.385304,25514.57506,3194.301027,882.6192461,7123.836196,53.62180087,629.6752816,1995.763922,2389.16132,2112.208021,1243.002826,48760.15,1.51E-10,2.26E-10,1.42E-12
7305,3548.997852,25206.73834,3499.572011,876.4468721,6952.01384,53.38275747,1672.649537,1815.001783,2204.016167,2097.187151,1197.943688,49123.95,1.78E-10,3.25E-10,5.77E-12
7306,3463.791674,24395.17738,3418.010348,760.2860492,6755.557796,52.00416168,2672.766029,1539.506262,2156.500601,2080.136824,1169.322873,48463.06,2.40E-10,4.48E-10,2.87E-12
7307,3403.031224,24134.70704,3262.225532,776.7506263,6677.606381,48.90449221,3113.069955,1313.054409,2363.99592,2070.407045,1163.297378,48327.05,2.69E-10,5.01E-10,1.54E-12
7308,3373.789553,23840.6382,3273.595112,850.7973716,6569.066703,30.30125617,3196.208095,1123.723805,2563.949429,2081.497128,1061.263352,47964.83,2.60E-10,1.20E-09,-4.22E-12
7309,3409.165326,23918.94713,3316.308662,797.7702389,6674.738846,14.96505847,2848.914031,1119.644524,2648.58258,2113.027186,1038.496413,47900.56,2.15E-10,3.87E-09,5.97E-13
7310,3483.594239,24680.21204,3360.271378,615.4195827,6825.753055,16.76730479,2264.897693,1104.212192,2690.533867,2181.063034,1046.335622,48269.06,1.81E-10,1.81E-09,-6.79E-13
7311,3660.942942,26030.21606,3774.026092,789.5001509,7222.200339,26.96122043,1253.670234,978.7979116,2534.418408,2336.002934,1087.293713,49694.03,1.44E-10,6.07E-10,-2.38E-12
7312,3708.522299,26678.70852,5317.437481,1288.949507,7314.492843,20.14724023,124.9768408,1807.77158,3003.701099,2371.534761,1145.007826,52781.25,1.63E-10,3.13E-10,4.17E-12
7313,3664.885732,27283.90427,6153.303381,1986.039725,7208.689681,62.1730446,2.888368146,2298.16428,3187.239209,2366.247812,1264.024497,55477.56,1.79E-10,2.16E-10,-9.19E-12
7314,3654.434022,26468.52635,6210.847456,1868.379449,7181.845237,55.00401081,1.448086848,2639.503115,3429.120351,2301.167391,1284.564528,55094.84,1.57E-10,1.95E-10,1.16E-11
7315,3639.558227,25930.41113,5656.511469,1193.564099,7140.247367,53.55756642,0.229316794,2771.282572,3695.224524,2251.146741,1267.646984,53599.38,1.59E-10,2.08E-10,-1.08E-11
7316,3645.63096,24659.76171,3790.531583,988.8003347,7147.214125,52.75674837,0.068619154,2638.34341,3895.210694,2234.431459,1188.030361,50240.78,1.53E-10,3.76E-10,1.67E-12
7317,3582.997326,21945.0277,2235.046805,787.2199945,7059.921288,50.93499954,0.021233009,2664.760967,3742.071895,2229.196842,1136.310951,45433.51,2.11E-10,3.06E-10,7.36E-12
7318,3509.836958,18452.36484,899.2673769,661.6979104,6996.524782,51.46136233,0.02007939,2589.638047,3616.476802,2191.093347,1139.0085,40107.39,1.83E-10,2.81E-10,1.87E-12
7319,3460.837426,14603.45548,573.341552,477.262466,6978.685994,51.21559651,0.019818487,2517.713889,3621.260495,2253.736137,1130.24115,35667.77,1.54E-10,2.39E-10,6.81E-12
7320,3516.097647,12651.45871,572.6784255,424.0807576,7148.114173,52.58128015,0.02270661,2705.552688,3938.234546,2296.582404,1131.266666,34436.67,1.33E-10,1.98E-10,4.04E-12
7321,3418.896312,12611.6843,488.1331195,393.5788076,6922.417924,50.80706009,0.018899271,2634.262043,3782.345086,2278.873857,1085.29259,33666.31,1.36E-10,2.85E-10,6.32E-13
7322,3301.412851,12526.69875,400.8174364,355.0512543,6625.947164,49.05853688,0.013600264,2425.479228,3630.077892,2179.330864,1057.422421,32551.31,1.85E-10,3.84E-10,-4.95E-12
7323,3274.942563,11898.52591,400.2044925,350.5574879,6549.22974,48.42727823,0.012383966,2563.441128,3448.584413,2115.816892,1067.687716,31717.43,2.15E-10,3.46E-10,-9.82E-13
7324,3318.656099,11886.66873,412.9956979,337.0932594,6643.443335,49.3231145,0.014082913,2545.567412,3379.448114,2048.333072,1077.267086,31698.81,2.23E-10,3.16E-10,6.93E-12
7325,3391.438479,13959.13177,510.7803689,471.3474338,6944.394213,51.93469065,9.173279488,2307.551015,3270.979552,1978.43703,1089.782168,33984.95,1.95E-10,3.13E-10,1.57E-12
7326,3598.038366,18433.17608,1814.612573,617.5234163,7306.993927,55.12253971,0.179059996,2543.392927,3389.08522,1794.689068,1173.716823,40726.53,1.49E-10,1.74E-10,-9.54E-12
7327,3623.853811,23848.97252,3566.873539,926.8032574,7177.948754,54.12887798,439.7785557,2163.797656,2912.415995,1316.691959,1018.035071,47049.3,1.68E-10,1.66E-10,7.91E-12
7328,3414.627457,23588.87616,4389.207818,795.4876664,6678.385335,49.84876857,2307.536789,1678.725788,2308.914762,1924.217161,994.1822913,48130.01,2.52E-10,3.02E-10,-7.86E-12
7329,3294.380315,22691.49582,4219.676611,851.5384866,6376.147043,48.56334543,4089.72476,1456.614151,2052.718761,1715.216897,411.0238088,47207.1,3.87E-10,7.33E-10,-6.86E-12
7330,3194.318581,22031.55016,4010.154562,892.875811,6121.844955,46.24416345,5207.327607,1148.528265,1701.110626,613.9112423,401.4340256,45369.3,9.16E-10,2.13E-09,7.26E-12
7331,3146.926558,21986.31047,3607.766115,717.6345855,6028.100545,33.3892402,5749.416026,987.8870812,1577.404311,48.3265969,781.1884691,44664.35,1.05E-09,1.76E-09,-1.78E-11
7332,3143.27858,21631.25311,3350.843867,533.3882041,6024.04084,44.2741399,5631.811921,899.0453404,1788.565017,331.8471997,886.4017847,44264.75,1.08E-09,1.22E-09,1.53E-11
7333,3248.185526,22173.42981,3364.961531,581.6849561,6234.761923,44.89738703,4856.858827,904.4194812,2070.958339,39.85619404,871.6660291,44176.68,215,4.70E-10,3.01E-12
7334,3375.726663,23649.77489,3675.407699,707.1989089,6546.266835,46.99544052,3382.307092,1084.42345,2430.613654,600.5586693,152.2566976,45495.24,2.77E-10,156.29,4.72E-12
7335,3595.1614,25498.91243,3832.704949,942.8890672,7013.885187,51.77587917,1316.08107,1298.039858,3065.36183,1068.814798,218.4835308,47902.11,1.71E-10,1.37E-10,4.96E-12
7336,3755.691829,25836.06589,4609.351466,1530.924239,7296.336684,52.19912234,92.76642324,1668.507369,3866.314228,2349.978466,847.6942836,51905.83,1.66E-10,1.58E-10,3.29E-12
7337,3780.736031,27263.44908,5132.995508,2416.304861,7233.509027,53.61893085,4.853329341,1796.043886,4345.261319,2408.721293,1032.916738,55468.41,1.58E-10,1.46E-10,-1.36E-11
7338,3765.86815,26536.81975,5084.536964,1698.799587,7190.476513,53.37959158,4.526257942,1958.107978,5127.899278,1698.53335,932.34258,54051.29,1.43E-10,1.41E-10,7.48E-12
7339,3734.93881,25344.01573,4429.033867,927.4098737,7131.398301,49.49552181,2.264541297,1971.625644,6047.476746,564.4940297,917.1669337,51119.32,1.47E-10,1.52E-10,-8.41E-12
7340,3893.879096,24802.99367,2713.103192,859.0540693,7453.890749,53.12539918,0.088838989,1435.811869,5064.913482,250.5226181,857.0970114,47140.48,244,1.56E-10,-2.84E-13
7341,3636.47014,20201.41232,1819.075041,818.7009374,6948.148678,51.96715875,0.020764914,2261.897825,6713.496022,196.7398994,808.7512156,42509.68,947,3.28E-10,-7.96E-12
7342,3043.756993,17399.01223,1551.663787,642.9121108,6902.750005,50.60393404,0.019761181,2415.801057,6313.765531,158.1152032,839.1493866,37685.55,1632,2.63E-09,-6.37E-12
7343,1888.202427,11368.14825,1210.971209,459.358797,6846.012799,49.08396092,0.018799909,2491.415158,6475.940921,1571.041538,864.6661447,33224.86,1.66E-10,2.03E-09,-2.77E-12
7344,1892.721157,9027.491483,1083.024215,441.2415131,7080.990017,50.78494075,0.022755676,2677.327073,6650.288646,1833.529341,849.6388582,31587.06,1.56E-10,8.37E-10,-6.36E-12
7345,1695.910417,8840.799204,650.61889,421.2608822,6982.364972,50.97517746,0.020824078,2801.081008,6198.96372,1757.344417,753.4004884,30152.74,1.46E-10,1.43E-09,-1.22E-12
7346,1474.412108,7890.294307,570.0249297,426.3202816,6794.777169,49.58942091,0.01778348,3030.934975,6039.235168,1347.966745,730.6771128,28354.25,1.55E-10,1.37E-08,2.07E-13
7347,1409.975409,7773.620283,581.1470776,417.4781656,6628.628588,49.29437818,0.015102233,3096.896184,5711.650388,435.2360085,725.61,26829.55,1.76E-10,0.001582361,2.44E-12
7348,1295.286518,7224.011613,410.2986623,397.1472872,6614.012575,48.13293143,0.014737462,3342.844307,5762.992596,147.7800212,725.52,25937.04,31,0.001248633,2.16E-12
7349,1174.913501,7475.217317,445.0811078,465.773732,6696.018144,48.63146999,0.143090063,3620.177666,5846.749578,127.6589326,736.7454606,26603.11,34,5.08E-09,-4.18E-12
7350,1526.464643,9374.481181,647.7448261,542.1271242,6885.164783,50.98119239,0.075156422,3939.320569,6123.370254,103.4911336,775.8391376,29904.06,65,7.30E-10,1.22E-12
7351,1639.183544,12521.45421,943.1210761,708.8566039,7039.741848,51.12274645,159.8403577,4075.794543,6510.958597,107.7487691,480.6877061,33486.51,752,4.44E-10,4.77E-12
7352,1561.09019,13811.61166,957.8050813,693.7883364,6870.583519,41.52218254,972.0743675,4057.036439,7134.600923,93.53641397,165.4108914,36358.06,1,6.82E-10,6.13E-12
7353,1508.179996,13269.30276,922.7270933,768.3953416,6735.704528,45.73185476,1929.773041,4029.990299,7918.364027,359.0075287,920.213536,38407.39,2.38E-10,1.45E-09,-3.03E-12
7354,1449.981054,12025.84323,872.1897061,742.8643036,6620.319666,46.55374938,2533.714777,3968.032852,8638.302589,439.4326372,934.8754392,38272.11,2.87E-10,4.61E-09,-2.45E-12
7355,1415.63768,11515.23856,799.0626496,821.7181138,6583.908167,46.07260602,2755.35007,4020.037983,8670.976965,337.1887728,928.0284301,37893.22,2.93E-10,2.03E-08,-4.26E-12
7356,1437.917595,10687.41382,769.8044235,725.7725085,6566.314266,46.76801307,2640.216762,4105.548973,8619.39091,1323.044031,927.4086951,37849.6,2.57E-10,2.65E-08,-1.14E-12
7357,1452.39333,11239.93511,848.7146047,729.2015336,6626.096162,47.06564261,2227.316211,4182.556118,8759.00576,640.1988249,939.6267071,37692.11,2.50E-10,3.13E-09,3.65E-12
7358,1516.337051,12236.60618,1043.663719,726.5032356,6778.573473,47.74745917,1514.354605,4161.907985,8598.42311,575.6397388,878.0234427,38077.78,2.22E-10,7.80E-10,-4.81E-12
7359,1598.163673,14059.8757,1363.592495,909.8256256,6964.774056,49.27179164,638.544427,4265.007841,8679.948485,363.1822285,170.3536744,39062.54,2.01E-10,4.76E-10,1.30E-13
7360,1675.856135,16099.49495,1752.94906,1168.584435,7157.190927,50.17205194,41.10365579,4224.276418,8801.52984,831.4200732,895.0124525,42697.59,2.06E-10,3.59E-10,3.36E-12
7361,1687.114387,17516.77626,2383.945977,1511.61007,7090.649086,51.05230758,4.667283801,4246.532981,8701.264685,2304.513819,1178.883144,46677.01,1.94E-10,4.22E-10,-4.78E-12
7362,1654.924911,16419.53314,2080.485603,1581.140186,7002.03484,51.6568586,2.382250653,4186.902158,8555.045917,2283.424528,1163.179606,44980.71,1.76E-10,5.33E-10,-2.81E-12
7363,1636.500175,15011.94712,1799.403148,1097.148232,6969.267761,50.03739764,0.175294351,4280.518176,8408.407337,1310.05274,1153.582617,41717.04,1.81E-10,6.10E-10,2.12E-12
7364,1623.524373,12527.32022,1471.361537,1004.707656,6929.902573,31.38505639,0.056655787,4213.442495,8239.972449,1851.351572,1144.33541,39037.36,1.83E-10,7.05E-10,-6.60E-15
7365,1618.123949,12462.57981,1050.662513,1151.238416,6937.005249,49.88061476,0.019098096,4256.914462,7841.143434,149.0255262,1074.686933,36519.28,72,7.73E-10,7.45E-12
7366,1570.957636,11537.00621,598.4649844,969.3392623,6939.674054,48.88646654,0.018907376,4308.585494,7338.517821,124.5237128,968.8854536,33501.86,903,8.63E-10,5.34E-12
7367,1520.961063,8271.748874,516.1566867,672.7364382,6943.352086,47.90831382,0.019102207,4285.076663,6918.231498,542.4589245,719.4003505,30438.05,1.66E-10,7.71E-10,-2.42E-12
7368,1542.161383,6808.653817,442.3881689,535.2250711,7036.901388,48.55759621,0.020670522,4175.345894,6596.806079,1630.254254,675.7556786,29492.07,1.72E-10,7.51E-10,-2.61E-12
7369,1723.05163,7874.026028,669.3153883,555.4964164,7581.97757,53.55128098,0.030171349,2551.435167,5145.026484,1868.190091,378.0497738,28400.15,1.02E-10,2.62E-10,3.29E-12
7370,1415.244393,6226.41971,603.6078268,495.0948115,6698.566599,47.85974845,0.014657582,3866.107234,5711.926941,1565.80901,354.25,26984.9,1.71E-10,0.000931428,2.02E-12
7371,1616.070238,7482.083081,644.0095139,525.925445,7270.544803,52.53055125,0.02463793,2289.624443,4715.635845,1747.125671,64.33577115,25851.42,1.20E-10,556.49,5.57E-12
7372,1392.221371,6259.072709,640.1322681,558.465487,6630.646881,47.38040497,0.013604275,3409.650703,5570.448576,1547.778068,2.49E-09,25374.19,1.95E-10,681.6200731,1.25E-12
7373,1394.674995,6727.813569,656.0609557,545.6018552,6653.761111,47.52122821,0.125676775,3236.43217,5646.854726,1115.193302,9.60E-08,25583.19,2.00E-10,440.8495881,2.22E-12
7374,1421.639221,7137.000844,953.8227802,565.2537833,6676.235548,47.67381808,0.014383229,3155.140199,5859.487356,1502.680156,425.081912,27744.03,2.02E-10,1.05E-08,-2.33E-12
7375,1565.179978,10007.62511,1171.5068,628.2039864,6827.070485,48.99103378,99.06887336,2954.806418,6338.021781,716.4819857,32.05355148,30389.01,2.01E-10,1.04E-09,1.12E-13
7376,1765.751254,11946.56383,1296.281229,894.7116388,6800.669362,49.70925023,681.8791652,2666.745116,6154.536174,983.8144337,797.948549,34038.61,2.18E-10,1.14E-09,5.61E-12
7377,2130.272166,13004.55005,1421.281092,1151.875471,6805.519179,14.32070297,1346.437794,2945.688503,5981.412712,2030.217019,1008.085311,37839.66,2.33E-10,1.13E-09,7.03E-12
7378,2146.506481,13952.24935,1435.58212,1233.736198,6719.372534,29.89584575,1921.336604,2701.904502,5898.795991,2109.813479,1106.256898,39255.45,2.65E-10,2.09E-09,-4.90E-13
7379,2117.430869,14857.75752,1757.813839,941.4600995,6695.245567,48.79244329,2024.825375,2186.485673,6268.156031,2102.591125,1101.161459,40101.72,2.60E-10,3.33E-09,-7.38E-12
7380,2146.654104,15913.74173,2323.68124,1085.229755,6697.025143,47.86610385,1901.748108,1889.404461,5967.01285,2143.571133,1039.94537,41155.88,2.07E-10,3.62E-09,8.25E-12
7381,2156.688785,17369.96682,2557.84764,999.3317969,6723.028973,34.69644455,1618.753389,1617.807515,5254.590955,2154.473256,1041.334425,41528.52,1.83E-10,3.10E-09,9.78E-13
7382,2220.617286,18860.41207,3318.066884,862.1310184,6861.593937,14.68432977,1117.092911,1352.866732,4480.028186,2212.654077,1056.022569,42356.17,1.61E-10,8.74E-10,4.98E-12
7383,2286.517704,20180.21623,4096.613252,1026.585831,7026.244611,16.04149177,485.4294904,1523.513289,4234.393778,2251.300211,1076.824112,44203.68,1.60E-10,5.67E-10,5.12E-13
7384,2380.86028,23063.83263,4756.927222,1562.354889,7216.830104,31.18510935,33.58709033,1759.887868,4056.198599,2289.174725,1125.781483,48276.62,1.95E-10,3.49E-10,1.78E-12
7385,2328.374025,24015.90831,5366.768998,2919.318006,7072.433927,51.16852146,0.632804984,1741.957293,3763.488499,2338.132901,1173.356711,50771.54,2.05E-10,4.61E-10,-1.93E-11
7386,2306.133537,23482.9957,4889.132088,2421.488655,7034.423874,50.90529203,1.381788558,2012.080858,3667.368511,2320.982466,1167.287226,49354.18,1.77E-10,5.00E-10,-1.43E-11
7387,2298.684372,22264.3014,4588.283299,1504.431402,7003.611596,50.33151539,0.145156906,2172.442625,3701.522055,2262.909086,1014.707492,46861.37,1.77E-10,5.79E-10,-6.66E-12
7388,2312.302555,21124.04236,3540.246761,1000.42485,7047.579093,50.16394973,0.063934533,2269.438564,3451.47672,2250.293174,1138.488042,44184.52,1.65E-10,5.86E-10,-1.70E-12
7389,2267.095619,19665.23167,1906.297297,921.6520878,7002.963559,51.33686939,0.020656791,2412.262987,3381.372239,2207.489504,1070.757513,40886.48,2.09E-10,8.27E-10,-3.03E-12
7390,2205.206107,17522.67645,635.1928241,878.9184326,6933.584556,49.87218673,0.01945655,2407.80321,3132.082218,2172.844652,722.0999083,36660.3,1.89E-10,1.37E-09,1.78E-12
7391,2227.058012,14134.06342,497.253238,843.1232371,7085.69822,49.81447796,0.022036195,2277.746554,2988.383399,2068.931705,507.6457043,32679.74,1.43E-10,5.33E-10,1.07E-14
7392,2235.135137,13226.58768,547.4120748,542.9844716,7179.976357,51.52605042,0.023755737,2204.449645,2887.191374,2113.649127,864.8443301,31853.78,1.29E-10,8.38E-10,-7.24E-12
7393,2117.459956,13600.94902,613.4018602,512.0470465,6811.314196,47.94045794,0.017264821,2164.884368,2437.068735,2069.168054,875.06,31249.31,1.54E-10,0.000960628,1.75E-13
7394,2198.566615,13178.19348,561.4326536,497.200909,7060.950057,50.79255155,0.021569497,1543.716139,2052.000843,2104.643532,872.4216463,30119.94,1.37E-10,1.29E-09,-1.62E-12
7395,2075.461152,12126.24356,600.6877379,469.6753333,6717.121969,48.07710447,0.015588336,2178.412713,2271.560401,2015.7821,713.85,29215.49,2.00E-10,1.397661403,5.60E-12
7396,2131.028794,11546.1477,524.0311321,471.7133399,6769.723763,48.47454383,0.016463753,2318.71488,2528.681129,1994.163967,671.53,29002.98,2.27E-10,1.245711951,-2.97E-12
7397,2301.950157,13063.281,809.3132799,528.9278191,7022.031469,49.44609689,0.187670799,2374.239555,2763.29936,1902.908051,675.0255373,31490.61,2.55E-10,7.13E-10,3.28E-12
7398,3050.760577,19361.1322,2467.277003,671.9131008,7892.554484,57.30675614,0.036076894,1862.731405,2764.389746,738.3234679,169.6551815,38755.18,1.06E-10,280.9,-1.21E-11
7399,3352.780693,24832.20672,3723.236744,1016.931615,7543.238695,55.6034313,135.7735431,2581.622041,3008.170851,162.2770873,111.6085803,46101.32,160,262.13,-1.11E-11
7400,3489.837071,25379.24721,4409.667341,1070.134786,7200.459149,52.88142712,795.2270417,2309.008883,2726.665691,251.7442605,90.02713971,47671.9,1.56E-10,103,-7.93E-12
7401,3568.645772,25241.10123,4596.093705,1101.493588,7046.135781,50.12118568,1545.07737,1949.571514,2540.85269,1331.10807,70.87908899,48176.54,1.76E-10,864.54,9.21E-12
7402,3507.244073,24783.42438,4508.038954,878.2936713,6904.90999,63.64449941,2224.893685,1746.852312,2592.769841,1341.889209,54.37938766,47677.54,2.05E-10,928.8,6.82E-12
7403,3437.306501,24584.57051,4469.027158,872.5477912,6801.726964,89.32098761,2657.777953,1783.775638,2385.444339,1164.337908,43.58425145,47660.89,2.20E-10,628.53,-5.00E-12
7404,3446.598375,24806.30101,4126.369546,1129.868395,6798.659519,103.36799,2635.732075,1554.788537,2202.6032,1320.520276,41.03108071,47504.08,2.14E-10,661.76,7.96E-13
7405,3503.78294,24921.47077,4125.777977,1018.961477,6868.758004,88.2554611,2228.535085,1436.316845,2148.132734,1057.439125,50.75957716,46740.44,1.98E-10,707.75,5.46E-12
7406,3543.028049,25309.36691,4411.501993,981.433151,6953.965308,54.20888598,1514.20176,1507.634422,2137.37997,1256.843656,54.60589928,47054.43,1.90E-10,669.74,-1.25E-12
7407,3650.692353,26046.74482,5056.686733,1576.517889,7215.14474,56.24305726,516.1092859,1657.539503,2383.228208,698.9039365,77.03947672,48272.75,1.63E-10,662.1,-4.89E-12
7408,3709.861613,27029.29054,5286.363597,2228.387081,7318.643008,56.69990998,35.72924853,2006.580948,2805.866288,2291.132112,120.8156537,52520.63,1.69E-10,368.74,6.54E-12
7409,3667.683459,27905.03031,5639.995754,2645.663147,7231.820889,71.66822631,0.569785998,2071.455059,3189.998801,2398.815206,551.2893593,55373.99,1.72E-10,2.80E-10,-4.29E-13
7410,3656.502044,27055.40499,5290.266899,2338.781256,7200.482362,53.06723388,0.410792524,2255.891305,3329.683333,2426.850066,493.8097165,54101.15,1.45E-10,2.99E-10,-1.52E-11
7411,3643.076071,26232.79842,4721.664024,1377.482306,7168.13149,52.36551195,0.117789909,2160.892838,3476.359597,2356.670536,365.7114142,51555.27,1.46E-10,3.27E-10,7.43E-12
7412,3664.394667,25182.97647,3232.013665,1048.181129,7207.97319,50.04275259,0.072250019,2111.265887,3656.491374,1760.002444,388.5461684,48301.96,1.44E-10,3.33E-10,-3.77E-12
7413,3563.434213,22104.24625,1881.532776,1092.188626,7017.220746,49.14853812,0.020887073,1930.269625,4090.741999,1653.112331,360.6340059,43742.55,2.09E-10,5.09E-10,-4.65E-12
7414,3496.702307,17574.11987,999.9749267,953.9029943,6926.184023,49.54202746,0.019325854,2082.099139,3947.566675,2198.707546,390.411164,38619.23,1.87E-10,6.76E-10,-4.08E-12
7415,3454.388888,12883.68498,694.2002124,652.0629849,6974.133385,48.8127086,0.020240178,1955.877357,3904.512991,2253.334042,1043.732214,33864.76,1.42E-10,4.19E-10,6.44E-12
7416,3500.026077,11706.4227,613.0883713,643.6242821,7158.104436,50.03105612,0.023336062,1865.804415,4121.905885,2140.236569,958.5528684,32757.82,1.32E-10,4.22E-10,-1.22E-12
7417,3420.501592,11171.18724,568.3446089,505.2653807,6995.272594,48.94937575,0.020488082,1975.222363,4128.841376,2144.97334,931.8916404,31890.47,1.37E-10,6.23E-10,-3.52E-12
7418,3285.738948,10603.48521,524.7948325,538.8022092,6591.317657,46.95000638,0.013522742,1968.356897,3923.993276,2003.907616,876.87,30364.23,2.04E-10,0.000176606,1.55E-12
7419,3260.173312,10141.32183,430.4384985,467.0844668,6548.511581,47.61750275,0.012709283,1874.522557,3766.263176,1939.453022,876.98,29351.73,2.45E-10,0.648659138,-7.71E-13
7420,3294.879117,9415.597052,429.2336856,466.6826982,6666.396912,48.47857098,0.014690637,2198.730314,3865.586899,1890.112583,872.1574779,29147.87,2.53E-10,7.04E-09,-6.98E-12
7421,3405.473123,10548.8768,615.0266256,596.6438311,6918.754883,50.42968745,0.172034438,2707.166239,4181.741919,1930.957485,310.7773759,31266.02,2.91E-10,6.85E-10,-6.33E-13
7422,3642.792172,14818.74635,1872.982244,743.0328857,7419.033572,52.18288509,0.027814806,2849.028996,4932.261657,1633.962129,203.0292917,38167.08,1.42E-10,2.36E-10,9.14E-13
7423,3687.952203,20275.60579,2956.20246,1107.698467,7362.596639,49.83205237,97.63021565,2828.917047,5364.932615,817.6576706,80.15483929,44581.54,1.40E-10,47.64,3.52E-12
7424,3583.953995,19619.74655,3541.520792,1105.000393,7149.615057,47.03514461,672.5360419,3063.694497,5910.205761,1366.93885,74.52292079,46086.43,1.62E-10,48.34,-5.83E-13
7425,3595.123191,19548.4456,3636.968376,1210.76952,7080.134597,48.05127748,1309.02284,3092.193765,6194.585403,1059.286207,121.6992239,46896.28,1.70E-10,3.36E-10,1.02E-11
7426,3551.419048,19048.59849,3633.007478,946.0207074,6983.538511,50.12456416,1813.330697,3006.487813,6358.453316,1077.827507,62.44187209,46531.25,1.88E-10,4.00E-10,9.49E-12
7427,3660.335507,19747.64382,3853.119359,1038.648618,7313.273446,52.39546888,2411.003938,1803.352914,5052.845173,1262.512696,210.949064,46406.08,1.40E-10,2.49E-10,4.16E-12
7428,3487.811378,18032.79142,3664.941193,938.4351846,6842.925438,43.68919822,2166.727245,3073.724673,6359.237965,1164.976296,203.880006,45979.14,1.96E-10,5.52E-10,1.52E-12
7429,3491.307756,18159.49917,3636.215661,917.6134297,6872.409305,42.95811409,1982.008544,2878.833442,6615.284737,800.5795925,205.3602449,45602.07,1.91E-10,5.32E-10,4.86E-12
7430,3515.904913,18826.20506,3475.910157,793.3757696,7037.412251,47.33555531,1371.08824,3172.317899,7091.990534,323.0537358,214.7658873,45869.36,1.88E-10,3.83E-10,3.21E-12
7431,3848.223139,21631.39071,3544.083536,1140.827079,7758.467531,52.20707471,608.7140977,2158.394004,5665.30626,235.9591461,215.0374222,46652.61,206,1.64E-10,4.23E-12
7432,3662.052802,20459.18474,3718.489638,1282.176175,7348.637403,50.25763496,28.05386278,4154.775223,7481.653016,2062.535881,114.1936269,50362.01,1.76E-10,2.39E-10,-7.13E-13
7433,3600.079585,21680.83301,4018.677403,1999.034302,7219.822861,50.92677893,0.432268178,4274.732301,7473.172897,2317.048197,554.0703937,53188.83,2.22E-10,2.92E-10,2.60E-12
7434,3819.437344,22733.89605,4289.710411,1763.018625,7686.081429,54.18514144,0.481396203,2663.560744,5639.21306,2109.375756,1108.100041,51867.06,1.12E-10,1.77E-10,1.76E-12
7435,3555.587269,18459.80187,3876.529011,1205.287781,7127.397696,50.5558264,0.112157587,4331.335352,7460.325551,2360.046157,1051.581333,49478.56,1.56E-10,3.59E-10,1.37E-12
7436,3540.939831,15915.69233,2830.161945,966.1559259,7103.042824,48.83504923,0.043846398,4304.848939,7710.644294,2320.422284,1168.742728,45909.53,1.60E-10,4.39E-10,4.19E-12
7437,3507.085078,12768.08743,1764.630937,990.4645937,7024.966535,48.69928189,0.020614412,4324.921715,7575.12492,2193.724959,1095.653931,41293.38,1.93E-10,5.07E-10,-2.09E-12
7438,3310.12,9285.919031,747.5438569,763.2543129,6913.287706,45.93957672,0.018725417,4270.915275,7622.579206,1970.307172,909.7651375,35839.65,1.74E-10,8.35E-10,-5.11E-12
7439,2483.111887,6994.120551,461.3921033,606.4332393,6878.532705,46.76251229,0.018264735,4162.280622,7114.411836,1827.037952,825.6983263,31399.8,1.56E-10,7.07E-10,-1.12E-12
7440,2608.98551,6273.138788,489.3094766,514.7086623,6725.864556,46.6531661,0.015581185,4010.634628,6785.726332,1805.100721,792.402579,30052.54,1.97E-10,2.83E-09,7.14E-13
7441,2567.495868,6551.6682,687.3129456,499.6102149,6529.332133,46.23876364,0.012211571,3803.512199,6226.049766,1783.409084,775.75,29470.39,2.27E-10,0.001386601,-2.30E-12
7442,2476.954268,6017.669747,692.9480511,491.6688892,6464.609491,45.66950727,0.010961285,3872.707288,5873.475247,1637.89964,726.84,28300.45,2.65E-10,0.003089598,2.60E-12
7443,2394.139376,5524.352853,493.7751475,483.1593799,6503.149903,45.98196114,0.011640096,4070.321315,5465.948898,1610.763588,726.74,27316.84,2.81E-10,1.50406229,-3.49E-12
7444,2239.469411,5135.499395,427.0949971,505.6420578,6633.209024,46.88809964,0.013789461,4115.122326,5637.760213,1572.085915,725.71,27037.87,2.76E-10,0.625228449,3.94E-12
7445,2106.793879,6046.886052,668.8782346,531.2375891,6884.72942,48.72731666,0.162870843,4257.485984,6097.665455,1548.356456,758.7767425,28949.7,2.95E-10,7.84E-10,5.21E-12
7446,2511.519056,9083.859215,1819.640286,634.106526,7355.222243,52.08406786,0.02608016,4410.758823,6828.67405,2104.387205,1062.062446,35862.34,1.61E-10,2.59E-10,2.08E-12
7447,2991.291687,14232.88512,2466.530539,975.3977907,7294.906891,51.71086158,46.68344377,4437.809386,7545.049522,2153.075056,689.5797067,42884.92,1.64E-10,2.61E-10,-1.08E-11
7448,2908.2358,15259.3367,2736.671086,927.5681087,7058.962303,49.83830781,412.8097174,4385.888705,7840.665555,2165.07995,1041.303767,44786.36,1.89E-10,3.61E-10,3.83E-12
7449,2889.710286,15299.98313,2742.079719,990.4603939,6977.445855,48.73338374,1107.916032,4398.557615,7961.082047,2186.609447,967.0220908,45569.6,2.01E-10,4.23E-10,-5.20E-12
7450,1920.860829,15780.06432,2485.601039,936.1856055,7047.140596,48.99482607,1694.115426,4418.37636,8122.61193,1742.797507,1147.921564,45344.67,1.90E-10,3.88E-10,1.09E-11
7451,2736.02112,15647.5235,2529.316427,806.3670735,6765.121386,52.63778361,1988.693015,4295.235938,7702.706944,1671.6874,1119.859413,45315.17,2.33E-10,6.91E-10,7.25E-12
7452,2770.97195,15524.83863,2491.972193,1307.707519,6733.060452,49.42622507,2102.810632,3976.102186,7543.567752,1954.543503,571.9289567,45026.93,2.32E-10,9.28E-10,4.58E-12
7453,2781.073706,16435.93943,2747.875534,1100.21387,6827.605767,48.09190274,1656.278844,3439.676992,7538.053981,2146.620954,208.8790243,44930.31,2.18E-10,6.37E-10,3.64E-12
7454,2859.659018,17353.58448,2958.92098,1049.778096,6991.035132,48.67739585,1126.400755,3652.179938,7613.595359,1856.961244,44.01760324,45554.81,1.93E-10,4.59E-10,2.70E-12
7455,2929.311801,18654.37808,3829.653084,1371.4871,7141.984957,48.89051155,473.7650131,3627.717117,7217.365901,1211.696061,844.3303751,47350.58,1.79E-10,3.23E-10,8.15E-13
7456,3002.814869,21463.97172,4822.400258,1335.460505,7339.773663,52.91097628,30.94660847,3663.343506,6616.441583,2316.468855,1128.947453,51773.48,1.76E-10,2.39E-10,-2.17E-13
7457,2904.836835,23471.30929,5151.451674,2407.361697,7164.201199,74.69400209,1.392652345,3667.901159,5812.072487,2361.902891,1075.326112,54092.45,1.92E-10,3.14E-10,3.52E-12
7458,2957.770624,23463.82811,4830.834415,2354.593809,7112.909708,56.60098045,1.311142885,3472.361493,5282.215664,2397.252663,1085.861392,53015.54,1.60E-10,3.46E-10,2.51E-12
7459,2989.022781,22546.46298,4528.368396,1238.688496,7166.131779,51.5230137,0.092456444,3757.31148,5378.450326,2375.650433,1189.927861,51221.63,1.50E-10,3.34E-10,3.89E-12
7460,2964.120052,20912.69267,3951.166614,1308.681652,7117.310223,50.62288833,0.044333616,3562.73268,4657.743247,2347.535234,1178.090407,48050.74,1.47E-10,3.94E-10,4.16E-12
7461,2941.635754,18526.69832,3086.565725,1286.086183,7076.994657,51.6554945,0.021059597,3017.83113,4410.489464,2251.552055,1098.310154,43747.84,1.88E-10,4.91E-10,-9.11E-12
7462,2955.433024,15245.7716,2161.94879,1080.833246,7173.694371,49.98237462,0.021908231,3102.92692,3992.45896,2262.424334,1097.704474,39123.2,1.59E-10,4.65E-10,2.01E-12
7463,3010.505495,13934.35773,800.9299597,721.5662927,7563.340644,51.63954742,0.028458551,1940.614642,3322.12201,2249.274429,1048.180793,34642.56,1.10E-10,2.56E-10,-2.98E-12
7464,2893.851108,11838.59957,810.0959754,734.3405775,7254.237603,51.56908728,0.023169703,2814.869841,3673.059151,2228.396917,1004.617,33303.66,1.37E-10,4.32E-10,5.44E-12
7465,2800.132643,11777.33442,730.843982,621.2869558,7055.128831,51.02454006,0.019336241,2636.906374,3416.950196,2211.954414,970.9783036,32272.56,1.50E-10,7.60E-10,-9.52E-13
7466,2803.685019,10550.49517,660.3243599,616.6566457,7088.368268,50.93238865,0.019206752,2929.05589,3391.793926,2088.831786,768.8973433,30949.06,1.54E-10,8.15E-10,-1.16E-12
7467,2770.732432,9415.962276,596.970935,610.6831746,7116.673348,49.91447509,0.01911709,3053.763997,3571.172729,2032.440093,763.0574232,29981.39,1.68E-10,7.23E-10,8.96E-13
7468,2493.361514,8765.922462,637.2036344,627.0028887,7266.414007,50.65791746,0.020963481,3027.186423,4250.828735,1973.671732,775.0197224,29867.29,1.69E-10,5.27E-10,-1.11E-12
7469,2728.619457,10422.31585,746.0229303,683.0582706,7468.79552,49.96513945,0.218214733,2923.264817,4275.477863,1752.149335,835.7225987,31885.61,1.99E-10,3.31E-10,-2.72E-12
7470,3260.121519,15169.65951,1695.311566,843.2044148,7921.206255,55.08668111,0.031841073,2912.471098,4864.942937,1523.639616,516.7345613,38762.41,1.20E-10,1.82E-10,3.38E-12
7471,3670.570541,19329.75701,3094.270878,1177.367055,7830.536193,54.1200744,151.9079816,3286.003293,5404.121564,1790.209869,77.51553983,45726.63,1.24E-10,139.75,5.83E-12
7472,3601.213728,19380.80545,3318.281237,1481.917564,7484.198615,51.69938309,1088.103083,3785.750729,5162.344235,1622.908547,62.55742428,46900.3,1.52E-10,139.48,-4.55E-12
7473,2300.939608,19028.82996,3258.657377,1278.637376,7474.181646,52.0435253,2264.684771,3850.484783,5111.426609,922.0794384,505.0349103,46047,1.56E-10,2.86E-10,-5.03E-12
7474,3440.792252,17732.8076,3380.441851,1042.25689,7075.807017,48.0643428,2949.4344,3632.35022,5377.190123,128.0183714,134.4669296,44697.63,244,7.63E-10,-6.54E-13
7475,3374.175435,17383.56462,3529.471578,1012.685185,7052.090326,47.24408058,3174.461147,3698.261914,5546.325799,120.0515364,25.68837487,44227.02,737,9.35E-10,-7.96E-13
7476,3377.650965,17608.45375,3633.800958,1042.366704,7081.947361,49.42236223,3007.628142,3609.738324,5808.921187,145.6096171,23.52062749,44736.06,653,9.73E-10,7.73E-12
7477,3426.972926,18201.2104,3734.433803,1141.015517,7214.753315,64.79621016,2384.800322,3339.38461,5640.076839,120.4158703,228.6701913,45193.53,303,7.42E-10,-1.08E-12
7478,3468.234828,19448.95883,3876.672934,921.7390294,7358.345773,85.4926117,1551.271027,3102.097645,5536.622462,431.6462822,28.90857374,45809.99,1.82E-10,5.69E-10,-1.44E-12
7479,3590.307987,20821.56082,4215.433742,1192.886888,7636.067229,87.59331526,559.6351425,3030.840176,5858.567338,664.305167,45.86219325,46961.21,1.54E-10,741.85,7.16E-12
7480,3647.107631,22683.95505,4679.400312,1846.225766,7688.60525,57.27243227,18.34130054,3288.953808,5910.826126,2160.310131,75.24219668,51142.44,1.74E-10,913.8,6.71E-12
7481,3547.734295,23797.35966,4995.358297,2408.496667,7535.14589,59.08709671,2.361535763,3553.192094,5709.20557,2411.112384,68.30651397,54087.36,1.80E-10,4.56E-10,3.56E-12
7482,3551.499912,22727.50569,4860.946116,1740.314664,7467.530585,63.99472169,1.275084083,3965.296343,6367.269791,2348.508607,59.72848243,53153.87,1.79E-10,5.65E-10,-8.90E-12
7483,3521.143186,20391.12351,4012.759211,1239.499459,7415.129798,64.32989767,0.044008951,4205.463624,7110.204828,2237.097396,466.2350797,50663.03,1.60E-10,7.74E-10,4.51E-12
7484,3524.120317,18398.02699,2590.046027,1076.220715,7395.812398,63.72499097,0.021650102,3968.457331,7551.816256,2042.806333,477.0769901,47088.13,1.63E-10,1.01E-09,-3.37E-12
7485,3474.237712,14680.99687,1231.83478,1016.446606,7343.91922,64.81105322,0.02073189,3852.782565,8003.11521,2016.368662,824.276588,42508.81,1.61E-10,1.59E-09,8.36E-14
7486,3286.21592,10493.63989,701.8787661,838.8800456,7280.472562,64.24245295,0.019485705,3755.162893,7871.053473,1980.087314,884.4271995,37156.08,1.67E-10,4.81E-09,7.15E-13
7487,2653.140087,7676.116899,534.2612068,728.0902564,7321.76068,63.48278758,0.020101393,3669.076307,7465.633034,1837.261658,788.7469813,32737.59,1.36E-10,9.39E-10,1.69E-12
7488,2708.029035,6761.898953,493.3135055,575.3876733,7463.858417,64.62189372,0.022533709,3533.746914,7306.68743,1922.745409,787.6782356,31617.99,1.19E-10,1.02E-09,5.01E-13
7489,2673.157272,6926.225753,519.7341407,514.8375322,7380.778006,65.0995607,0.021161769,3499.718271,6817.64857,1833.454929,754.0748036,30984.75,1.35E-10,1.31E-09,-3.08E-13
7490,2609.318356,6093.442165,453.1905963,483.0474427,7200.786504,63.73158034,0.01806444,3389.363429,6903.770149,1759.54708,731.9846344,29688.2,1.61E-10,8.68E-09,1.98E-12
7491,2329.808412,5839.620967,435.8629309,471.5593823,7086.369136,62.8880999,0.016056177,3305.48425,6859.754957,1668.801029,725.66,28785.48,2.04E-10,0.345220372,-3.80E-13
7492,2259.604066,6750.294285,504.6409785,503.1680161,7960.668333,69.20660561,0.030856555,2155.492925,5618.638771,1806.152793,874.9023704,28502.8,1.17E-10,2.55E-10,-1.44E-12
7493,2227.31412,6375.618376,762.404829,520.9232428,7399.480739,64.02064372,0.191025397,3446.41259,7334.823335,1650.575746,809.8453531,30591.61,3.27E-10,6.57E-10,-1.64E-12
7494,2873.293369,10113.70472,1678.359272,567.3857452,7939.351808,67.81724744,0.030087435,3568.134619,7969.907234,2333.747988,558.6279101,37670.36,1.32E-10,2.58E-10,3.54E-12
7495,2935.768097,15850.50128,2731.339321,807.9551063,7907.285719,66.47837124,73.02121971,3417.386129,8524.334316,2280.772165,49.75827848,44644.6,1.32E-10,2.61E-10,-1.40E-14
7496,2833.946006,16802.17492,3174.145072,886.9562693,7648.353702,64.31682284,583.7244935,3203.407875,8344.92079,2243.5733,756.2507457,46541.77,1.75E-10,3.84E-10,1.13E-12
7497,2767.939707,16169.23989,3105.231543,832.6686747,7560.934287,64.05637979,1227.927139,3316.315284,8522.76381,2236.834853,850.0384355,46653.95,1.98E-10,4.72E-10,6.15E-12
7498,2741.192493,15586.64611,3027.110425,834.7544959,7478.063126,64.10118951,1665.184797,3387.145512,8833.256749,2222.65006,535.6850389,46375.79,1.80E-10,5.85E-10,1.42E-11
7499,2700.446729,14769.85492,2986.266202,806.2920445,7419.897435,64.33587113,1831.032087,3784.195338,8852.540383,1946.310464,841.0385262,46002.21,1.85E-10,7.82E-10,8.96E-13
7500,2701.183104,14069.65435,2866.133645,801.8085146,7398.208214,64.13077591,2009.433512,4105.397639,9069.914086,2037.28735,930.6188123,46053.77,2.26E-10,1.30E-09,-3.96E-12
7501,2740.921612,13899.06156,3027.899971,809.9975657,7429.65875,57.49249836,1680.504375,4099.837468,9417.303484,2048.574873,252.5678418,45463.82,1.81E-10,9.93E-10,-9.56E-12
7502,2813.137359,14387.74021,2754.580522,833.1497991,7559.298221,16.13712092,899.6712541,4239.070395,9446.644578,1604.302955,621.4575891,45175.19,2.18E-10,6.47E-10,1.13E-12
7503,2863.737485,14931.32431,2884.749319,981.7426381,7739.223246,11.36319465,242.1996818,4372.701279,9586.675539,1998.596018,290.5572895,45902.87,1.64E-10,4.03E-10,-6.66E-12
7504,2914.949449,16922.32012,3155.585673,1298.77402,7817.291898,10.06457143,7.755387755,4468.607592,9682.233796,2197.94335,879.1841404,49354.71,1.84E-10,3.57E-10,-2.39E-12
7505,2816.720215,18299.68067,3455.374256,1827.341807,7610.492222,10.48126393,0.293467693,4426.837412,9249.2738,2376.191935,1105.052955,51177.74,2.00E-10,6.19E-10,-4.07E-12
7506,2792.183985,17329.0531,3053.174464,1803.106588,7513.318403,8.29217457,0.20992847,4495.983187,9077.792965,2381.656805,1104.398405,49559.17,1.86E-10,6.86E-10,-6.27E-12
7507,2771.430573,16242.93806,2354.621541,1157.960118,7448.361725,8.590001565,0.039531258,4533.277377,9204.422076,2342.556364,1134.70263,47198.9,1.91E-10,7.24E-10,-5.39E-12
7508,2766.089627,14010.88763,1334.659046,1156.256688,7423.691388,10.01471018,0.019271182,4442.485558,9214.431929,2357.895173,1132.178976,43848.61,1.72E-10,8.04E-10,6.13E-12
7509,2455.827324,10961.08879,847.401548,986.2665837,7356.987622,10.02757316,0.018159104,4450.278223,9172.806168,2258.34447,1064.183544,39563.23,2.19E-10,9.45E-10,-7.38E-12
7510,2048.328897,8619.837479,718.4431847,1091.459834,7333.254519,8.77920649,0.017700278,4456.854275,8505.197324,1977.578305,767.399276,35527.15,1.96E-10,9.12E-10,4.38E-12
7511,1964.197549,6278.148155,725.8808813,662.4515029,7359.337618,7.823034107,0.017861346,4397.214495,7696.956096,1856.425833,788.6069741,31737.06,1.64E-10,1.45E-09,-4.73E-12
7512,1945.570565,5428.680501,625.9084782,625.4734954,7480.112443,7.674285406,0.019933209,4303.037486,7471.323556,1882.092967,816.3762903,30586.27,1.61E-10,8.50E-10,3.84E-12
7513,2005.840941,5439.819724,732.214476,555.1147143,7381.566018,7.069871986,0.018174478,4100.714535,7060.809499,1757.786179,756.5958678,29797.55,1.67E-10,1.14E-09,2.33E-12
7514,1801.478456,4911.080941,612.0963486,516.6559961,7306.779345,8.63412563,0.017054308,4128.284825,6690.676197,1723.922739,746.5639735,28446.19,1.77E-10,1.57E-09,-2.46E-12
7515,1923.571502,4995.535602,619.4153285,497.8404383,7297.143409,8.565203711,0.016833856,3982.85031,6236.433318,1690.891203,454.8768521,27707.14,1.91E-10,9.91E-10,-3.27E-12
7516,1795.7838,5063.227691,607.85571,536.3132132,7384.911739,9.092208035,0.018231897,3914.736179,5833.503202,1692.728293,459.2797336,27297.45,1.81E-10,7.80E-10,2.24E-12
7517,2017.437927,5444.114642,659.1137204,549.8842641,7463.486179,8.572306713,0.177014962,3982.261632,5685.708093,1690.370547,765.8336747,28266.96,1.77E-10,5.21E-10,-2.70E-12
7518,2152.010326,7962.496887,950.8643358,754.2032034,7740.803873,9.342094464,0.024265181,3865.620628,5495.462271,1852.039727,842.4523884,31625.32,1.40E-10,2.96E-10,3.81E-12
7519,2128.787518,11797.36401,1069.243267,906.3983959,7618.5054,8.474629,105.7993505,3529.361195,5005.745102,2157.129581,1014.091554,35340.9,1.70E-10,3.26E-10,-2.06E-12
7520,2043.230116,14548.42638,1301.753559,1460.094053,7438.29506,10.20885431,1037.966136,2632.032966,4452.543525,2226.66424,1124.14511,38275.36,2.33E-10,4.56E-10,2.78E-12
7521,2110.872668,17014.1625,1547.247619,1326.060068,7528.291459,10.25273243,2184.655971,1485.093775,3528.489879,2273.256965,688.2563637,39696.64,2.05E-10,3.91E-10,6.66E-13
7522,2005.448688,16527.68951,1781.424327,1188.129589,7132.442456,8.359408681,2699.743032,2232.228932,4062.491293,2150.067265,431.0654998,40219.09,3.37E-10,1.62E-09,4.50E-12
7523,2028.958477,16315.63504,1893.51122,1005.260089,7142.078002,7.837142106,2834.79153,2308.741007,4357.694366,2147.300322,155.7628096,40197.57,3.17E-10,1.59E-09,-6.15E-12
7524,2040.764231,16856.95013,1820.008195,957.4373052,7162.17919,6.986186278,2559.682233,2364.260016,4137.234627,2208.198172,537.8597098,40651.56,2.46E-10,1.51E-09,-4.65E-12
7525,2072.315822,16929.10507,1888.170364,874.4878216,7236.566526,5.904525208,2188.694593,2824.008485,4016.246556,2217.614446,490.4657921,40743.58,2.10E-10,9.69E-10,-9.58E-13
7526,2144.497586,17084.49779,2105.809422,865.0727707,7418.910689,7.886696666,1315.393587,3085.576617,4115.984134,2229.27343,847.6372769,41220.54,2.00E-10,5.59E-10,-9.40E-12
7527,2272.538944,18406.99258,2798.659334,1242.499448,7720.005836,9.445884873,413.2628887,3233.011861,3887.195563,2241.04636,546.9112982,42771.57,1.70E-10,3.31E-10,-5.33E-12
7528,2297.039169,21125.41535,3998.15375,1760.138779,7773.91251,9.211913552,17.48785341,3122.145121,3595.568458,2345.925422,174.5116791,46219.51,1.97E-10,2.95E-10,3.14E-12
7529,2261.098733,21885.32406,4959.069739,2745.329073,7626.480068,10.44756234,2.326581018,3122.979101,3586.509062,2370.416452,979.2795719,49549.26,2.05E-10,3.87E-10,-2.67E-12
7530,2249.723297,21560.78676,4881.580944,2180.084501,7594.107598,7.417009894,1.233106025,3187.351771,3369.059395,2392.781638,882.6339846,48306.76,1.81E-10,3.80E-10,6.00E-12
7531,2224.752745,20549.51203,4233.234604,1534.378121,7548.65844,6.999677916,0.040814449,3060.769885,3201.301187,2353.860745,1138.731753,45852.24,1.86E-10,4.70E-10,-1.04E-12
7532,2215.186498,19163.13757,2929.086266,1290.438165,7537.838245,6.583134571,0.020318317,3034.711041,3354.710283,2358.837873,1149.120607,43039.67,1.72E-10,5.58E-10,4.98E-12
7533,2230.941654,17002.16245,2306.535968,1094.302968,7573.106477,7.227114459,0.020827419,2844.1115,3541.308193,2281.066695,1083.016149,39963.8,2.01E-10,6.21E-10,-7.19E-12
7534,2225.380419,15077.79401,1371.066628,1139.137533,7634.382343,7.403783432,0.021711975,2759.61039,3551.674169,2336.239825,970.3391871,37073.05,1.66E-10,5.97E-10,6.43E-13
7535,2170.583935,12874.59331,1379.247434,782.5469719,7638.789278,7.37423002,0.021688912,2480.228314,3197.726905,2299.862121,1028.775811,33859.75,1.42E-10,5.69E-10,-4.66E-12
7536,2179.040125,11877.95578,1342.116896,776.342993,7650.204473,7.562402642,0.022047821,2651.941031,3158.903072,2204.963897,974.8872849,32823.94,1.49E-10,6.39E-10,5.50E-12
7537,2112.057598,11041.35584,1167.725587,897.8628183,7474.779362,6.661609542,0.019197722,2830.602647,3004.222084,2188.238458,954.1148012,31677.64,1.53E-10,1.04E-09,1.87E-12
7538,2080.889725,10167.86248,763.5872009,574.8147875,7398.872633,6.240624814,0.01793283,3004.077509,3073.262002,2040.778546,744.0565591,29854.46,1.67E-10,1.84E-09,1.94E-12
7539,2237.361229,9606.335773,773.4295455,590.4751125,7862.779109,8.951924615,0.025650214,1892.635081,2705.896634,2121.456067,790.9538742,28590.3,1.27E-10,3.40E-10,2.27E-12
7540,2067.938146,8591.658921,712.1096136,561.6079668,7422.287677,6.339645989,0.018217374,2862.967891,2971.86991,2001.450116,756.1118942,27954.36,1.75E-10,7.05E-10,-3.30E-12
7541,2077.709905,8562.050363,680.4863285,623.0252664,7443.1802,6.342895532,0.166431661,2864.602304,3147.895782,1991.201973,762.0185506,28158.68,1.75E-10,5.71E-10,-3.61E-13
7542,2148.074416,9964.889627,891.7259236,666.5288036,7571.789824,7.061454217,0.020527483,2882.975573,3277.154166,2013.391439,771.8882463,30195.5,1.55E-10,4.02E-10,-3.85E-13
7543,2171.071529,11687.8387,1062.948992,704.1957143,7560.286787,6.978266878,52.42045533,2912.367478,3392.605914,2153.85558,804.0305823,32508.6,1.70E-10,3.88E-10,-8.06E-13
7544,2188.247802,13193.16034,1199.509142,934.2038807,7597.637548,7.074249786,761.275412,3068.422633,3435.13976,2286.926226,1076.233009,35747.83,1.79E-10,3.59E-10,6.62E-13
7545,2113.099018,14120.17406,1241.310069,1267.840434,7423.60734,5.651193049,1989.260085,3194.317018,3175.014422,2257.191494,1129.044868,37916.51,2.21E-10,4.82E-10,2.90E-12
7546,2042.788921,13612.19635,1144.361658,1228.389249,7186.882988,10.96127236,3096.612351,3448.382212,3049.88768,2178.386552,1100.170764,38099.02,2.75E-10,1.12E-09,-1.00E-12
7547,2010.174685,12947.65591,1035.111965,1034.998462,7098.020177,4.75882478,4023.057263,3361.132921,3451.573531,2148.17189,682.0143756,37796.67,3.15E-10,3.04E-09,3.70E-12
7548,1996.348808,13181.62213,1056.408279,925.0974392,7048.527112,4.747603223,4018.773012,3706.47449,3618.992123,2199.672766,761.9300003,38518.58,2.58E-10,0.013763285,3.14E-12
7549,2061.090368,13049.94201,1093.799938,858.995817,7194.242911,5.402000749,3358.552272,3849.624497,3919.083222,2211.080282,1026.45668,38628.27,2.16E-10,1.14E-09,4.87E-13
7550,2303.418909,15129.43621,1655.138672,1000.494534,7860.474692,7.818394688,2473.499499,2342.127937,3721.722802,2329.383577,926.0847698,39749.6,1.33E-10,2.53E-10,-7.09E-12
7551,2308.274617,16772.41044,2467.512749,1209.973236,7861.446862,9.704951558,852.8462502,3654.539102,4337.940781,2300.766931,697.034081,42472.45,1.34E-10,2.49E-10,2.77E-12
7552,2374.653009,19728.17314,3615.224108,1624.401119,8092.539433,10.48494064,18.44727923,3727.892342,4861.48739,2463.8905,907.7267403,47424.92,1.43E-10,1.88E-10,1.04E-11
7553,2310.81861,21254.53277,4457.516573,2837.474945,7891.402182,10.83175565,2.389636279,3467.383933,4857.107575,2461.643197,1162.598819,50713.7,1.61E-10,2.35E-10,4.29E-12
7554,2303.076297,20423.21024,3690.531549,2375.368485,7839.222741,7.690731107,0.250512414,3673.348673,5187.951729,2474.9751,1018.263941,48993.89,1.48E-10,2.51E-10,-5.55E-12
7555,2293.95143,19659.85752,3086.511047,1465.310644,7789.175538,7.31333306,0.048593575,3438.696276,5520.177009,2430.096279,820.362328,46511.5,1.50E-10,2.80E-10,-9.15E-13
7556,2286.983595,17272.38539,2027.095536,1390.925365,7790.309693,6.860180071,0.024240919,3416.261907,5873.919119,2453.114773,904.0502066,43421.93,1.35E-10,2.96E-10,6.17E-12
7557,2284.944423,14886.15914,1429.182282,1045.661247,7789.956244,7.46161716,0.024304942,3339.361597,6102.294467,1889.4637,869.1609807,39643.67,1.61E-10,3.12E-10,-6.31E-14
7558,2239.916298,12495.24567,1245.14886,954.9510304,7772.628265,7.165259541,0.023884199,3421.24658,6121.410406,825.6838298,403.86992,35487.29,1.53E-10,3.50E-10,-1.28E-12
7559,2085.431097,7977.169312,1018.018887,708.2252847,7607.56923,6.274993022,0.021057024,3275.693183,6059.808119,1982.248706,745.120132,31465.58,1.45E-10,8.37E-10,3.03E-12
7560,2083.665349,6922.903361,1016.157552,614.127376,7669.046706,12.77887051,0.022081012,3443.938382,5893.776403,1976.397327,757.336593,30390.15,1.38E-10,5.76E-10,-4.87E-12
7561,2114.002303,7154.048197,836.3195737,555.5666561,7538.499396,12.2408947,0.020067186,3348.469066,5569.718452,1954.180873,752.7945212,29835.86,1.43E-10,1.23E-09,1.08E-12
7562,2102.207869,6251.205553,818.1808357,516.6670174,7512.971431,12.13122993,0.019651378,3300.526031,5436.437142,1910.610537,741.5527033,28602.51,1.54E-10,2.31E-09,-1.46E-14
7563,1996.731361,5758.400526,700.1689101,509.299116,7461.384107,11.8744865,0.018768328,3408.629302,5256.798202,1855.965072,710.4201508,27669.69,1.77E-10,4.41E-08,-3.08E-14
7564,1698.256194,5899.200353,491.964862,523.3991491,7516.270553,12.11265064,0.019591829,3491.262652,5515.125395,1687.620591,663.9480075,27499.18,1.90E-10,3.66E-09,2.39E-12
7565,2116.244834,7176.905305,548.0136152,645.7772524,7776.263133,10.25995972,0.023881447,3709.615182,5895.341695,1783.790737,162.0544053,29824.29,1.96E-10,4.15E-10,-3.42E-12
7566,2565.742888,10483.21845,1482.515538,853.8260322,8396.748067,13.41012899,0.034131571,4154.880506,6335.759647,2363.645069,661.4695439,37311.25,1.14E-10,2.03E-10,2.64E-12
7567,3023.605154,18002.34417,2753.614316,1129.895589,8417.502043,13.41803174,44.6635795,4118.976372,6536.529527,639.788388,50.20283156,44730.54,1.11E-10,1.96E-10,-1.41E-12
7568,2917.459727,19424.23061,3030.746411,1033.505601,7915.655667,10.72799121,910.5858443,3993.000064,6377.992575,1206.692548,44.68295791,46259.04,1.50E-10,606.24,-3.18E-12
7569,2804.086457,19080.85602,2899.070121,1036.492839,7599.455652,8.632068403,2286.791156,3692.939436,6071.279224,877.6499537,27.33707609,45522.83,1.93E-10,861.76,-3.30E-12
7570,2675.310885,18426.42837,2830.394289,810.0634725,7284.232289,7.827857601,3463.542561,3476.149981,6131.779319,155.4075791,2.58E-08,43958.31,251,1051.8266,2.96E-12
7571,2655.931151,17384.80902,2440.280029,756.7298741,7155.542228,8.735826434,3995.271265,3372.490545,6433.728969,139.1236632,1.12E-09,43090.73,251,1000.912575,4.77E-12
7572,2708.363231,17099.52126,2479.361388,949.5282098,7238.543367,9.297190431,3549.660826,3470.66231,6544.263438,182.136874,1.81E-09,43088.15,535,608.1880933,-2.73E-12
7573,2758.722546,18155.98232,2932.650519,939.312882,7433.577554,9.01424063,2913.082228,3653.795456,6670.187624,204.4664799,5.688151372,43668.32,1740,268.16,3.64E-12
7574,2846.015133,19814.71689,3005.248513,1095.248759,7646.035779,10.89130567,1843.561117,3908.929874,6562.479227,227.0543066,21.70909577,45027.54,1573,381.35,-4.55E-12
7575,2928.597049,21504.29788,2619.829778,1256.352677,7935.326337,9.964746636,568.1109403,4193.339408,6640.454409,371.7535112,35.76326177,47138.5,1.47E-10,925.29,9.78E-12
7576,2997.124243,22829.84175,3724.633249,1365.33703,8112.807367,10.32640067,11.02359393,4333.1976,6572.987167,2347.240301,60.79129882,51836.73,1.50E-10,528.58,5.68E-12
7577,2955.439047,23886.57305,4217.018995,2331.048664,7936.590689,10.93325166,1.315228543,4339.42744,6194.349713,2464.36393,805.3099924,55142.37,1.59E-10,3.59E-10,-1.38E-12
7578,2918.154296,23348.83809,3746.828444,1806.452032,7880.001565,9.773420198,0.151080005,4422.953781,6080.255015,2509.918537,817.8937427,53541.22,1.40E-10,3.65E-10,-3.33E-12
7579,3079.9478,23067.77297,3823.800174,1593.562503,8332.990811,11.72695918,0.032808117,2874.956444,5103.017773,2005.442112,1230.549649,51123.8,1.04E-10,2.11E-10,4.94E-12
7580,2911.399237,18872.73859,2836.576616,1256.493477,7828.751756,9.003394458,0.024305241,4486.740457,5969.730624,1890.011522,1166.510025,47227.98,1.38E-10,4.33E-10,-1.05E-11
7581,2890.426128,16626.77605,1673.757633,1199.702348,7765.259702,9.274345898,0.023411739,4391.194756,5507.356321,1368.032744,1093.846559,42525.65,1.62E-10,5.15E-10,6.95E-12
7582,2759.91694,13744.37726,830.457955,1039.997796,7712.201275,8.893266731,0.022493385,4172.025292,5169.550582,463.4908704,1075.66627,36976.6,1.53E-10,5.97E-10,-1.27E-12
7583,2129.410974,9273.695356,655.817068,529.5536992,7594.111996,8.321816607,0.020468526,4166.785064,5211.888303,2072.563592,919.841663,32562.01,1.51E-10,7.14E-10,2.27E-13
7584,2204.453807,7800.418709,519.6844519,527.4170475,7877.714629,9.800778622,0.025281705,4222.292245,5510.471722,1794.744752,755.5265766,31222.55,1.30E-10,3.74E-10,1.50E-12
7585,2156.880862,7865.438175,512.9974429,445.8607458,7681.224828,8.994250949,0.022037687,4264.265721,5240.458945,1746.441464,732.5155267,30655.1,1.45E-10,5.10E-10,-3.03E-12
7586,2096.332474,7262.472131,474.6510379,432.1645221,7486.798463,8.198280029,0.018971825,4128.977929,5144.559,1693.387632,702.0995596,29429.66,1.64E-10,1.14E-09,4.19E-13
7587,2046.879752,6388.810789,463.9475208,425.9986057,7458.350134,13.11682967,0.018339891,4155.809187,5307.339844,1651.446995,695.6120028,28607.33,1.91E-10,1.06E-09,-8.25E-13
7588,2024.442862,5997.00231,461.4160602,394.2977611,7441.359453,23.24312087,0.018142287,4228.433915,5455.048541,1601.66207,694.9157641,28321.84,2.34E-10,1.01E-09,1.08E-12
7589,2030.435327,6720.09742,790.3874995,477.663769,7706.06901,29.4516998,0.022558391,4314.771892,5923.936501,1910.000345,613.4239783,30516.26,2.18E-10,3.32E-10,-9.07E-13
7590,2421.085121,9955.87652,2190.473496,631.0517856,8368.207624,38.74136694,0.033360846,4556.120532,6751.756972,2389.159592,364.3836301,37666.89,1.21E-10,1.66E-10,-3.22E-12
7591,2411.72498,16244.60276,3213.633414,1093.139252,8208.071653,38.94271196,89.36299745,4509.933069,6857.37881,1931.142442,210.7279123,44808.66,1.25E-10,1.87E-10,6.23E-13
7592,2230.907078,16782.8774,3304.591278,1232.920451,7681.253391,36.45899386,1277.439571,4206.858245,6212.534335,2060.860819,569.1784426,45595.88,1.83E-10,3.64E-10,-8.22E-12
7593,2284.392736,17088.51923,3788.026872,1152.699386,7874.034584,36.58500987,3032.931143,2497.905858,4815.908858,750.066581,827.7497431,44148.82,1.60E-10,2.76E-10,7.63E-12
7594,2183.26478,15918.92062,3648.168411,1066.571968,7552.005475,34.89541388,4240.525397,2349.799726,4586.716004,195.7242784,996.0979282,42415.69,357,4.60E-10,-5.23E-12
7595,1955.906489,14305.28676,3359.006968,834.1953872,6987.349588,33.59293004,4518.428543,3472.333332,5552.085165,96.33457072,1085.04,41836.35,359,4.20973558,-2.39E-12
7596,2008.769199,14459.96681,2948.838346,825.5588706,7060.539241,34.07154534,4100.818613,3552.151619,5848.994025,576.9039459,1025.06,42440.49,3.38E-10,1.182217618,9.37E-12
7597,2091.428726,15494.92887,2937.91168,869.3393349,7251.185559,34.85043541,3321.927134,3540.6223,5785.873586,807.1678062,913.6545693,43048.89,2.53E-10,1.09E-09,-3.43E-12
7598,2228.660354,17580.64187,3765.816038,912.2814734,7608.176778,35.43647325,2113.577109,3345.963543,5429.168105,709.6288307,713.5894237,44442.94,1.81E-10,4.04E-10,-2.73E-12
7599,2394.345328,21025.32715,4211.401366,1147.323246,8046.032684,38.127336,559.6181123,3343.46341,5519.529157,267.151196,412.1710101,46964.49,1.40E-10,2.24E-10,7.34E-12
7600,2435.381501,23817.2442,5032.354249,1662.170942,8156.723968,43.35770731,10.85967572,3094.288228,5631.274083,2378.606038,64.80941389,52191.46,1.46E-10,135.61,2.16E-12
7601,2375.492549,24080.26756,5794.757599,2803.273745,8002.930012,44.07679047,4.326334969,3196.015543,5738.292834,1986.199298,878.5577406,54904.19,1.51E-10,2.53E-10,3.21E-12
7602,2383.260618,22852.95111,5750.617514,2333.990674,8037.949584,44.30621463,1.138375277,3557.373936,6340.765064,1825.482148,1070.294766,54198.13,1.28E-10,2.57E-10,-5.96E-12
7603,2356.462191,20522.87901,5462.599828,1300.533395,7960.841965,63.44596826,0.026498108,3572.820239,6814.825675,2492.506128,1172.059106,51719,1.30E-10,2.83E-10,9.40E-12
7604,2304.958118,18134.61407,3633.059498,1422.846856,7895.965543,71.34987929,0.025520414,3507.233024,6945.507703,2371.728202,1163.441586,47450.73,1.39E-10,3.27E-10,-6.64E-13
7605,2205.20607,14911.33311,2280.566971,1054.791853,7861.038519,58.95679093,0.024934735,3475.919437,7310.720795,2296.054636,1119.22688,42573.84,1.70E-10,3.61E-10,4.08E-14
7606,2140.881511,10959.5403,1083.668894,811.7767399,7765.296134,72.73303052,0.023378578,3427.390534,7360.161947,2108.923323,1086.084205,36816.48,1.57E-10,4.91E-10,-4.79E-13
7607,2013.737121,7140.428474,1059.378185,647.7945649,7814.524768,75.96565144,0.0241026,3461.70711,7357.140112,1950.205699,857.0342124,32377.94,1.36E-10,3.74E-10,-8.35E-13
7608,1754.585955,5819.384396,1085.50894,593.4019694,7880.011675,77.54950027,0.025249165,3726.059673,7176.337995,1937.047245,845.4874021,30895.4,1.34E-10,4.41E-10,-7.44E-12
7609,1660.827667,5306.61658,1255.718748,489.3317958,7610.869303,74.2069398,0.020758996,3772.127334,6972.783758,1907.375877,805.241239,29855.12,1.43E-10,1.19E-09,-3.46E-12
7610,1400.866278,4848.816219,1289.7051,451.9632501,7416.607729,67.20932249,0.01765872,3752.164211,6636.996603,1845.384354,657.38,28367.11,1.69E-10,0.000725305,-2.95E-12
7611,1405.007673,5089.498839,1301.673252,466.1211956,7404.283749,65.19761232,0.017441652,3894.639571,6393.462251,1060.300175,198.58,27278.78,1.88E-10,0.001759863,-3.40E-12
7612,1457.759117,4529.678285,1119.817559,447.1211935,7389.836039,66.27045691,0.017056495,3982.509744,6584.377678,636.903643,740.58,26954.87,2.14E-10,0.000771847,-7.47E-12
7613,1719.598213,5652.200648,1283.835707,496.4332385,7716.797595,67.90158317,0.022554194,4158.95796,7111.225752,557.4547221,474.5620276,29238.99,2.10E-10,5.61E-10,4.27E-12
7614,2154.940753,9784.406537,2892.298173,799.0286617,8337.703246,71.18030894,0.032629195,4399.651984,8064.350002,417.3198383,76.02786787,36741.94,255,1.98E-10,-2.47E-12
7615,2250.140415,15135.93317,3651.798231,1279.149861,8167.714507,71.34659591,39.81731615,4516.963806,8471.006222,421.085077,37.27479609,44042.23,1.28E-10,2.43E-10,-7.14E-12
7616,2195.793006,15396.03508,3957.403219,1554.313169,7844.146851,71.79260764,633.5179769,4283.684368,8264.607583,579.5364464,452.9396886,45233.77,1.57E-10,4.18E-10,1.95E-13
7617,2093.919224,14811.86666,3909.066293,1674.611173,7634.806477,71.78852885,1735.418562,3917.007596,8169.301465,384.3844551,130.8795676,44533.05,1.84E-10,6.33E-10,4.86E-12
7618,2016.687739,14085.13043,3955.224409,1062.9924,7425.292332,69.95070035,2616.298278,3807.346889,8270.894215,164.4807297,9.521878346,43373.34,2.24E-10,110.48,2.53E-12
7619,1980.23879,13289.42659,3723.135966,967.2202871,7265.156593,67.43428394,3221.369708,3882.509913,8328.051449,127.45766,2.76E-08,42735.89,2.58E-10,116.1112393,4.09E-12
7620,1939.989051,13422.92051,3544.670232,951.9365691,7183.57356,69.03780121,3403.676078,3766.091892,8252.900362,129.8045129,1.510000003,42573.64,91,1.47056732,-7.39E-12
7621,1977.167697,13670.78887,3637.829158,843.2448227,7269.394261,71.49479819,2917.815475,3681.77714,8261.20237,398.8056815,2.929725867,42732.45,2.39E-10,7.36E-09,1.32E-12
7622,2067.738314,14831.05792,3894.8345,878.745352,7517.869691,76.19711705,1901.01202,3702.395057,8248.638078,670.629752,14.32219685,43803.44,1.93E-10,8.31E-10,-4.95E-12
7623,2431.18571,18333.25024,5487.488408,1446.916568,8486.049262,62.44527231,714.9238411,2387.599064,6720.379416,484.8530007,52.50921665,46355.95,1.08E-10,251.65,2.73E-12
7624,2232.276065,18235.37013,6374.313137,1781.021946,8022.427244,56.47705529,16.78342934,3472.816183,8504.671744,2343.502176,567.3308931,51606.99,1.65E-10,2.91E-10,2.27E-12
7625,2201.179282,19618.66707,6759.675523,2633.848948,7853.500332,45.2575803,2.345599062,3393.721695,8509.024321,2423.955144,1149.07451,54590.25,1.71E-10,3.98E-10,1.37E-11
7626,2190.496565,18472.34709,6667.706324,2442.017546,7827.509224,38.16768998,1.120935098,3358.908117,8652.784488,2476.166974,1156.345044,53283.57,1.45E-10,4.25E-10,5.02E-12
7627,2192.53776,17320.69925,6516.976609,1684.10351,7831.074167,39.61496391,0.024230637,3470.785396,8576.379397,2492.223086,1165.011632,51289.43,1.43E-10,4.25E-10,6.22E-12
7628,2169.719159,15029.17906,6141.24684,1386.465274,7765.695912,36.44750008,0.023276174,3194.658502,8310.732931,2464.68051,1149.281035,47648.13,1.46E-10,5.66E-10,7.88E-12
7629,2126.786698,12507.67461,4800.068163,1046.658734,7686.435375,48.12537896,0.021954763,2809.387119,8412.796605,2346.136196,1076.709166,42860.8,1.91E-10,7.17E-10,-6.23E-12
7630,2093.00744,10185.99661,3146.037736,945.0237655,7628.980788,35.81754263,0.021001959,2553.812667,7978.769326,2167.549424,978.463698,37713.48,1.78E-10,1.02E-09,-4.40E-12
7631,2056.909363,8053.724283,1934.941854,689.9286115,7680.806127,36.05514301,0.02178109,2535.164973,7549.379284,1913.607448,814.5511324,33265.09,1.46E-10,9.00E-10,2.23E-12
7632,2097.56299,7229.141675,1710.442206,660.0271775,7819.664598,36.88993854,0.024006755,2681.522688,7219.299525,1923.653173,811.9320223,32190.16,1.37E-10,9.25E-10,3.68E-13
7633,2045.302652,7072.372143,2138.599854,468.3924746,7630.713444,36.02530995,0.020921215,2444.233368,6801.690905,1916.700439,786.4484882,31340.5,1.38E-10,4.38E-09,8.55E-12
7634,1953.235027,6767.599718,1955.405218,429.9101353,7354.81954,34.69806267,0.016542474,2141.615209,6650.249789,1827.134021,776.04,29890.72,1.76E-10,0.00326228,2.07E-12
7635,1942.708273,6748.822903,1477.238642,424.4705121,7310.373376,34.56053626,0.01589037,1816.219164,6634.127452,1771.287255,775.97,28935.79,2.04E-10,0.004004656,-1.18E-12
7636,1902.124275,6820.80977,1705.573298,484.679031,7416.633153,35.1984002,0.017444296,1693.053999,6337.539767,1745.452395,772.33,28913.41,2.21E-10,0.001531744,-1.77E-12
7637,2002.248133,8065.518427,2345.774665,705.8186044,7679.120722,35.40864059,0.021724206,1799.746071,6337.159073,1728.209014,406.1249251,31105.15,2.48E-10,7.78E-10,-3.37E-13
7638,2087.806681,12121.89091,4493.227863,1353.005329,8131.199479,38.74358796,0.029048465,1918.208113,6679.006522,927.3317487,54.58071767,37805.03,1.33E-10,2.96E-10,7.48E-12
7639,2052.249688,17285.95082,5663.988978,1472.773866,7994.755271,70.89101673,29.64024065,1919.878836,6930.666872,1090.636723,27.55768769,44538.99,1.41E-10,3.32E-10,-1.89E-13
7640,1988.887334,18264.19341,6169.4464,1334.241344,7745.136177,36.86656324,716.6495756,1872.344008,6656.424673,1253.312628,31.31788884,46068.82,1.71E-10,5.45E-10,3.96E-12
7641,1912.691796,17926.38058,5772.179557,1405.970579,7576.89102,36.18514735,1805.91875,1792.771728,6885.98968,1217.634776,619.2263902,46951.84,1.94E-10,8.97E-10,-6.54E-12
7642,1871.844528,17215.56019,5531.478191,1068.906139,7443.018385,35.57701392,2529.780385,2016.168471,6899.940513,1183.44989,400.0962915,46195.82,2.20E-10,1.43E-09,-6.81E-12
7643,1897.545185,17344.36934,6020.711888,770.7873456,6977.698326,33.67429915,2743.898356,2329.801191,7044.44398,582.0347336,118.8553568,45863.82,1.98E-10,1.10E-09,7.69E-13
7644,1852.345809,17562.90938,5955.859978,788.6496906,7396.134492,33.17371155,2527.874756,2405.711851,6672.935858,678.198009,111.9764675,45985.77,2.10E-10,1.99E-09,3.81E-13
7645,1824.268614,17863.45203,6205.957888,749.4413723,7550.448871,34.04522382,1980.4604,2580.652264,6915.584492,422.314574,13.46426605,46140.09,1.83E-10,8.90E-10,3.58E-12
7646,1874.249652,18693.32238,6295.57399,621.330045,7765.819432,34.99776081,1207.115773,2571.407969,7237.313591,308.4888607,225.9205452,46835.54,1.59E-10,5.27E-10,-9.31E-12
7647,1917.562012,20312.92555,6092.153753,998.7135306,7899.779337,37.0860227,303.8274017,2570.432812,7592.179124,625.438847,24.15161083,48374.25,1.53E-10,4.04E-10,1.04E-11
7648,1926.113393,21049.90654,6350.31767,1456.951704,7947.20773,37.65043296,4.345695345,2887.623224,7786.880478,2334.666164,885.8769707,52667.54,1.71E-10,4.12E-10,7.13E-12
7649,1859.782601,22248.12579,6553.661766,2049.816356,7801.955658,41.2810086,0.326892641,2814.028508,7752.723463,2417.55961,1138.958343,54678.22,1.74E-10,5.90E-10,7.28E-12
7650,1897.51426,21596.95636,6851.187403,2180.482493,7731.93229,45.62013634,0.111069888,2643.292723,7283.899131,2446.194823,1105.699316,53782.89,1.56E-10,6.79E-10,1.83E-12
7651,1915.288034,21614.21023,6939.072499,1203.743733,7619.300167,45.52933967,0.020403468,2057.925683,6214.074959,2431.898888,1129.516068,51170.58,1.65E-10,9.25E-10,8.88E-12
7652,2060.517735,20433.59062,6819.975753,1343.684413,7950.841068,36.91579162,0.025901841,1370.665876,4459.096349,2513.668944,1176.257554,48165.24,1.36E-10,4.16E-10,-5.80E-12
7653,1959.457079,17472.08672,6092.853073,898.4659352,7642.4458,35.62612136,0.020914949,1845.264289,4990.830742,2331.492667,1062.276653,44330.82,2.07E-10,1.15E-09,4.61E-13
7654,1907.650001,14588.54161,4858.197081,974.6635291,7549.465439,35.15134346,0.019365953,1723.607604,4038.228377,2311.168708,1039.926947,39026.62,1.87E-10,3.13E-09,-1.35E-12
7655,1877.491872,12553.75115,3669.117673,740.5429596,7564.290706,35.23965386,0.019624172,1593.683986,3418.487961,2270.694599,1021.119816,34744.44,1.64E-10,8.60E-10,2.41E-12
7656,1877.146362,11878.21888,3593.427415,559.956408,7589.938193,33.46052694,0.019928931,1537.166552,3185.41996,2285.536362,974.83,33515.12,1.52E-10,0.000592135,-6.74E-12
7657,1822.031729,11823.68599,3717.957369,495.9553641,7382.600184,31.55529319,0.016625158,1241.038036,2800.885271,2258.638043,974.54,32548.9,1.63E-10,0.003908383,-1.98E-12
7658,1790.613611,11069.18549,3709.05467,447.500925,7313.354988,31.17400277,0.01545927,1114.610051,2462.062414,2220.553884,974.33,31132.45,1.80E-10,0.005498738,2.28E-12
7659,1787.023433,10890.09915,3339.112052,401.3323631,7317.670647,31.2073582,0.015468229,1024.041003,2312.246293,2181.017968,974.53,30258.29,1.97E-10,0.005739007,2.26E-12
7660,1777.613265,11011.74936,2725.288,397.7242548,7355.839302,31.56876379,0.016144042,993.207677,2701.024582,2138.923209,974.32,30107.27,2.32E-10,0.004557562,7.26E-13
7661,1886.104295,12377.89715,3399.506742,498.4961368,7697.11677,33.04824411,0.021600872,1168.121895,3171.355454,883.1130851,941.6586269,32056.44,2.23E-10,1.51E-09,-5.69E-13
7662,2078.508104,16446.39314,4924.657548,888.7091694,8250.579175,35.78937943,0.030518679,1454.820253,3695.949536,347.7394182,1022.643754,38802.82,343,3.14E-10,-4.32E-12
7663,2094.812864,20877.76924,6573.163678,1238.344459,8175.068447,36.40809479,13.33896544,1592.84734,3944.490439,606.8881447,991.4183237,46144.55,1.29E-10,3.09E-10,-1.29E-12
7664,2026.870761,21803.62247,7750.117604,1179.993635,7951.852271,34.58062894,233.8927978,1599.117452,3913.789866,1116.867036,788.8254797,48399.53,1.47E-10,4.03E-10,3.54E-12
7665,1978.743352,22048.9255,7755.278363,1249.793035,7899.5866,34.38985602,680.6278915,1436.519108,3771.803599,1237.008991,863.7337069,48956.41,1.53E-10,4.55E-10,3.22E-12
7666,1967.066269,22042.92026,7679.713537,1080.513925,7839.370206,34.09893687,1046.62945,1418.174542,3890.460896,1405.935433,413.0565441,48817.94,1.59E-10,4.61E-10,5.67E-12
7667,1974.819088,21508.43277,7592.702526,920.7745049,7788.939252,33.81333636,1227.481309,1542.75501,4026.096526,1516.987969,725.4477105,48858.25,1.57E-10,4.80E-10,3.65E-12
7668,1979.928336,21069.97837,7623.247288,809.9090101,7820.384926,33.91479308,1169.538622,1723.646527,4263.481129,1403.149227,810.0417726,48707.22,1.48E-10,4.78E-10,7.71E-12
7669,1994.418933,21069.67964,7669.515379,1044.383349,7873.961328,34.38049808,912.1843681,1657.43211,4361.725407,1974.407957,26.8510278,48618.94,1.44E-10,3.87E-10,-1.02E-13
7670,2024.074576,21424.3311,7694.394905,1340.283432,7963.215115,39.64158926,512.0143509,1561.184216,4495.518806,1827.525873,32.08603274,48744.68,1.41E-10,169.59,-4.77E-12
7671,2035.065432,21994.15061,7756.802457,1194.371836,7991.643718,35.12393054,123.6453637,1625.944847,4409.557761,2158.734205,26.54983632,49130.11,1.50E-10,221.48,1.02E-12
7672,2050.230201,23510.69832,8160.123871,1883.321934,8081.014744,33.75986966,2.299463861,1868.25321,4409.742858,1958.398803,56.1667295,52014.01,1.55E-10,2.56E-10,1.08E-11
7673,1983.003209,23571.52039,8261.647131,2729.243274,7826.009801,45.30834108,0.329540206,1886.61556,4209.84965,2421.826591,896.9265138,53832.28,1.72E-10,3.61E-10,1.27E-11
7674,1962.97028,23172.1714,7989.114187,1851.337365,7761.814832,38.54466057,0.112696353,1970.022851,4327.520786,2448.61755,937.0433872,52459.27,1.59E-10,3.68E-10,-3.14E-12
7675,1970.144006,21741.23357,7468.448891,1341.189192,7776.6452,37.95524791,0.022729954,1950.389001,4248.293241,2462.386227,1184.372694,50181.08,1.54E-10,3.62E-10,-6.60E-12
7676,1952.881273,20048.57928,6098.371521,949.3369114,7711.384247,33.56823671,0.021836223,1929.716965,4335.605167,2422.457556,1185.737002,46667.66,1.67E-10,3.69E-10,2.05E-12
7677,1935.373311,17505.83364,4743.511311,982.1077136,7675.612839,35.5226739,0.021323065,1882.484989,4341.222636,2330.458795,1111.580764,42543.73,2.09E-10,4.31E-10,-6.23E-12
7678,1933.29445,13540.40114,4260.907334,829.3508835,7730.363389,58.16719416,0.022025694,2027.166111,4556.413158,2351.127507,1095.566805,38382.78,1.67E-10,4.15E-10,7.15E-13
7679,1913.224632,10709.23453,3916.531157,546.9002656,7758.891734,69.55591221,0.022528908,2007.986666,4649.511414,2116.566148,984.5350137,34672.96,1.40E-10,2.78E-10,-3.65E-12
7680,1889.447272,9988.469756,3795.067239,503.6933824,7718.825498,73.58602651,0.021880487,1929.371132,4430.300198,2074.301168,933.5664484,33336.65,1.56E-10,5.41E-10,-5.46E-12
7681,1919.62955,9849.32363,4069.204723,495.6324907,7841.018476,75.14117717,0.023724841,1235.489914,3554.134944,2058.028058,883.3033137,31980.93,1.26E-10,5.43E-10,6.82E-13
7682,1785.440757,8080.459899,3498.809419,421.6554246,7410.987815,73.00064324,0.016837183,1920.330677,4288.396983,1843.649388,778.2321571,30100.98,1.64E-10,2.19E-08,-4.87E-12
7683,1774.852412,7379.845715,2801.12871,413.5012871,7365.345354,73.83404333,0.016113478,1981.126303,4450.853103,1801.377374,774.39,28816.27,1.79E-10,0.000415509,1.02E-12
7684,1786.675096,6695.288372,2440.123344,419.4565292,7437.872361,74.36007353,0.017234963,2076.590387,4589.470558,1788.836625,782.24942,28090.94,1.81E-10,4.64E-09,-1.11E-12
7685,1824.706239,6820.716184,2545.771265,447.9504385,7541.122547,70.75359013,0.018926283,2223.204582,4931.856547,1768.439427,795.9502541,28970.49,1.81E-10,1.18E-09,-2.24E-12
7686,1929.424422,7627.999599,3417.014551,797.1444599,7832.722177,71.35936859,0.023663565,2452.573297,5318.548493,1906.182521,839.3174476,32192.31,1.47E-10,1.43E-09,1.34E-12
7687,1988.305741,10439.9359,3872.181328,984.3360729,7923.894487,67.50689348,19.53951405,2552.247887,5321.847144,1929.667665,946.607372,36046.07,1.59E-10,4.83E-10,-8.75E-12
7688,1978.758197,12345.96411,5094.219002,1179.283321,7886.967522,66.64174768,468.434661,2559.633728,5188.773028,2229.161226,548.6134531,39546.45,1.70E-10,3.29E-10,3.33E-12
7689,1889.313945,12609.74759,5683.924737,1343.795087,7678.664359,69.77324243,1568.300547,2362.946183,4915.45596,2243.437772,776.8405749,41142.2,1.86E-10,3.59E-10,7.82E-12
7690,1812.659181,11720.13176,5536.516868,1159.904836,7324.937153,75.0778783,2931.551128,2341.127317,4762.127875,2042.650854,1091.675154,40798.36,2.69E-10,1.56E-09,5.70E-12
7691,1715.610469,10754.20706,5209.127391,747.9714806,7002.345649,73.3182321,3993.373152,2358.533289,4668.235421,1996.725007,1084.75,39598.43,3.80E-10,5.767152268,-4.38E-12
7692,1684.124533,10167.23146,4448.819479,674.6836229,6918.921587,72.86667242,4209.309099,2609.167051,4556.809845,2007.487708,1024.41,38369.4,3.59E-10,4.431058614,-6.47E-13
7693,1703.66907,10199.78413,4230.990554,648.3101713,6992.968614,67.3254197,3618.90133,2798.999375,4585.881194,2131.57872,1024.22,38001.87,3.21E-10,0.758572717,7.47E-12
7694,1782.622986,10432.62427,4524.513709,687.5586237,7292.73706,69.7872606,2377.07042,3186.852676,5027.070414,2168.713507,1022.21,38571.49,2.36E-10,0.270928264,-9.31E-12
7695,1899.461689,12232.98475,4725.645744,1040.594592,7701.264428,68.22968867,704.1115009,3634.631691,5776.886662,2214.117078,710.1821781,40708.11,2.00E-10,4.48E-10,-6.31E-13
7696,1995.493019,14956.49655,5094.710576,1645.897275,7985.42495,68.81153917,9.949868083,4013.226424,6442.763524,2386.709101,1060.01717,45659.5,1.81E-10,3.64E-10,7.49E-12
7697,1945.393932,16482.96318,6118.104553,2268.63972,7845.380111,70.35497917,4.403114351,4141.744415,6587.320049,2402.715608,1159.240345,49026.26,1.80E-10,4.37E-10,1.29E-12
7698,1919.916378,15896.63039,5914.096954,2138.408301,7728.517715,66.67407991,4.174587074,4273.959117,6472.565729,2417.352513,1152.194235,47984.49,1.71E-10,4.91E-10,2.86E-13
7699,1932.812261,14338.78778,5659.401391,1124.659458,7738.080605,66.11728173,1.021847435,4240.280893,6474.471377,2418.004666,1125.452438,45119.09,1.70E-10,1.03E-09,-1.23E-13
7700,1948.901254,12573.9252,4641.868148,866.0419905,7792.440747,64.17327214,0.022779602,4469.208956,6386.080918,2455.60456,1133.852172,42332.12,1.53E-10,8.36E-10,-7.28E-12
7701,2006.358712,10334.59666,3611.495851,793.9445217,7825.212137,64.4067242,0.023382205,4348.136272,6773.578787,2370.687975,1057.128975,39185.57,1.83E-10,1.31E-09,-2.40E-12
7702,2032.971506,8912.108677,2728.800826,760.5525083,7202.054207,65.15516683,0.024091471,4258.374978,6976.156236,2053.861833,916.6800002,35906.74,1.57E-10,2.90E-05,-1.22E-11
7703,2221.911551,8502.620929,2266.339515,734.5181365,7940.862053,69.13084816,0.036022162,2681.083309,5594.922782,2225.359339,480.7355132,32717.52,9.38E-11,1.71E-10,4.72E-12
7704,2023.039701,7323.500543,2242.291621,585.8612796,7240.736468,65.89818557,0.024915412,3665.777947,6055.295045,2024.917824,779.2764707,32006.62,1.37E-10,5.23E-10,2.89E-12
7705,1925.437421,8023.862557,2802.109377,554.1706434,6871.344032,63.99118225,0.018959438,2974.966095,5172.154404,1981.240024,736.8053052,31106.1,1.51E-10,3.47E-09,1.25E-12
7706,1884.05912,7584.364927,2454.212531,430.8712766,6743.63379,63.26997684,0.016890952,2707.104876,5129.569194,1837.979163,724.3,29559.38,1.64E-10,0.001744119,4.09E-12
7707,1878.714874,6972.224495,2105.304153,425.5533726,6764.728334,63.41195722,0.017126447,2712.99955,4900.932857,1808.775537,724.4,28357.06,1.71E-10,0.002255515,2.54E-12
7708,1903.29158,6725.356433,1499.903979,427.5220279,6796.600799,63.74383572,0.017565247,2828.483473,4886.388564,1743.17317,724.26,27598.74,1.74E-10,0.001427465,-8.86E-13
7709,1913.684114,6271.894649,1430.83896,459.5184639,6801.281462,63.68156076,0.017644599,3072.89707,5338.069683,1769.046936,724.24,27845.17,1.78E-10,0.000544053,-3.74E-12
7710,2106.787846,8292.973745,2131.997417,554.5856599,7430.294464,68.10537179,0.02776028,1981.750811,4645.815761,2000.090774,780.3903901,29992.82,1.15E-10,3.56E-10,-1.22E-12
7711,1970.969021,9520.947917,2257.871841,566.5861328,6918.967552,65.98980603,38.5971203,2903.26409,5600.894648,1852.267137,837.7147343,32534.07,1.79E-10,1.33E-09,1.11E-12
7712,1968.456733,10916.40048,3095.172835,723.413363,6914.636952,63.41591336,887.9978684,2867.306696,5411.776389,2096.907301,614.2154725,35559.7,1.81E-10,7.15E-10,-1.12E-12
7713,1886.457358,11299.60629,4007.209218,977.1461447,6652.109084,63.12516476,2492.938948,2775.46072,5070.372932,2009.633257,252.8308878,37486.89,2.35E-10,2.56E-09,-3.71E-12
7714,1820.887344,11020.12178,3925.763274,1099.818755,6349.577424,62.6683409,3858.681646,2602.817038,4770.060192,2137.828919,274.19,37918.28,3.37E-10,4.134707823,-9.86E-14
7715,1774.799342,10818.16908,4109.894114,871.9664046,6191.504726,60.70211212,4600.276762,2472.500361,4333.446157,2120.04028,348.18,37694,3.73E-10,7.479335437,-6.22E-15
7716,1761.28812,10719.71646,4098.350937,663.0228359,6210.274617,61.78666274,4701.470593,2834.387856,4193.886759,2167.446919,525.95,37933.89,2.69E-10,3.691759993,-5.38E-12
7717,1814.603285,11047.88853,3816.896726,792.0993643,6331.035995,62.33245599,4011.296391,3126.856529,4087.667981,2189.94859,1017.14,38296.84,2.52E-10,0.925851912,-3.99E-12
7718,1905.15842,12632.80169,4210.859373,684.3963135,6676.978903,62.69116217,2644.615914,3453.343329,4301.865877,2236.566352,1033.262663,39842.54,1.90E-10,1.85E-09,1.99E-12
7719,2023.944897,15285.59677,4547.154158,987.7212089,7129.033426,64.22635191,793.8645743,3897.252548,4950.625907,2306.262604,1006.307557,42991.99,1.53E-10,3.75E-10,-3.54E-12
7720,2095.830295,19081.25508,5246.137372,1884.2973,7475.357235,66.76460918,11.16157618,4084.984381,5400.531934,2441.555436,1048.614782,48836.49,1.59E-10,2.24E-10,-3.94E-12
7721,2041.25379,20441.54622,6219.142655,2386.343852,7248.11521,64.86175329,3.444286185,4159.678117,5236.375116,2409.146068,1133.032935,51342.94,1.77E-10,2.97E-10,-1.38E-12
7722,2122.422267,19499.34699,5870.522699,2419.842804,7210.715741,65.39823501,2.217298548,4009.705298,4977.23403,2447.192905,1198.361729,49822.96,1.59E-10,3.12E-10,-5.46E-12
7723,2156.725114,18472.37777,5906.058392,1296.053831,7200.620691,64.79642394,0.024015632,3897.534334,4737.55543,2450.792829,1100.011171,47282.55,1.58E-10,3.27E-10,2.55E-12
7724,2180.310455,16291.4171,5674.642825,895.4483576,7256.368767,63.80592686,0.024930135,3963.318454,5008.856879,2434.828929,1107.817378,44876.84,1.50E-10,3.05E-10,-4.10E-12
7725,2168.730365,12995.0879,5691.945439,990.2274072,7211.527346,64.67583571,0.024187811,4094.327228,5166.15766,1763.233269,1027.833367,41173.77,1.84E-10,3.46E-10,-6.38E-12
7726,2164.493076,10323.68867,5479.314087,700.2096949,7197.708801,65.24862943,0.024242908,4109.091774,5059.017336,668.4075241,958.3661625,36725.57,1.58E-10,3.75E-10,-1.57E-12
7727,2129.428662,7763.488214,4635.808302,488.6767993,7150.666053,66.36367476,0.023526118,3889.471798,4834.828624,915.3469003,810.2874456,32684.39,1.45E-10,3.40E-10,6.29E-12
7728,2070.057801,6659.724961,3947.850085,423.4159624,6939.392363,64.43615261,0.020112977,4168.49423,4821.133686,1839.540107,765.4945395,31699.56,1.68E-10,7.91E-10,5.07E-12
7729,2050.053878,6536.297145,3785.280113,411.5216194,6855.802474,63.97791469,0.018798474,3946.206227,5132.679716,1457.94151,755.6506045,30995.43,1.57E-10,1.07E-09,3.23E-12
7730,2013.506187,5752.633843,3234.796981,394.0415559,6767.807058,63.43393096,0.017305513,3813.317743,5158.404064,1750.561365,742.5699664,29691.09,1.75E-10,1.96E-09,-1.20E-12
7731,2045.057192,5038.933611,3072.623234,368.286361,6945.233547,63.83657292,0.018354003,3818.028922,5179.996014,1669.292499,746.0136932,28947.32,1.89E-10,1.39E-09,-2.81E-12
7732,2108.181361,6238.102008,3447.430387,398.1141128,7037.211205,64.52293386,0.019826547,3751.084987,4875.266395,222.4339229,762.2028615,28667.57,237,7.90E-10,-4.75E-12
7733,2245.469105,7385.385574,4017.903889,492.1968423,7306.127142,65.82984886,0.024091843,3836.76416,5056.598582,215.015251,985.9155134,31379.23,228,3.65E-10,5.85E-12
7734,2584.608074,11465.6358,5616.832074,749.5424575,7902.797946,69.15042648,0.033687089,4024.195717,5489.809261,320.9795525,1133.645003,38978.23,379,1.87E-10,-6.14E-12
7735,2639.791085,17453.25057,7351.146781,1061.283591,7938.757012,70.34949051,12.25693796,4132.467561,5759.918039,318.9000469,905.3688868,47173.49,470,1.83E-10,-1.59E-12
7736,2554.085415,19256.23054,7830.065525,1225.057168,7628.468914,67.71102016,320.341415,4358.328423,5768.296066,344.8238904,1016.791622,49475.2,895,2.29E-10,2.73E-12
7737,2555.447632,20082.9076,8009.223853,1320.454483,7453.735254,67.97355157,1115.969248,4044.891478,5446.286783,276.7108531,1007.979261,50094.58,1287,2.65E-10,-2.73E-12
7738,2477.802164,20417.86242,8222.521988,893.2070054,7173.776596,68.69606486,2025.014505,3817.994401,5177.200565,197.7586564,981.475635,49476.31,1977,3.84E-10,-9.09E-12
7739,2599.479372,20727.03463,7976.617529,818.819244,7630.733534,76.1866894,2703.97098,2564.223296,4744.324574,267.4148387,1169.135309,49299.94,1978,2.10E-10,6.82E-12
7740,2453.658422,19835.70434,7081.988652,725.3864373,7153.088895,77.58708214,2350.980105,4387.71553,6054.784432,204.9664815,1075.549625,49423.41,1978,3.84E-10,1.32E-11
7741,2555.445185,19126.27976,7214.930366,819.017795,7143.13236,77.41684242,2172.873585,4288.217589,6312.476735,219.4372741,1075.402507,49026.63,1978,3.62E-10,5.00E-12
7742,2796.946623,20290.38015,7012.552645,780.0256604,7317.796221,79.67915706,1422.817616,4429.851958,6036.355213,231.7943046,1084.240452,49504.44,1978,2.83E-10,1.14E-12
7743,2879.516038,21730.43706,7031.797533,911.647181,7582.446093,73.4248309,373.4312192,4594.062503,6381.986096,269.4358551,521.7355896,51169.92,1180,2.10E-10,-6.82E-12
7744,2885.677783,23519.76142,7733.415923,1451.5332,7677.872391,52.39251865,6.363085902,4827.374575,6413.991094,425.2613945,879.5266179,55522.17,351,1.96E-10,-9.04E-12
7745,2843.27819,24643.33246,7707.489748,2194.994563,7403.351019,57.31193974,0.458941458,4547.886427,6177.298784,380.4700763,1186.077854,56939.95,202,2.80E-10,3.84E-12
7746,2818.196725,23979.06388,7526.908022,2048.783724,7330.990569,86.33289067,0.218647277,4479.153229,6516.761626,428.0158716,1178.614816,55488.04,905,3.08E-10,-1.23E-11
7747,2824.243089,22504.0549,7406.435634,1539.21291,7314.561036,80.53111822,0.024099204,4463.748934,6582.465818,432.2726043,1204.319853,53607.87,744,3.18E-10,-1.36E-11
7748,2815.294521,21302.29174,6359.510317,835.8761709,7324.780874,76.16589447,0.024159451,4610.432218,6732.632114,434.0397596,1208.682231,50054.73,1645,3.10E-10,-4.77E-12
7749,2780.35295,17779.63626,5619.009023,797.836051,7271.289563,75.6833934,0.022531946,4665.789475,6682.10225,290.6058994,1125.662603,45109.99,1978,3.64E-10,5.91E-12
7750,2352.52798,14694.47481,4074.303223,847.2110474,7246.832309,77.14961925,0.022266719,4554.482878,6571.2811,263.240287,1108.364483,39811.89,1978,4.05E-10,6.82E-13
7751,2077.628951,11859.48733,2217.07636,610.5937555,7144.990521,75.79554024,0.02051458,4432.007405,6312.414812,315.5510819,977.0537321,34810.62,1212,5.80E-10,1.36E-12
7752,2089.010659,9934.721414,1726.031355,453.7339246,7267.44361,76.21825329,0.021181065,4392.692956,6298.114451,349.2421401,992.2700562,33535.5,44,4.51E-10,9.54E-12
7753,2035.335116,9927.605526,1718.079263,420.1078654,7126.112338,76.20300741,0.018612422,4206.967062,6005.513657,471.1986555,974.0988987,32961.24,1.49E-10,6.29E-10,1.20E-12
7754,2045.342619,8939.100057,1392.081116,403.3774201,7130.061689,76.12943288,0.018712422,4376.738611,6145.92241,318.706744,774.8111877,31560.29,42,5.94E-10,-5.19E-13
7755,2046.880068,8296.108433,1395.401408,413.7688292,7134.856308,76.17506755,0.018636539,4345.812473,6052.056388,274.2492399,764.5331499,30675.86,124,6.96E-10,4.26E-14
7756,2032.492342,8461.733592,1422.56014,433.4650743,7177.822453,76.35315943,0.018568585,4268.408763,6244.003127,199.2213974,763.0913839,30251.17,828,7.70E-10,-1.82E-12
7757,2100.949471,8517.625279,1916.484189,467.3485561,7440.551124,77.95320421,0.02278169,4345.102147,6505.979505,203.8837662,878.8799771,32454.78,2.08E-10,4.24E-10,-2.55E-12
7758,2311.278619,12321.18088,3327.481079,733.0861294,8141.11245,81.57868512,0.034031792,4693.619301,7112.953773,288.7509281,1096.43412,39636.51,471,1.73E-10,5.68E-12
7759,2303.823766,18100.57203,5024.562739,1002.445383,8062.571117,82.04058997,8.053100103,4874.547159,7436.884691,254.2370783,1076.292345,47750.03,476,1.85E-10,1.82E-12
7760,2244.772841,19751.49544,6873.817118,1009.882131,7810.082283,61.90935674,261.519928,4806.227431,7448.47239,287.0614042,902.3496773,50286.59,1171,2.28E-10,1.02E-11
7761,2211.686987,20680.94043,6894.023924,1020.351562,7626.374654,49.74552013,894.9150361,4653.805294,7371.755845,227.2251319,976.8356198,51032.66,1575,2.74E-10,3.87E-12
7762,2151.749097,20635.15011,6798.350573,833.273713,7480.734569,42.00075279,1534.409742,4671.688649,7719.617812,180.3835254,990.5214579,51059.88,1978,3.34E-10,1.18E-11
7763,2133.253048,20706.38871,6683.121006,682.1120738,7388.277563,39.36963343,1992.093825,4650.140128,7861.251354,169.232732,988.1199288,51315.36,1978,3.80E-10,-5.23E-12
7764,2155.415855,21088.55559,6656.755946,782.5815602,7488.961116,39.03756635,1610.543804,4821.661139,8074.151437,195.5965065,899.9094793,51835.17,1978,3.36E-10,2.05E-12
7765,2150.613081,20862.54578,6647.893557,888.082388,7539.130668,39.21627022,1192.056452,4886.297612,8242.77084,224.3864775,626.3568708,52270.35,1029,3.04E-10,1.07E-11
7766,2221.760476,21877.79212,6653.829342,726.6469706,7692.573165,40.46889774,684.1154926,4903.25634,8358.419587,232.0459102,361.3817003,52774.29,978,2.46E-10,2.05E-12
7767,2235.87005,22745.36545,6878.585357,991.5382564,7779.438174,40.21184985,164.0179608,4832.759117,8388.459334,235.832821,587.2416313,53901.32,978,2.32E-10,-3.41E-12
7768,2394.607375,26269.3705,7836.200393,1671.361406,8389.651663,43.05083741,3.594903344,3152.822368,6715.761982,531.9450051,797.5135646,56827.88,978,1.38E-10,-4.43E-12
7769,2191.468,24499.14352,7283.714129,2261.655188,7582.010499,40.95336063,0.402398231,4819.121769,8435.62287,358.1416581,1198.056606,57602.29,1068,3.06E-10,2.27E-12
7770,2183.522582,24569.45379,7273.849321,2280.934071,7550.706774,41.1954827,0.196170298,4596.355106,8396.664863,401.2417505,1199.690086,57221.81,1272,3.21E-10,-9.78E-12
7771,2157.75349,24248.00166,7327.315078,1378.991896,7579.998076,53.62731183,0.024189226,4141.970593,8152.959946,403.3321965,1198.715567,55367.69,1275,3.40E-10,-6.59E-12
7772,2126.638048,22482.44937,7034.551273,1167.86446,7549.185027,38.72102734,0.023698444,3788.85014,7908.623444,417.2589584,1185.934551,52244.1,1456,3.92E-10,1.18E-11
7773,2102.159728,19794.82937,6268.607225,862.5523293,7468.687488,36.30404687,0.022504192,3433.799446,7799.072666,293.0695623,1097.205629,47388.31,1768,5.35E-10,5.68E-12
7774,2073.114293,15814.69702,5583.118769,707.4392027,7403.441514,36.50652305,0.02159016,3151.835287,7226.564886,224.679671,1075.15124,41522.57,1774,7.35E-10,8.41E-12
7775,2097.075239,12855.84946,4082.056107,447.7873239,7429.602796,37.02282072,0.022114757,3165.326425,7087.502072,312.6223291,1016.813309,36651.68,1880,7.59E-10,2.27E-12
7776,2414.429532,11163.17323,3559.198424,379.0977571,7406.202806,37.05103104,0.021757286,3575.582281,7036.661061,316.302203,1021.999916,35378.72,1531,6.97E-10,-5.91E-12
7777,2635.993095,10430.31811,3126.0872,354.6508338,7148.525762,35.3078193,0.017609203,3576.303556,6981.799846,282.7857873,988.9903848,34792.78,768,2.96E-09,-4.77E-12
7778,2598.677007,9437.945893,2295.100796,347.0834525,7110.771887,34.91839304,0.016915387,3876.919432,7047.093829,263.1709021,929.801494,33577.5,364,1.16E-08,7.79E-12
7779,2615.06151,9867.74281,1783.962086,345.2958233,7087.369885,34.76670718,0.016384279,3921.083408,7053.609615,230.1225469,844.24,32754.27,1029,0.00077545,2.05E-12
7780,2613.422185,9644.526485,2038.569724,346.0931619,7119.576931,35.18947536,0.01695631,3883.817409,7309.538765,166.349114,972.7,32260.8,1869,0.000206223,1.36E-12
7781,2689.708151,10733.46526,2957.960085,359.1125655,7377.235734,36.83659435,0.020989535,3925.168717,7523.127379,140.5774097,811.6871183,34680.9,1874,1.06E-09,1.82E-12
7782,2876.405212,14398.22701,4766.344195,578.7015156,7977.547287,41.14235859,0.030778357,4156.496237,8132.977313,214.7870696,530.8410261,42204.5,1469,2.54E-10,8.41E-12
7783,2893.541424,21101.2053,6354.609813,866.0783887,7998.069452,42.18902161,9.787627236,4238.363855,8075.026515,184.0549009,69.9336996,49935.08,1475,422.78,9.32E-12
7784,2818.683179,22973.72067,7283.994986,835.1310011,7717.934692,38.83987445,290.1029708,4058.145212,7806.194895,218.2925029,51.25001931,51989.24,1476,627.05,1.05E-11
7785,2750.352579,23171.98687,7288.334531,1261.929716,7507.237092,37.42550628,1036.673193,3644.239876,7507.986447,162.8544258,42.06976322,52782.95,579,1049.14,-4.09E-12
7786,2700.02947,23119.12756,7252.504631,798.3629887,7318.734342,40.2373907,1948.971131,3237.378663,7390.760704,116.8364001,24.51671728,51934.99,960,1052.47,6.14E-12
7787,2657.953974,23218.0015,7159.911159,664.2449873,7169.341601,37.28510653,2401.445058,2946.317733,7387.699275,100.7113538,15.91825238,51417.1,1568,773.73,-6.82E-12
7788,2669.516501,23276.25927,7220.359593,698.421218,7211.659482,37.6143632,2432.819772,3001.277698,7253.671923,114.4763188,18.57386665,51824.35,1479,631.3,5.00E-12
7789,2674.290696,23487.35904,7470.689185,694.030992,7317.409096,38.22285583,2004.447232,2841.942598,7305.486989,139.7534482,24.50787073,52016.05,1478,504.09,-2.27E-12
7790,2710.375068,24048.00009,7921.970544,661.0337988,7461.359806,40.41524558,1284.898942,2739.050491,7446.820893,144.4996469,29.90547147,52605.77,1480,402.56,4.55E-12
7791,2811.669038,24723.38366,8139.359317,1139.633736,7676.076122,41.10847355,329.107097,2777.575172,7796.564921,160.3379785,30.51448719,54247.99,976,401.34,5.23E-12
7792,2864.587132,26004.2622,8304.265936,1843.027586,7743.624767,40.02239422,2.489815358,2675.246809,7675.857812,296.964516,58.21103225,57086.51,175,247.05,-6.82E-12
7793,2839.773452,25541.12794,8366.858444,2084.583025,7562.153906,41.31166671,0.337728845,2571.105146,7452.797705,517.557992,696.8729953,57674.48,1.64E-10,3.98E-10,5.24E-12
7794,2842.578947,26596.10084,8645.217367,2383.046183,7619.533485,48.32957399,0.2000886,2503.269382,7174.174636,345.3745515,1180.054946,57873.88,1464,3.69E-10,1.39E-11
7795,2842.144118,26800.64512,8943.516735,1931.769864,7650.767139,42.93654155,0.025433818,2445.155659,6595.831142,349.9119637,786.0662832,57018.77,1370,3.85E-10,-8.19E-12
7796,2840.872607,26004.81918,8486.581225,1087.521318,7657.729967,38.09340438,0.025488395,2403.433916,6319.352589,342.4662981,854.5540038,54356.45,1679,3.99E-10,-2.27E-12
7797,2913.861557,23910.40801,8098.597565,1039.654174,7938.855777,39.96081508,0.030127998,1640.768308,4503.366013,334.4913217,824.2863329,49562.28,1682,2.82E-10,-2.27E-12
7798,2787.278147,20838.97047,5437.682926,911.2787186,7497.354018,37.79809582,0.023218237,2068.211401,5186.483011,220.6681851,760.4218063,44068.17,1678,6.11E-10,6.82E-12
7799,2748.932548,18896.59702,3823.953287,505.9776499,7407.818126,37.47820408,0.021739,1757.475161,4552.059262,251.1562315,1067.700772,39071.17,1978,7.26E-10,-4.55E-12
7800,2729.298729,18145.63427,3766.332203,390.0807486,7331.872569,37.00359827,0.020556161,1858.465024,3850.00181,253.6200135,1105.930473,37883.26,1585,1.97E-09,4.55E-12
7801,2708.313672,17406.19261,3416.264374,338.6636838,7223.204115,36.21818506,0.018805916,1836.789114,3600.107167,256.9849531,1089.033321,37319.79,592,2.58E-08,6.14E-12
7802,2707.251957,16235.97285,3051.3158,337.8280124,7321.825306,36.74296297,0.020285297,1739.976161,3539.84373,266.9438421,1094.769095,36262.49,70,5.18E-09,-1.46E-12
7803,2730.824977,15538.24495,2888.821293,337.0484125,7307.562906,36.73235313,0.020074375,1705.755284,3520.555779,228.128914,1089.695054,35303.39,80,1.65E-08,-4.19E-12
7804,2765.658127,16429.53197,3245.643808,354.3948987,7424.308726,37.79342527,0.021958353,1712.171895,3572.394738,175.1096077,1042.390849,34875.42,1884,2.30E-09,3.87E-12
7805,2798.273377,17065.37456,4258.308046,431.2937978,7562.943919,38.77117106,0.024150608,1876.098802,3799.86083,135.03793,973.2634146,36961.25,1978,7.59E-10,-1.14E-11
7806,2928.99187,21032.23452,6841.145171,637.6767552,8128.621896,43.05971134,0.033317946,2253.864839,4324.757838,175.4331008,82.71098032,44477.13,1485,486.4,-9.09E-13
7807,2939.137651,26239.62509,9257.819201,1115.68154,8106.737981,43.88083552,9.48070415,2334.136453,4233.728791,191.3106752,71.95107828,52782.56,803,957.93,5.00E-12
7808,2908.774453,27342.35281,10127.07842,1555.92753,7861.649086,40.5676182,480.7596832,2116.162577,3861.304085,213.8757937,51.25793885,54847.03,805,907.68,-2.27E-12
7809,2811.956322,27518.73689,10150.51871,1449.214809,7623.582322,40.88864908,1510.910333,1855.988469,3463.609053,156.6889095,40.15554039,55357.91,502,762.34,2.73E-12
7810,2735.587045,26819.45164,10271.4252,978.2439322,7480.921146,39.96181422,2231.640376,1777.159354,3201.501876,134.5654671,27.01215616,54722.72,216,758.75,-1.82E-12
7811,2743.237037,26731.62253,9966.337901,1099.155298,7445.995187,39.75526229,2368.434142,1754.800337,3147.389194,127.6594389,29.62366811,54486.23,216,751.78,-3.30E-12
7812,2756.615942,27049.52463,10162.38087,984.6174271,7508.085206,41.23169287,2159.70088,1695.653152,3124.829499,141.9432116,29.82749212,54768.99,375,510.42,7.73E-12
7813,2806.646329,27315.40478,10151.89114,965.5007683,7599.174286,40.79996155,1709.857224,1678.264987,3186.16612,304.775375,31.53903337,55243.4,1.34E-10,546.62,-7.96E-13
7814,2797.964588,27817.29256,10509.70966,1019.139573,7716.97344,43.96047632,967.4648134,1682.008339,3194.66197,176.494917,37.6596721,55328.09,264,371.24,-4.09E-12
7815,2838.038728,27957.58268,10288.64158,1569.930159,7857.149379,43.05794577,232.0057115,1739.016321,3364.316773,179.8893966,32.42132443,55548.66,177,376.39,2.84E-12
7816,2854.54945,29077.77465,10434.48573,2671.59219,7898.141272,44.87082051,1.39482141,1771.15118,3528.611934,431.3950737,61.40287279,58169.57,1.32E-10,605.8,8.53E-12
7817,2813.082785,29109.29835,10187.85742,2809.180292,7719.118724,49.29804251,0.348870672,1765.718756,3435.585748,288.4858287,493.8751785,58592.85,79,3.85E-10,-2.87E-12
7818,2816.970275,28353.20238,10050.36322,2850.697519,7649.002678,47.76228957,0.210982773,1723.151022,3447.034688,315.6363401,643.7386007,57680.77,217,4.17E-10,-2.67E-12
7819,2829.994145,28281.51484,10292.99245,2015.338704,7570.57619,45.30238246,0.02674431,1836.932232,3460.156173,340.4543613,1033.81177,56841.1,866,4.53E-10,1.14E-13
7820,2826.153846,26494.69139,9885.313356,1262.100042,7591.435742,39.91198845,0.025857793,1757.620341,3371.615113,319.0850167,1164.577307,54422.53,290,4.95E-10,-5.74E-12
7821,2794.579931,22860.21613,9361.310371,948.3351986,7602.278209,38.41776534,0.024686648,1737.000254,3258.863778,251.5568509,1085.016823,49315.6,622,6.54E-10,-2.27E-12
7822,2725.46636,19948.39641,7749.397535,658.7053822,7561.154709,38.62249626,0.023763974,1711.306973,3136.407723,231.5371668,1072.021485,43863.04,970,8.32E-10,-8.64E-12
7823,2669.628013,18343.13079,6068.635491,540.4923808,7395.24301,37.61562633,0.020858192,1596.364107,2862.454097,221.1671782,1060.528442,38918.28,1877,1.00E-09,5.00E-12
7824,2712.54735,16808.52077,5388.995519,425.2682098,7353.434685,37.31265698,0.02011373,1619.500372,2727.640705,230.0819679,1095.607654,37544.93,854,5.09E-09,-3.98E-12
7825,2682.370376,16973.202,4872.400522,404.1174784,7250.258321,36.49215319,0.018381284,1433.884832,2575.709727,216.4469694,1085.66,36654.56,876,0.0007596,-7.84E-12
7826,2719.587746,16361.32776,4218.7541,390.3184947,7393.381703,37.52621318,0.020890819,955.3181458,2234.467583,232.7243649,1102.113002,35483.54,162,2.64E-09,4.86E-12
7827,2670.509618,16001.96213,3879.384195,377.7714969,7227.210026,36.21136205,0.01804695,1275.613604,2580.157552,175.163036,1084.3,34575.3,733,0.00106299,1.93E-12
7828,2696.663878,16689.06677,4047.508221,399.1441682,7291.593961,36.71647321,0.019115073,1269.581865,2696.227393,124.707621,753.5305357,34045.76,1959,1.60E-08,-1.14E-12
7829,2768.837434,17921.87157,5487.069399,463.1339369,7538.242676,38.39281426,0.023043934,1359.639645,2966.746078,94.31994254,43.14345834,36229.42,1824,628,-9.09E-12
7830,2907.235828,21943.97647,6528.832651,572.3727539,8019.175117,41.89397444,0.030807039,1503.784517,3477.162311,106.7633709,66.59219445,43349.6,875,943.22,9.09E-13
7831,2931.306651,27098.92131,8178.528421,876.6962964,8068.257696,43.20811842,2.984474179,1563.052951,3616.865568,134.6009093,59.12760174,51399.65,425,748.9,6.59E-12
7832,2868.145372,28198.26757,9576.627181,1045.555274,7817.926424,41.93591353,156.2091605,1607.456442,3388.89479,155.9708901,37.51098209,53782.07,216,896.43,1.82E-12
7833,2830.236461,28406.39237,9925.74777,1119.536718,7698.879417,44.12586344,574.1366055,1609.294246,3208.070399,150.8451454,29.56500443,54621.61,719,256.22,2.96E-12
7834,2806.661233,28383.48073,9496.791787,1014.171071,7602.148084,49.76708892,995.9406635,1593.419324,3115.308216,146.4477027,22.25409918,54649.56,322,254.83,-2.73E-12
7835,2796.905425,28157.3059,9230.379961,917.8090041,7562.825837,42.27026639,1319.946127,1484.852968,3056.462668,134.9591654,23.20267461,54524.49,94,108.43,-1.14E-11
7836,2778.592214,27882.05677,9271.138598,862.3357048,7510.562665,39.96337174,1405.09731,1479.907203,3010.762634,131.7506844,122.0128469,54370.18,124,8.30E-10,-1.69E-12
7837,2788.426146,27767.47727,9071.047124,987.4518468,7549.814869,40.11811461,1123.620446,1528.185768,2973.959681,154.5242362,123.6544938,53791.28,317,6.83E-10,-2.67E-12
7838,2829.084991,28358.66992,8986.760874,943.1615572,7676.483037,41.31878216,593.0301855,1569.073528,2957.30363,157.2076516,129.5458476,53766.64,475,5.08E-10,-4.66E-12
7839,2854.020718,28464.63952,9149.50501,1399.980344,7752.074696,41.07135504,133.9558829,1702.008331,3122.511,166.5341625,139.1689839,54465.47,460,4.07E-10,-5.80E-12
7840,2859.551422,28297.29259,9530.003639,1859.809674,7787.022838,40.66933043,1.056101236,1972.560081,3336.63273,1040.956093,46.16550474,56771.72,1.46E-10,3.65E-10,-2.06E-12
7841,2810.994208,28525.45839,8763.395289,2451.594373,7619.601471,42.14956967,1.243394956,2169.566022,3405.59909,864.695931,847.2422599,57501.54,1.53E-10,5.86E-10,-1.06E-11
7842,2859.33855,28425.4384,9013.495161,1969.765702,7476.360789,42.59221156,0.168130342,2294.17083,3390.918322,251.3343853,1054.027517,56399.61,378,5.39E-10,6.54E-12
7843,2891.273152,27244.3336,9310.563813,1088.523121,7286.615235,42.05900336,0.023071109,2283.273175,3172.560711,240.7816049,1045.46351,54543.47,62,6.51E-10,-9.51E-12
7844,2983.577229,24038.92176,8923.75229,1064.342579,7197.643631,36.76153181,0.022698269,2190.077779,3200.469048,233.5208279,1145.970624,50891.06,124,6.84E-10,4.16E-12
7845,3094.845802,21500.9836,7609.750731,894.7964744,7157.124946,36.73982041,0.021959348,1972.639407,3152.8161,189.6431117,1065.858048,46578.22,97,1.02E-09,-8.87E-12
7846,3126.369897,18787.35861,5764.084573,745.715161,7056.969998,40.48867299,0.020553688,1963.737754,3008.239357,217.0765203,1042.138908,41752.2,1.56E-10,2.83E-09,6.33E-12
7847,3082.585535,16436.09096,2651.67799,633.6947484,6967.565812,36.01089261,0.019073554,1792.36481,2755.015736,2135.507413,1058.277028,37548.81,1.44E-10,1.11E-09,7.52E-14
7848,3188.056641,15439.69077,2060.046129,433.9848423,7118.606821,37.01426445,0.021411555,1835.187434,2801.134694,2279.856949,1111.960043,36305.56,1.35E-10,1.58E-09,5.11E-12
7849,3235.564417,14529.2419,2000.857302,376.2822181,7023.842464,36.44266896,0.020006325,1918.747003,2592.313401,2267.623534,1113.835085,35094.77,1.36E-10,1.47E-09,-2.67E-12
7850,3157.271931,14182.52286,1367.325975,355.1096931,6783.032053,34.80397405,0.016123161,1891.83333,2446.554418,2230.559981,1085.6,33534.63,1.60E-10,0.000334043,5.61E-12
7851,3122.317381,13071.85715,1096.76772,346.694877,6772.941404,33.9990481,0.014182147,2038.450367,2452.312064,2199.057625,1085.44,32219.85,1.88E-10,0.001813344,-6.38E-13
7852,3142.384413,11794.59384,1035.980345,351.4743917,6953.5852,34.53079415,0.01543923,2397.010153,2489.795252,2167.491535,1025.22,31392.08,1.94E-10,0.001360495,-2.09E-12
7853,3168.907072,11610.00036,1161.488062,399.2203423,7143.046418,35.15165348,0.017109219,2500.27293,2659.717927,2132.710421,1035.7377,31846.27,1.85E-10,2.33E-09,5.60E-12
7854,3246.070863,14612.39504,1522.204543,490.681519,7475.706984,36.78948909,0.021027486,2787.390816,2793.698467,807.121743,975.9495126,34748.03,1.52E-10,6.23E-10,3.84E-12
7855,3364.048282,19262.96625,2963.725554,714.2939191,7928.79142,40.37031816,1.945892745,1853.67549,2660.15663,115.7588543,89.2273944,38809.96,185,1.74E-10,3.13E-12
7856,3330.00843,20841.53625,4374.961146,886.6268796,7732.979468,40.79404273,119.3181647,3011.545363,2989.234598,124.0381679,41.96749488,43141.01,352,2.98E-10,8.30E-12
7857,3273.998683,21331.68054,5789.414139,1065.610135,7607.709377,39.99333238,465.0825181,2741.986298,2893.865936,1446.986671,32.72236902,46499.82,1.61E-10,189.23,-4.04E-12
7858,3254.890441,21417.49786,6051.482012,902.8022963,7517.132522,38.62228117,887.1361783,2351.59647,2786.955594,1868.785529,188.648815,47265.55,1.72E-10,5.88E-10,4.29E-12
7859,3218.720404,21206.40499,5999.478283,900.1986601,7399.573083,37.74223039,1183.363359,1880.105576,2611.624505,1818.590701,591.6582072,46847.46,1.87E-10,8.88E-10,1.47E-12
7860,3205.917677,21123.69808,6005.963443,699.8714576,7373.512876,37.55657516,1251.659233,1792.170579,2534.620199,1872.497346,1036.282535,46933.75,1.74E-10,1.09E-09,-1.87E-12
7861,3223.717552,21410.17725,6048.823524,628.9682834,7453.675668,37.73768073,961.8303378,1663.384049,2517.904442,2185.421802,1041.949412,47173.59,1.66E-10,8.39E-10,-8.28E-12
7862,3239.691624,21662.03714,6487.429271,683.2992384,7550.814888,38.22952622,525.0566834,1507.703384,2527.112605,2168.055784,716.5198601,47105.95,1.65E-10,6.24E-10,4.87E-12
7863,3280.411007,23271.41832,6775.387549,875.2739116,7706.882789,38.84253938,97.17995954,1545.937546,2842.67269,964.824788,479.1089005,47877.94,1.59E-10,4.09E-10,6.68E-12
7864,3275.169332,24678.37554,7034.284898,1517.019616,7808.739353,41.89621307,0.58837388,1546.153807,2866.273242,2201.450563,144.2090639,51114.16,1.79E-10,3.95E-10,8.37E-12
7865,3269.462509,25154.80779,7185.547126,2152.477163,7778.37174,46.95052937,0.171712794,1496.48451,2845.241408,2227.511368,875.4441475,53032.47,1.80E-10,5.42E-10,-9.29E-13
7866,3257.800504,24757.01305,6941.500909,1575.081595,7764.511633,39.0393944,0.123545254,1569.823805,2870.975244,2227.538337,882.8819813,51886.29,1.64E-10,6.47E-10,3.52E-12
7867,3245.607756,23741.54233,6044.829826,1075.658011,7794.080836,36.53934234,0.019812859,1661.674851,2745.119744,2221.013681,587.2738138,49153.36,1.70E-10,9.13E-10,8.52E-12
7868,3257.181953,21971.82034,5138.33006,879.8158827,7825.139731,34.76438906,0.020272556,1459.955017,2739.420325,2240.891731,796.1602972,46343.5,1.55E-10,7.41E-10,1.35E-11
7869,3261.336843,20100.91364,3571.391008,761.9449121,7826.711031,34.77941443,0.020311787,1491.289619,2708.879085,2198.429925,1067.604211,43023.3,1.80E-10,9.06E-10,5.06E-12
7870,3239.300318,17260.05145,2863.409016,710.4147175,7773.98015,35.00606702,0.019526993,1529.283588,2656.463564,2192.663513,1052.328087,39312.92,1.61E-10,1.61E-09,-5.26E-14
7871,3242.209495,14720.1403,2506.396482,402.6110396,7778.748235,35.21128967,0.019691342,1391.253649,2542.650932,2257.377338,1062.561551,35939.18,1.39E-10,1.00E-09,-1.28E-12
7872,3335.319824,14185.14948,2060.175993,422.6070246,8034.460733,36.9729301,0.023858685,1452.087432,2190.553152,2313.833882,1068.575693,35099.76,1.25E-10,9.09E-10,-4.72E-13
7873,3343.933368,13884.19182,1814.836525,382.7956176,8030.512342,36.82681097,0.02345301,1000.517877,2157.105543,2319.079339,1068.287302,34038.11,1.19E-10,9.08E-10,5.90E-12
7874,3191.366479,12684.51232,1288.467617,355.3127122,7626.25682,34.0302831,0.016778719,1522.987059,2410.627325,2242.26345,1024.88,32380.72,1.58E-10,0.000844586,2.45E-12
7875,3136.992317,11773.10303,939.0973729,345.2996976,7479.845736,33.01133427,0.014312701,1612.222409,2481.272115,2200.524887,1024.9,31026.28,1.94E-10,0.003211212,-4.01E-12
7876,3086.306534,10935.17311,894.7555813,359.3024009,7371.705849,32.21955238,0.012427506,1744.647047,2503.301555,2151.541091,1024.96,30103.92,2.28E-10,0.005142729,2.29E-13
7877,3103.758098,10570.77172,958.6034328,379.5940046,7397.390202,32.34887364,0.01285787,1737.722439,2699.411671,2135.204158,1024.75,30036.64,2.25E-10,2.927454455,5.48E-12
7878,3122.035412,12089.78168,1098.758442,395.8389627,7441.017701,32.62368277,0.013551043,1733.40062,2844.831652,2111.792107,1024.8,31891.97,2.16E-10,2.92380628,1.43E-12
7879,3137.656796,13590.64066,1484.933742,486.8384314,7532.824808,33.16750894,0.797263352,1934.212696,3105.676833,1998.003219,1012.188041,34316.94,2.16E-10,1.33E-08,-7.72E-12
7880,3179.906072,15194.72886,2156.987396,820.7960635,7836.997521,34.8698852,171.0395596,2187.802955,3566.625548,2044.215136,816.2309996,38010.2,1.66E-10,5.68E-10,3.19E-13
7881,3170.193662,16904.86948,2949.913345,918.2547622,7934.696976,34.57576156,808.2405169,2182.971296,3715.921555,2180.946569,1108.096079,41908.68,1.71E-10,6.49E-10,1.85E-12
7882,3149.445241,17379.8838,3821.381464,951.6734372,7915.920581,35.14705815,1473.255189,2059.847154,3861.152822,2173.858191,1103.975066,43925.54,1.96E-10,9.24E-10,3.72E-13
7883,3132.632354,17979.51621,4037.734772,820.4835011,7857.916352,36.67887233,1769.063164,1979.394867,3739.256095,2164.147837,1102.145979,44618.97,2.11E-10,1.22E-09,-1.63E-11
7884,3263.040488,19081.43968,4548.437724,768.3678637,8186.362315,38.60140304,1713.944033,1371.876174,3233.081212,2224.716908,1070.632201,45500.5,1.47E-10,4.81E-10,5.32E-12
7885,3234.19645,19087.6474,4196.050329,694.4366024,8040.575468,37.24155567,1193.10574,2240.627617,3976.939216,2218.358433,1050.921185,45970.1,1.69E-10,7.63E-10,6.64E-12
7886,3268.362127,19605.67726,4496.426316,642.3085422,8157.267805,38.00593306,664.779893,2329.273598,3986.635187,2222.536677,1056.926666,46468.2,1.62E-10,5.55E-10,3.75E-12
7887,3329.866088,20617.49962,5440.015875,871.8071181,8303.282674,38.63023815,154.7586551,2310.068443,4000.672479,2204.048865,979.8099431,48250.46,1.63E-10,3.98E-10,-7.78E-13
7888,3321.92902,22739.51049,6506.544116,1915.202647,8443.864477,39.03502835,1.575174219,2255.253476,4140.448349,2220.856499,1023.740719,52607.96,1.78E-10,3.14E-10,1.96E-12
7889,3321.068823,23345.02658,6729.851698,2327.006908,8325.000945,39.01190355,0.174988419,2464.531571,4170.966826,2219.65113,1162.708624,54105,1.86E-10,4.30E-10,-4.19E-12
7890,3299.737912,23041.65404,6540.330212,1787.454437,8273.439438,38.98636093,0.12568337,2503.532178,4132.156899,2223.365744,1157.967099,52998.75,1.69E-10,5.23E-10,6.23E-12
7891,3231.955232,22071.2922,5598.961239,1285.818319,8242.401464,36.62077241,0.020574636,2327.936373,3996.694582,2231.171116,1145.178127,50168.05,1.63E-10,6.43E-10,-5.44E-12
7892,3218.999734,20235.61786,5033.345996,909.2185796,8245.374036,34.84820141,0.020653162,2409.415127,3923.08425,2243.51515,1153.230415,47406.67,1.54E-10,5.90E-10,6.09E-12
7893,3168.276603,18443.19466,3391.438804,829.5557175,8215.704045,35.64121108,0.020055672,2575.6259,3809.317239,2190.747665,1079.438095,43738.96,1.88E-10,7.36E-10,7.26E-12
7894,3140.61043,15888.48778,1967.190165,792.9581554,8125.281402,34.63511248,0.01875949,2648.388679,3594.808574,2163.56527,1052.755668,39408.7,1.71E-10,1.59E-09,2.93E-12
7895,3119.719429,12847.03085,1459.929677,474.9652393,8058.902774,34.36697331,0.017794622,2463.515242,3363.213739,2232.631247,1056.457031,35110.75,1.56E-10,1.25E-09,-2.27E-12
7896,3228.080621,12448.69165,1309.374981,388.0687674,8064.350462,34.39927844,0.017744073,2340.786555,3159.207258,2244.836162,1106.346525,34324.16,1.65E-10,2.27E-09,-5.28E-12
7897,3155.717266,12933.37426,1254.41074,364.9407218,7832.099124,32.87986919,0.014033101,2156.865777,2931.110006,2218.429916,1086.13,33965.97,1.80E-10,0.001710249,3.78E-12
7898,3163.742873,12256.42367,1194.978305,361.4861022,7843.15823,33.0103049,0.014344403,2084.818497,2727.174854,2207.664444,1085.81,32958.28,1.90E-10,0.001626072,-4.29E-12
7899,3146.845537,11723.25727,1229.240221,356.544634,7801.061687,32.6870612,0.013540622,2121.85657,2641.447343,2175.168568,1085.76,32313.88,2.28E-10,0.002438085,3.89E-12
7900,3182.161183,11843.17638,1337.172048,362.6999838,7895.834272,33.33839268,0.015091411,1864.332708,2493.7482,2126.95227,1024.89,32164.32,2.46E-10,0.000531812,2.35E-12
7901,3322.827078,13954.71919,2200.060335,386.5582181,8276.788435,35.8363323,0.021241184,1825.716275,2510.153633,879.581333,965.8879265,34358.15,2.21E-10,5.94E-10,-4.53E-13
7902,3570.378996,18767.859,5606.187625,448.0989764,8963.983515,40.34398409,0.032154179,1912.948362,2887.396249,170.4706898,574.4904518,41993.19,949,2.13E-10,-5.34E-12
7903,3526.496804,25678.45102,8116.178293,933.6948881,8842.022164,39.35803287,1.567360267,1734.256011,2857.04944,147.6331848,65.44280669,50327.33,1269,345.82,-1.05E-11
7904,3333.439052,27230.03747,8593.170931,1193.144291,8484.978996,36.66198716,279.5815396,1683.004872,2705.759283,132.0181708,667.1534125,52564.95,1774,4.33E-10,9.09E-12
7905,3058.416208,27011.1837,8611.700379,1695.653382,8251.451649,58.64897295,1220.6307,1447.404753,2634.738179,140.7805532,20.12151992,52274.6,1776,100.13,1.00E-11
7906,3073.788294,26529.40503,8537.156713,1516.063249,8101.343178,37.48161936,2127.182659,1303.302157,2366.994958,129.9315066,12.22063403,52265.4,1352,117.47,2.27E-12
7907,3172.787052,26557.87485,8553.234116,1096.934768,8020.553432,36.87475274,2526.947161,1023.076362,2076.434665,123.5091113,8.17372656,52185.91,776,234.49,-7.50E-12
7908,3217.825955,26887.4493,8430.01307,1018.8401,8045.645534,37.1517002,2360.845756,995.8930224,1969.959452,136.0935187,9.97259174,52555.43,44,510.26,1.63E-11
7909,3271.56288,27132.70073,8485.640518,828.0896132,7542.112191,37.62187997,1839.118685,929.8177235,1964.349836,1310.714126,16.54181743,52755.39,1.74E-10,602.88,-5.34E-12
7910,3309.132056,27751.45602,8896.309059,724.7219948,7701.790612,38.97951689,1073.603308,1010.722483,1966.249317,1452.738537,28.69710012,53495.18,1.57E-10,459.22,8.53E-12
7911,3369.979187,28173.78519,9270.614069,1102.957865,7868.815976,39.78601461,259.2597551,1003.799183,2129.270939,1546.482169,33.88964647,54683.51,1.49E-10,115.13,-4.69E-13
7912,3444.131974,29580.99227,9563.296598,2026.164195,8009.648464,57.69467484,1.673468189,1028.310861,2289.093786,1545.94603,155.1976833,57702.15,1.46E-10,3.14E-10,-1.62E-11
7913,3430.970331,30084.58947,9388.068447,2819.962145,7976.840104,66.24041593,0.210101232,898.1420414,2144.780862,1058.095284,622.4807956,58490.38,1.47E-10,3.51E-10,-2.64E-12
7914,3439.656229,29196.23032,9288.183457,2418.021152,7883.531411,40.50712812,0.14798772,1164.057361,2525.018418,1302.004521,661.622014,57918.98,1.32E-10,4.38E-10,4.90E-12
7915,3432.944166,28699.69174,9474.089893,1386.531854,7886.304751,41.33140715,0.024716285,1052.287409,2560.073807,1225.404641,1112.435618,56871.12,1.30E-10,4.36E-10,9.07E-12
7916,3418.270435,27365.59053,9678.897606,800.2055109,7882.884998,39.44352809,0.024721278,1039.897678,2706.618928,210.9063038,1119.339759,54052.08,210,4.54E-10,4.58E-12
7917,3383.083812,24545.18714,8430.400343,684.4442428,7783.667832,35.75869023,0.023171138,1114.846468,2828.365873,162.6145141,1095.077914,49067.47,996,5.47E-10,8.19E-12
7918,3344.450608,21539.77023,5445.577339,676.3825289,7686.846144,35.33551338,0.021820716,1273.782637,3211.191217,140.8867702,1072.48519,43206.73,1220,8.35E-10,-2.50E-12
7919,3256.23881,17781.25048,1895.798898,518.221228,7453.103801,33.80728176,0.018008682,1131.486003,3307.250681,1636.725199,1024.8,38038.7,1.60E-10,0.000393056,-3.10E-12
7920,3304.228827,15551.94417,1624.018715,435.262292,7553.954052,34.412121,0.019660799,1501.305847,3490.883479,2207.972929,1105.277907,36809.28,1.50E-10,2.49E-09,-2.21E-12
7921,3300.581513,15521.17441,1119.802333,395.2407337,7532.167773,34.26374881,0.019216267,1356.822694,3609.054657,2281.280911,1102.152006,36252.56,1.43E-10,3.18E-09,-8.57E-12
7922,3282.361619,14094.05061,1248.128267,390.3804775,7492.872257,34.00343399,0.018527603,1382.610099,3770.396791,2266.21862,1102.859301,35063.9,1.52E-10,2.95E-09,1.44E-12
7923,3285.492547,12643.48152,1187.861792,386.1058461,7504.520285,34.03523697,0.018611738,1610.480821,4239.103438,2152.97743,1104.262471,34148.34,1.64E-10,2.59E-09,-3.45E-12
7924,3320.202413,12792.51127,1433.343342,388.7917036,7584.767818,34.52833717,0.019916236,1718.474736,4813.093386,181.4385438,972.4085391,33239.58,1.75E-10,1.39E-09,-3.29E-12
7925,3424.973947,15111.54133,2297.287884,436.4009439,7938.454357,36.68286201,0.025616037,2129.664051,5391.697451,128.8756939,73.40585916,35177.51,1470,321.5,-9.78E-12
7926,3339.246358,18697.98956,3566.036561,484.9415195,8273.251641,38.77780662,0.031158219,2535.384907,6451.593583,123.2461121,88.0907979,42038.57,672,888.02,-1.82E-12
7927,3513.399443,22589.96807,5315.473367,695.5499823,8220.432877,38.43241945,2.330757819,3104.116367,7360.583631,103.9847554,52.47833258,50023.72,77,896.03,-5.57E-12
7928,3452.872707,23362.03845,5749.615466,801.6166116,7990.217434,38.71088561,150.6733652,3345.350291,7886.46549,226.0286453,40.71065971,52090.15,1.31E-10,954.15,3.07E-12
7929,3422.449083,23026.4644,6126.955029,804.2726615,7864.397315,37.4042165,576.8028224,3455.020377,8280.801721,253.6522246,29.66014988,52923.36,1.43E-10,954.52,-3.75E-12
7930,3389.483712,21898.54937,6352.472065,736.83331,7796.034026,35.55551982,930.4515081,3782.999622,8672.528475,258.6018409,23.90055421,52922.96,1.54E-10,954.45,-4.32E-12
7931,3346.793757,21731.44283,6347.404585,678.1180227,7802.722081,37.53681498,1042.740487,3702.402283,8911.226322,261.8945377,36.11827937,52943.98,1.49E-10,954.42,3.64E-12
7932,3331.473593,21322.09141,6676.161906,613.9710962,7766.938795,38.42426613,880.6030141,3897.28868,9157.039402,264.4868418,35.7609987,53087.81,1.51E-10,896.43,-5.46E-12
7933,3355.29184,21646.21963,6932.644563,642.1578479,7765.180433,39.50296965,622.9598168,4244.740234,8998.306293,168.6493571,40.79701834,53265.63,196,994.82,1.82E-12
7934,3363.9744,22112.70767,7241.750476,646.4992321,7784.582176,39.68088314,313.8053385,4582.834187,8780.96341,164.2186243,35.57360411,53675.02,399,992.57,5.00E-12
7935,3370.605342,22449.35524,7290.460295,882.7020251,7858.713499,39.97352328,76.49884149,4891.536632,8736.274995,139.6610993,31.44850954,54825.95,343,598.28,-4.32E-12
7936,3374.885398,24433.23008,7347.214237,1715.22954,7877.235382,40.08790616,0.42211586,4919.139117,8177.316053,174.8568104,28.81336352,57458.52,432,197.91,6.48E-12
7937,3394.646508,23972.69942,7078.673202,1822.38856,7760.431704,41.0816629,0.091733969,4960.418669,7818.165791,155.9167141,552.4660332,57078.98,478,4.44E-10,1.13E-11
7938,3414.469334,24531.36431,6794.4163,1679.63876,7761.112661,43.34734771,0.046853873,4914.884415,7336.432925,169.7143023,747.2427921,56863.67,529,4.04E-10,-2.84E-12
7939,3394.51904,22476.35196,7064.901909,1151.81251,7679.772324,40.78675864,0.022530151,4683.841649,6757.885718,844.6261948,1143.15941,55237.68,1.47E-10,5.24E-10,5.28E-12
7940,3390.008323,19833.49991,6480.892963,748.8192466,7644.386034,37.92321977,0.022381977,4225.544969,6223.12106,1972.12521,1159.226679,51715.57,1.50E-10,5.29E-10,5.17E-12
7941,3361.350025,16632.74341,5417.637087,769.8710853,7542.114265,37.3903046,0.021115156,3963.93098,5978.676791,1949.822981,1089.101957,46742.66,1.89E-10,6.08E-10,1.07E-11
7942,3553.226794,15415.5933,4541.914603,847.4854767,8017.437414,39.36283501,0.029356473,2384.010157,4698.612784,627.5857023,1159.791578,41285.05,1.17E-10,2.62E-10,-1.31E-13
7943,3303.069203,9915.938151,2864.266139,418.2661915,7378.318374,34.65606908,0.019126635,3790.569123,5817.487081,1979.666268,939.0842725,36441.34,1.52E-10,1.03E-09,-4.94E-13
7944,3402.481233,9067.34911,2215.268125,398.856891,7607.601662,35.90223392,0.022773009,3756.122699,5837.982212,1952.504064,930.3989955,35204.49,1.32E-10,4.65E-10,-5.66E-13
7945,3385.943958,8486.929349,1939.297697,391.5331918,7543.855746,35.58091251,0.021784232,3775.2728,6070.310131,1952.741887,924.5425435,34506.03,1.29E-10,5.05E-10,-1.12E-12
7946,3328.695664,7291.027687,1816.271848,382.9323852,7412.6309,34.82035061,0.019598709,3866.078721,6162.09572,1924.769606,903.1375192,33122.48,1.46E-10,6.22E-10,-4.35E-12
7947,3273.881341,6431.241775,1712.364077,368.2224865,7292.423708,34.13240992,0.017621868,4125.452494,6631.660454,1823.593564,281.7700692,31974.76,1.75E-10,1.04E-09,-4.81E-12
7948,3213.604296,6212.536101,1665.847754,363.6539084,7226.953542,33.69567812,0.016366891,4201.953968,6797.663285,488.5367211,847.0183798,31051.48,2.09E-10,2.38E-09,2.00E-12
7949,3170.156446,6549.169335,1925.187655,376.1325785,7384.489454,34.59909442,0.018962915,4235.847498,7423.372109,546.1733712,926.2734964,32571.42,2.36E-10,7.46E-10,4.56E-12
7950,3440.939891,9470.586515,3181.040057,488.9051789,7867.737158,38.29250242,0.026702593,4599.462923,8203.044932,1373.075775,403.788365,39066.9,1.50E-10,2.82E-10,4.34E-12
7951,3487.355692,14534.35871,5182.818391,825.214327,7870.430017,37.31066784,0.32198275,4789.347288,8717.569042,857.8893248,289.6545584,46592.27,1.39E-10,2.99E-10,-1.38E-12
7952,3425.62327,15274.68571,5828.534562,827.1288615,7690.19355,37.1110129,45.06797566,4931.357112,8946.514466,766.2749069,956.0685771,48728.56,1.54E-10,4.05E-10,1.20E-12
7953,3421.02041,15565.32309,5882.77488,895.7066232,7655.381604,38.32449987,238.6582325,4970.643407,8968.437709,936.3129143,1045.346633,49617.93,1.55E-10,4.39E-10,9.85E-12
7954,3677.058537,17754.34709,6647.800007,853.8548089,8036.731525,42.74283138,627.1905557,3056.028214,7227.27435,1163.046839,611.0652429,49697.14,1.05E-10,1.81E-10,1.18E-11
7955,3364.552948,15291.61101,5827.374058,717.0057956,7546.896425,38.29272743,698.609982,4867.694829,9522.321163,1100.829536,644.3215241,49619.51,1.70E-10,5.49E-10,-6.48E-12
7956,3361.009644,15199.79594,5767.437403,850.9886091,7511.644989,38.19450648,706.7385132,4963.236196,9503.821512,1103.822215,618.5504741,49625.24,1.68E-10,5.52E-10,7.22E-12
7957,3338.798269,14711.01961,6018.909417,724.2191346,7469.001008,38.00326842,546.3577219,4802.853412,9062.721631,1951.254957,717.621567,49380.76,1.68E-10,6.05E-10,4.90E-12
7958,3362.948895,14844.95967,6189.681936,750.5350585,7511.483857,38.35457752,307.3582714,4568.917064,9171.983994,1892.091115,777.4955588,49415.81,1.72E-10,4.95E-10,2.47E-12
7959,3416.783236,15889.14593,5992.761475,912.6229028,7628.251011,37.7830685,78.90585994,4447.339075,9202.568361,1983.506533,835.6025487,50425.27,1.71E-10,4.03E-10,7.14E-12
7960,3413.572419,18022.50775,6577.610411,1618.273754,7665.511927,43.09079513,0.189258366,4101.86012,9276.933788,2175.983203,680.0565749,53575.59,1.80E-10,3.54E-10,1.17E-11
7961,3363.94921,18119.58768,6537.743838,1962.191772,7559.843029,48.096586,0.02141954,4351.86274,9774.039734,2157.837549,915.0264413,54790.2,1.89E-10,4.76E-10,-2.68E-12
7962,3328.400813,17341.94774,6012.506918,1353.300423,7562.773386,39.81189494,0.020999718,4955.53804,9887.144343,2170.217595,1039.717845,53691.38,1.60E-10,5.01E-10,-6.18E-12
7963,3332.311152,15784.00819,5448.364614,1089.467729,7515.199579,59.64213208,0.019901386,4967.936885,9756.312247,2175.382014,912.6355549,51041.28,1.69E-10,5.64E-10,-5.53E-12
7964,3353.712336,13715.26836,4575.529741,960.7913635,7558.915199,72.29355867,0.020147952,4931.057076,9196.177783,2173.435525,1048.13891,47585.34,1.74E-10,4.91E-10,-2.99E-12
7965,3309.745036,10586.37757,3594.835625,729.3371007,7498.08599,75.78157874,0.018785537,4843.404573,8921.500976,2110.53057,1090.322196,42759.94,2.19E-10,5.94E-10,2.00E-12
7966,3268.096845,7975.810312,2526.944951,789.7334932,7488.092777,74.70036013,0.018458293,4778.959641,8360.333718,1254.271215,1082.128229,37599.09,1.86E-10,6.91E-10,2.53E-12
7967,2586.621239,6127.999682,1549.602585,494.5587317,7482.592168,75.61231024,0.018470141,4760.102976,7479.688652,1815.745104,936.568082,33309.11,1.60E-10,6.32E-10,-5.49E-12
7968,2878.874909,5766.307283,1485.802948,426.9065117,7505.721975,75.68860445,0.018683253,4610.348282,7004.202072,1859.729856,879.1288764,32492.73,1.58E-10,7.53E-10,-1.12E-12
7969,3158.110544,5554.148831,1463.245809,410.9056527,7369.644405,74.86532242,0.016337946,4485.667505,6944.211076,1847.037644,864.1068718,32171.96,1.70E-10,1.09E-09,-6.03E-13
7970,2971.611702,4925.70092,1359.160936,398.8764484,7164.001097,73.67345382,0.013017977,4284.137523,6647.346669,1800.0922,831.3060331,30455.92,2.10E-10,1.01E-08,-5.54E-13
7971,3185.335061,5800.636937,1555.13917,441.6596222,8019.325041,78.57710598,0.026677176,2544.423521,5096.590157,1793.635499,894.7912097,29410.14,1.23E-10,2.76E-10,-6.53E-12
7972,2304.650894,4377.614435,1329.822467,397.4010465,7076.304107,73.20381206,0.011709783,4470.147141,6564.737709,1501.777362,774.25,28869.92,3.02E-10,0.000684262,-4.31E-12
7973,2227.672105,5083.167232,1323.603058,413.4698677,7388.233673,74.93729353,0.016538422,4598.713676,7085.299949,1691.113811,822.2427964,30708.47,2.79E-10,6.85E-10,8.15E-13
7974,3315.585839,8781.818678,3157.106387,819.4896487,8122.696603,75.00090949,0.028171576,4948.52804,6748.739815,925.6594655,1051.576443,37946.23,1.42E-10,2.22E-10,-2.47E-13
7975,3486.490582,14488.21591,5573.730755,996.195581,7971.008819,70.04219701,0.258348486,4882.323038,6459.168225,994.6558315,715.1207173,45637.21,1.44E-10,2.65E-10,-1.65E-12
7976,3388.065201,15909.93986,6326.622543,1281.259643,7727.594764,72.56395508,51.42755887,4935.390432,6107.487091,1088.969039,596.1399159,47485.46,1.68E-10,3.84E-10,8.18E-12
7977,3350.855349,15979.22686,6369.351298,1475.370418,7670.37342,77.68785219,302.6364611,4928.873905,6790.698532,1108.849769,180.9061364,48234.83,1.77E-10,4.16E-10,3.76E-12
7978,3317.692374,15537.70643,6291.465385,1022.517383,7569.115699,75.74939825,850.464216,4852.671409,7295.998716,1103.975097,194.013893,48111.37,2.00E-10,4.87E-10,-3.36E-12
7979,3282.739421,15052.83682,5882.001609,751.0503252,7458.590054,76.0574825,1227.128988,4799.361687,7529.705137,1085.275937,767.6325384,47912.38,2.06E-10,6.36E-10,1.57E-12
7980,3272.758801,14452.08238,5569.639368,740.6752538,7358.055074,76.48734434,1627.808962,4732.442423,7867.558916,994.370506,671.7509763,47363.63,2.28E-10,8.94E-10,-8.81E-12
7981,3274.08992,14300.38325,5583.16829,585.5923952,7353.455746,82.58088406,1478.061334,4608.270661,7881.262785,903.4099898,590.0347485,46640.31,2.23E-10,8.57E-10,-3.43E-12
7982,3343.953044,14183.49627,5314.438515,750.0271747,7512.402075,60.11711473,828.1140139,4785.877532,8388.98356,906.8260555,615.6246425,46689.86,2.07E-10,5.28E-10,-7.39E-12
7983,3414.253401,15559.69372,5375.942794,957.4270915,7771.716786,59.3671399,155.7335245,4930.45523,9042.622491,1386.728003,34.47981788,48497.45,1.74E-10,190.97,-6.22E-12
7984,3481.076848,17824.14462,5629.113049,1517.889993,7875.552812,81.06399308,0.097724993,4744.899429,9194.178668,2201.529316,138.5935463,52688.14,1.73E-10,2.62E-10,1.16E-12
7985,3357.747775,18128.50119,5784.796211,1942.541248,7701.642285,81.65831902,0.021538107,4789.06522,9322.536851,2193.861744,810.5376176,54112.91,1.86E-10,3.55E-10,-2.53E-12
7986,3399.081884,17348.4241,5611.419326,1342.955536,7668.110882,48.01981059,0.020954659,4879.434577,9316.066899,2205.285976,938.9800528,52757.8,1.64E-10,3.63E-10,4.03E-12
7987,3390.277081,16186.76703,4877.998437,927.6255178,7662.271541,41.21843728,0.020862536,4909.951365,9284.227468,2199.351749,1174.850511,50654.56,1.62E-10,3.88E-10,3.09E-12
7988,3379.368128,13333.94594,4656.400406,897.0421487,7645.550857,34.64131206,0.020625193,4839.414555,9323.329935,2219.87876,1176.757335,47506.35,1.65E-10,4.16E-10,1.05E-12
7989,3363.830091,10704.02904,3590.204973,807.3847782,7574.935837,34.31621787,0.019676691,4793.072709,8849.268518,2076.718194,1102.059964,42895.84,2.15E-10,4.99E-10,-3.56E-13
7990,3337.025811,8987.516614,2841.658513,800.7982551,7502.578924,34.00016563,0.018634055,4813.160087,8289.263029,105.2799541,984.7500146,37695.05,1,6.53E-10,4.96E-12
7991,3288.989159,6218.515659,1871.709276,479.2052465,7389.50987,33.43255206,0.017083497,4785.72951,7777.306945,407.7457069,826.1289926,33078.29,1.68E-10,7.55E-10,1.14E-12
7992,3196.390903,5205.813449,1772.751092,467.8639178,7320.793437,33.19132843,0.016324932,4722.645439,7571.274156,621.4321121,807.9978412,31720.17,1.78E-10,1.33E-09,-3.09E-12
7993,3106.304022,5298.833099,1714.294794,451.9554927,7087.858812,32.10897649,0.01292131,4560.607571,7369.216511,524.0822697,775.8955316,30921.17,1.96E-10,1.91E-08,-8.56E-13
7994,3104.369504,5115.340623,1423.821678,455.5026756,7146.440802,32.49793312,0.014144444,4591.302307,7040.69953,408.7412077,339.6795938,29658.41,2.02E-10,1.79E-09,-1.15E-12
7995,3087.1231,5034.118763,1440.065605,460.9027307,7124.860803,32.45246909,0.014001475,4511.277846,6920.830556,160.0789517,146.935174,28778.66,140,1.90E-09,1.59E-12
7996,3114.637114,5476.677124,1580.504703,471.1573601,7171.725015,32.70766693,0.014803984,4380.830023,6722.023842,109.3163079,145.7160411,28578.31,627,2.47E-09,5.00E-12
7997,3241.385152,5958.776113,2155.030339,482.6062509,7434.034926,34.03725765,0.018985087,4310.800533,6934.230474,94.54310517,802.3568641,30612.82,835,5.47E-10,4.55E-13
7998,3428.575972,8873.604964,3761.797845,521.9926748,7936.79205,36.45684465,0.026847126,4518.909232,7749.539571,108.9082395,631.5657593,37513.17,55,2.30E-10,3.09E-12
7999,3386.33431,14016.17116,5561.753572,897.0263236,7910.278194,36.19977603,0.238058014,4423.417909,8517.75034,602.3781405,138.2122212,45489.76,1.41E-10,2.31E-10,-1.43E-12
8000,3568.673786,17321.75825,6512.4155,927.6003405,8353.705781,42.90880468,461.632778,2795.312153,6629.328869,712.7305546,171.3231886,47497.39,1.08E-10,1.61E-10,-5.59E-15
8001,3137.095776,14453.65491,5615.16941,853.1624264,7319.02402,39.12032402,1862.273944,4367.901342,8714.122936,501.600924,195.9839905,47059.11,2.17E-10,6.12E-10,8.46E-12
8002,3041.24243,12419.38158,5183.674958,877.9741413,7050.012329,35.41730043,3142.19955,4289.874293,8598.29152,379.2607882,433.6411064,45450.97,3.21E-10,2.43E-09,8.89E-12
8003,3074.2885,11584.64414,4831.568807,876.0483443,6977.788386,33.95523378,3668.305606,4290.267972,8776.521391,59.88960594,316.5320156,44268.81,221,2.71E-09,1.34E-12
8004,3106.876419,11432.75682,4965.609978,910.9592658,7037.705235,39.30110918,3407.049968,4238.314751,8872.169922,69.00579003,318.9907383,44135.74,263,1.75E-09,-6.71E-12
8005,3173.498498,11868.15605,5031.427069,969.5883085,7192.197095,37.30804701,2455.033382,4274.16832,8846.452026,546.0464658,327.5447449,44721.42,2.34E-10,7.86E-10,5.33E-12
8006,3261.218084,13098.09918,5466.764286,886.0748133,7388.21481,41.08726443,1267.982761,4278.239407,9015.754588,873.595405,233.3494036,45810.38,2.05E-10,4.80E-10,-9.00E-13
8007,3305.795296,14791.22851,5720.950966,1250.947783,7578.443057,50.1781187,230.5693933,4220.800665,8971.127463,1572.750765,23.00798091,47532.66,1.85E-10,183.14,-9.29E-12
8008,3317.796728,17362.74963,5906.935563,1414.265711,7677.145015,44.55437707,1.090762622,4384.201266,8929.410856,2240.020589,745.179505,52023.35,1.86E-10,3.49E-10,-4.64E-12
8009,3397.429174,18423.48436,5533.46629,2230.265097,7573.970374,54.78000879,3.084423162,4255.707815,8433.552365,2231.740725,1074.03937,53211.52,1.86E-10,4.55E-10,-3.99E-13
8010,3372.278222,17734.93616,5320.393147,1867.369184,7504.195194,61.11644355,0.019934016,4426.971781,8299.892549,2231.628258,1083.619128,51902.42,1.76E-10,4.78E-10,8.25E-13
8011,3344.940077,16835.72011,4983.361903,1293.657661,7456.437293,79.18907986,0.019222139,4529.185553,8356.249642,2241.459337,1051.070123,50171.29,1.77E-10,5.33E-10,2.26E-12
8012,3330.744243,15491.6661,4444.958527,1332.533301,7424.998556,65.58214763,0.018752558,4352.562399,7376.37099,2232.738471,991.7265156,47043.9,1.87E-10,6.77E-10,-5.78E-12
8013,3327.648555,13281.40101,3946.436839,1136.76116,7414.982924,60.44061354,0.018560846,4122.46771,6824.989561,1857.803676,1069.399392,43042.35,2.37E-10,9.16E-10,-2.56E-12
8014,3268.338979,12446.64884,2585.231551,1009.541013,7397.438991,57.35713303,0.018426473,3859.00247,6560.846269,911.7426107,1037.123712,39133.29,1.93E-10,1.10E-09,4.40E-12
8015,3196.959019,11075.76197,1813.702657,890.137982,7346.667209,56.02674494,0.017725721,3549.656118,5551.038557,982.5552754,961.956739,35424.48,1.79E-10,1.07E-09,-2.60E-12
8016,3162.243149,9367.287873,1535.955347,961.3204393,7272.430135,55.51090555,0.016208546,3476.036169,4821.112292,1834.1091,890.8483807,33376.87,2.03E-10,3.24E-09,3.24E-12
8017,3123.921508,9137.247409,1056.198191,863.5877769,7181.171799,59.99808467,0.014487202,3255.674981,4506.989522,1850.458135,881.7081073,31916.97,1.94E-10,9.56E-09,2.94E-12
8018,3161.837101,9179.189378,905.7543139,630.3945962,7298.346298,57.5042671,0.016094348,2681.48558,4138.662715,1762.502073,845.2575825,30660.95,1.78E-10,2.14E-09,2.18E-12
8019,3118.014484,9609.74965,850.0412768,692.6945,7240.849881,57.06364681,0.014805985,2179.956831,3631.708795,1731.260016,832.9861138,29944.34,1.96E-10,5.56E-09,-6.61E-13
8020,3206.732051,9494.871644,904.5117812,696.8653743,7498.245719,58.26068872,0.018306108,2478.509823,3603.067948,1802.84821,861.6584548,30605.59,1.72E-10,9.24E-10,-1.07E-12
8021,3478.097682,10564.03001,1178.583446,877.8860802,8195.625405,60.97563662,0.029254066,2641.830828,3697.512109,1962.567707,931.1818442,33588.32,1.17E-10,2.22E-10,2.97E-12
8022,3674.168756,12883.29548,1715.393475,1008.977743,8653.999836,63.25818358,0.036266815,3121.642974,4057.029172,1990.0629,740.405216,37908.27,9.94E-11,1.50E-10,-2.25E-12
8023,3593.922826,16112.47163,2266.498035,1415.919744,8443.013042,60.94437614,0.164824942,3495.819765,4049.544656,2092.109496,755.6216077,42286.03,1.14E-10,1.68E-10,-5.91E-12
8024,3553.118054,19470.56813,2874.236845,1783.18616,8331.634451,60.87128396,42.92282804,3701.86902,3982.020129,1870.336708,56.7863889,45628.03,1.22E-10,99.52,-9.83E-12
8025,3347.233636,19993.89104,3397.776891,1613.867408,7870.039739,61.16019391,193.4820575,3831.392238,3914.851988,2179.026515,135.6382958,46538.36,1.60E-10,3.00E-10,-2.20E-12
8026,3231.394163,19691.29457,3377.723096,1569.079348,7599.009881,73.53848815,506.6011946,3560.58091,3752.055622,2152.239778,895.8729523,46409.39,2.03E-10,4.74E-10,-5.80E-14
8027,3212.262144,19281.12097,3305.439759,1194.130046,7570.059391,69.16026507,777.930289,3642.298747,3828.088883,2148.609112,994.5003964,46023.6,2.01E-10,5.03E-10,-1.19E-11
8028,3178.530922,19309.46633,3313.527289,1022.929119,7488.199329,68.75838526,908.0260372,3681.208468,3391.383426,2150.52245,784.2382435,45296.79,1.97E-10,5.58E-10,-1.26E-11
8029,3341.693015,19954.38327,3465.379904,1026.568741,7852.689195,71.06309921,826.9780029,2277.706193,2862.034679,2248.56813,1067.055772,44994.12,1.51E-10,2.88E-10,4.28E-12
8030,3299.027994,19137.23646,3427.793304,1024.250369,7730.963072,68.11046166,419.8254359,3817.219683,3633.688893,2237.03236,1072.611967,45867.76,1.63E-10,3.11E-10,6.57E-12
8031,3474.371149,21119.8864,3675.882349,1135.665371,8106.892872,70.64547212,76.44183707,4130.476633,3715.231925,2286.653988,1084.722009,48876.87,1.35E-10,1.90E-10,2.15E-12
8032,3385.616701,22582.09943,4077.807225,1662.061738,7910.644475,79.76042074,0.077599188,4000.392949,3364.752012,2316.139674,1079.647774,50459,1.63E-10,2.29E-10,8.38E-12
8033,3214.29712,22035.15147,4290.708415,2780.871256,7492.430649,79.74370616,0.076867747,3513.517342,2837.506058,2228.977077,1148.250036,49621.53,2.18E-10,4.74E-10,6.89E-12
8034,3099.166289,21347.03544,4038.058491,2495.461921,7230.335466,63.6761394,0.015056073,3270.073805,2429.72945,2200.323061,1111.644885,47285.52,2.43E-10,1.49E-09,9.60E-12
8035,3052.028085,20470.5893,3659.425451,1831.106237,7112.887359,63.28669036,0.013216726,2963.432348,2156.024172,2182.093041,1108.034099,44598.92,2.80E-10,2.07E-09,2.08E-14
8036,2994.882533,19362.03046,2751.74382,1081.335699,6973.327861,64.23403205,0.011054914,2790.517503,2055.971921,2169.343647,1091.961471,41335.36,3.08E-10,1.18E-08,6.38E-12
8037,3009.128706,16594.73266,2137.874726,1108.839552,7003.999825,62.35245266,0.011544968,2939.720953,2073.839429,2119.238226,1032.411926,38082.15,4.41E-10,9.80E-09,-5.81E-13
8038,2885.378183,14402.77755,1591.575643,954.2766138,6921.601296,61.80498294,0.010146622,2960.054395,1899.178117,1888.444276,1024.32,34589.42,3.95E-10,0.001203744,-5.05E-12
8039,2462.720745,12865.24611,1174.772558,716.7884146,7319.032581,64.1307494,0.016569593,3338.053542,2157.004645,2254.161612,1074.572476,33426.5,1.96E-10,7.74E-10,-3.05E-12
8040,2504.15954,12292.5275,899.3152912,893.4702713,7492.164577,64.12820895,0.01931764,2848.281395,2154.626653,2267.074992,1059.482252,32475.25,1.74E-10,6.41E-10,-3.39E-12
8041,2378.882345,11895.97243,703.6378575,589.8508102,7166.750862,62.3701174,0.014358603,2659.515573,1976.730758,2185.596719,993.5681673,30612.89,1.92E-10,2.55E-09,6.08E-12
8042,2359.825912,10548.58868,442.1757381,578.3472794,7137.885434,62.0637535,0.013648932,2670.718783,2045.088196,2126.715605,958.7969694,28930.22,1.96E-10,5.99E-09,-1.25E-12
8043,2352.810293,10472.4077,194.8715276,543.7905569,7065.080383,63.90929889,0.01316166,2473.144772,2084.215728,1896.009392,850.9571862,27997.21,2.10E-10,1.12E-08,2.76E-12
8044,2392.360101,10955.93712,224.5161229,551.1374931,7165.071661,64.69018235,0.015255181,2378.788163,2235.831375,1855.808217,386.9443134,28211.1,2.00E-10,1.43E-09,3.93E-12
8045,2537.158659,11603.78419,356.7364001,826.1181925,7552.443051,65.87991828,0.021239672,2414.101959,2581.005297,1392.800706,905.6203886,30235.67,1.50E-10,3.83E-10,2.14E-12
8046,2521.129968,12430.3867,715.8960243,1145.038321,7634.562359,65.22022273,0.022398427,2719.550559,2720.358656,1688.970943,933.9638463,32575.1,1.46E-10,3.27E-10,4.16E-12
8047,2591.03206,13993.22588,1393.729257,1283.882096,7849.5098,65.36992623,0.026027573,3157.542691,3053.549379,1795.509837,973.9430491,36157.32,1.30E-10,2.39E-10,2.82E-12
8048,2716.782144,15596.50102,1896.098684,1531.64663,8122.590968,69.47174185,115.2619817,3431.058929,3327.946086,2035.596326,645.9054866,39488.86,1.19E-10,1.83E-10,-3.47E-12
8049,2566.796122,16107.80702,2283.616689,1238.256866,7671.74647,76.40233605,633.8062934,3883.959652,3327.750261,2220.936299,1065.881997,41076.96,1.62E-10,2.63E-10,4.42E-12
8050,2479.306879,16691.62608,2543.220118,1245.194444,7321.470863,76.7937406,1143.195481,3802.483549,3286.334495,2195.607731,1061.74662,41846.98,1.95E-10,3.77E-10,-4.47E-12
8051,2593.924066,16976.76857,2611.122131,1238.770085,7398.605401,77.70316472,1262.378458,4204.437699,3559.202546,2198.104931,743.3229508,42864.34,1.85E-10,3.71E-10,-3.32E-12
8052,2517.049734,16753.27113,2589.390453,1096.948514,7292.608816,75.68239322,1274.195452,4408.695281,3565.748579,2196.628767,1036.01088,42806.23,1.87E-10,5.26E-10,-5.97E-13
8053,2599.495939,16891.07027,2766.737527,987.5557742,7333.168384,80.52236746,909.1965577,4569.996256,3694.251269,2275.76887,1070.746785,43178.51,1.61E-10,4.25E-10,-1.16E-11
8054,2742.833219,17862.96942,2944.742913,1044.609103,7543.996607,77.89536054,424.2075503,4625.592853,4029.622997,2334.706043,1012.183934,44643.36,1.35E-10,2.65E-10,-7.22E-12
8055,2930.388123,20362.39134,3560.228396,1227.004496,8138.746625,80.84607758,60.90367456,4913.600547,4520.946861,2410.275832,65.22802434,48158.85,1.11E-10,111.71,-4.69E-12
8056,2792.342963,21491.08895,4116.171791,1447.444879,7905.150501,80.08644506,0.080397639,4740.297566,4400.175084,2372.176122,158.7253046,49503.74,1.57E-10,2.38E-10,-2.04E-12
8057,2607.974978,20656.06491,3722.496061,2486.774576,7465.708116,85.6633377,0.078404363,4639.495943,4222.282227,2259.200879,326.9005662,48472.64,2.19E-10,5.04E-10,3.95E-12
8058,2675.595902,20693.36461,3813.039102,2129.460151,7600.858427,84.03158675,0.021710545,2690.628804,3382.321225,2316.857922,355.0505608,45741.23,1.74E-10,3.79E-10,1.61E-13
8059,2458.355864,17184.55932,3109.254414,1223.179915,7029.608443,74.59031253,0.012821818,4552.909848,4260.019856,2195.83521,577.1739907,42665.5,3.02E-10,3.44E-09,1.26E-13
8060,2424.255524,13913.93161,2541.909706,930.1411961,6943.982858,71.80865793,0.011421991,4551.150951,4562.200391,2225.403554,874.304129,39039.1,2.60E-10,1.47E-08,-3.80E-12
8061,2343.629831,11085.11645,1449.395584,938.1778183,6528.737645,70.33712518,0.008021936,4500.322867,4950.860266,2122.008414,811.24,34799.83,4.98E-10,0.004025367,3.83E-13
8062,1952.16052,8717.287719,983.9121699,819.0954824,6304.04466,69.19205391,0.005294817,4414.276286,4898.021046,1412.883223,860.71,30431.58,5.37E-10,0.00845422,2.17E-12
8063,1902.76036,6239.649131,895.5635802,581.0794822,6768.40081,70.6440233,0.01138241,4475.247228,5442.189004,1959.625728,874.18,29209.35,2.26E-10,0.000728942,3.36E-12
8064,1644.415864,5990.39919,824.4489662,516.5278284,7015.010038,69.72820429,0.014143715,4600.437627,5126.890053,1941.696305,852.8717804,28582.44,2.15E-10,2.42E-08,8.62E-13
8065,1815.251992,5210.725981,713.036831,447.0709903,6594.184583,65.08667252,0.007565374,4462.053921,5361.827388,1808.58,825.34,27303.16,3.21E-10,0.005925178,-2.20E-12
8066,1583.292906,4728.34231,632.7535272,397.3544248,6249.854426,62.72827299,0.004277904,4090.02015,5973.518581,1734.85048,822.66,26275.37,5.35E-10,0.009356201,-3.39E-12
8067,1461.977126,4876.503964,630.5119428,393.6872858,6433.486957,47.2043371,0.005652147,4242.844117,5847.145514,1711.2314,430.97,26075.56,5.62E-10,0.008294532,-6.05E-13
8068,1973.449392,6198.529673,826.4214388,442.9454694,7419.818304,38.12958058,0.018961651,4217.876057,5667.609538,1831.023544,462.4480409,29078.27,2.02E-10,8.28E-10,-1.02E-12
8069,3236.502957,9269.570319,1341.263828,753.5661681,9037.177087,44.39021654,0.044178481,4464.178044,6176.4983,2062.286026,655.8428769,37041.32,8.74E-11,1.15E-10,1.64E-12
8070,4107.945828,13980.22809,2551.559612,829.8231646,9976.202741,52.78536125,0.058879355,4794.077822,6225.131483,2450.757605,1225.709413,46194.28,6.38E-11,7.76E-11,-3.10E-12
8071,3710.160788,19957.74497,3143.803818,1314.237336,8517.42151,48.21244654,0.036001217,4112.780843,4990.573532,2284.124595,920.7841651,48999.88,1.06E-10,1.45E-10,1.03E-11
8072,3441.070236,23014.7536,3441.67279,1121.323844,7854.357213,38.70823656,163.8457458,3634.593913,4428.081677,2014.620791,616.6119598,49769.64,1.53E-10,2.44E-10,-3.92E-12
8073,3310.265414,22660.13197,3703.924292,1355.307391,7327.538587,39.5930789,658.5323299,3255.26574,4289.559409,2215.102874,671.0289174,49486.25,2.02E-10,3.60E-10,-1.96E-12
8074,3253.494112,22434.33737,3910.290889,1271.064916,7196.186075,38.6436101,1245.340561,3012.751442,3956.740651,2194.549134,695.3012373,49208.7,2.35E-10,4.32E-10,3.24E-12
8075,3218.962331,22462.11987,3694.017229,1008.662319,7143.185621,37.88027135,1860.185383,2898.426524,3830.921555,2176.096774,838.4021224,49168.86,2.55E-10,5.47E-10,-2.14E-12
8076,3149.540655,22357.40198,3634.921537,912.2596017,7079.172894,40.08739449,2140.476214,2753.986203,3667.039626,2155.493674,903.1202165,48793.5,2.92E-10,9.12E-10,-1.07E-11
8077,3245.152758,22268.58915,3620.157961,824.9555881,7500.487138,38.69478701,1939.13642,2952.796774,3763.097433,2241.156399,993.9855878,49388.21,2.17E-10,5.02E-10,7.72E-12
8078,3422.849809,22727.89495,4111.694038,896.6612731,7965.973832,62.38226688,1152.621754,3673.275353,3989.457494,2327.154336,1027.004892,51356.97,1.61E-10,2.73E-10,-5.25E-12
8079,3712.470592,25975.66213,4915.548395,1031.697713,8642.721256,79.43022456,218.3913744,3798.488279,4263.60686,2468.868872,931.104302,56037.99,1.12E-10,1.50E-10,6.46E-12
8080,3532.915928,26983.83293,5803.221499,1935.562029,8196.656105,84.99398049,1.113772199,3606.737638,3874.426705,2405.39748,1102.361931,57527.22,1.54E-10,2.10E-10,-6.59E-12
8081,3363.503553,26168.82388,6163.119224,3184.756746,7579.748367,83.58448412,0.065203475,3266.059902,3364.376013,2296.086698,1163.985926,56634.11,2.08E-10,3.75E-10,6.30E-12
8082,3230.475613,25552.40861,5397.143128,3227.019095,7235.08257,81.60288034,1.016600176,2860.062535,2952.889765,2271.491484,1128.867721,53938.06,2.31E-10,8.02E-10,-6.50E-12
8083,3233.010341,24855.19061,5278.004551,2205.390979,7148.661671,77.05857794,0.014891515,2416.123252,2734.040152,2255.98214,1118.542831,51322.02,2.67E-10,1.25E-09,1.44E-11
8084,3161.817111,22890.46292,4997.634405,1437.885581,6892.412282,73.01290713,0.010873985,2036.342722,2424.81012,2207.151901,1085.38,47206.92,3.20E-10,0.000818073,5.74E-12
8085,3035.174155,20349.64983,3727.262772,1047.157638,6757.404211,70.6931576,0.005906048,1733.11161,2167.485403,2070.431366,1025.21,41983.58,1.07E-09,0.006046257,2.32E-12
8086,2968.746326,17559.72866,2401.263035,868.8677395,6646.889025,71.55315991,0.003436196,1615.749829,1935.114469,2047.872801,1025.09,37140.87,1.18E-09,0.008486169,8.89E-12
8087,3287.806907,16066.32897,2001.461123,624.7027838,7266.677399,71.21685998,0.016254189,1138.60304,2023.652575,2305.990437,1041.353653,35827.81,1.88E-10,3.04E-09,-4.99E-13
8088,3315.102667,14659.56162,1925.515923,619.8734966,7287.211359,63.2651917,0.016778734,1637.277429,2378.766205,2323.798656,1098.12067,35308.51,1.94E-10,1.98E-09,5.51E-12
8089,3234.045417,14488.7168,1728.031627,544.521367,7123.459969,75.71769172,0.012705982,1421.255262,2187.202323,2289.927822,1075.4,34168.29,2.18E-10,0.000986655,1.01E-12
8090,3164.933838,14557.14892,1698.24382,496.7740364,7085.133012,73.56234503,0.010252461,1198.633316,1916.660534,2232.873618,1075.43,33499.4,2.75E-10,0.003691006,4.75E-12
8091,3210.962564,14431.18153,1717.673572,499.9096931,7245.644516,77.54449355,0.012775331,1073.898687,1865.662128,2237.021464,1075.21,33434.72,2.45E-10,0.00141845,2.83E-12
8092,3446.208391,15458.64131,1620.708198,521.5652192,7822.360506,58.85652192,0.022252568,1239.243337,2189.784188,2273.405944,1076.384134,35707.18,1.69E-10,5.57E-10,2.02E-12
8093,4074.746258,18500.82086,2230.870253,667.8270641,9157.498209,48.24495472,0.046109505,1757.498426,3074.100656,2460.946455,1136.49075,43109.09,8.74E-11,1.15E-10,9.08E-13
8094,4466.530999,23221.92304,4165.077471,876.2413773,10020.09435,53.23199149,0.059603194,2068.179143,3628.312429,2629.947442,565.0321496,51694.63,6.32E-11,7.87E-11,1.09E-11
8095,3808.664791,27095.24083,6186.804643,1176.825059,8375.090342,43.50715796,1.067606259,1524.54345,2673.708428,2380.506277,201.7414127,53467.7,1.09E-10,1.78E-10,-2.99E-12
8096,3479.077618,28050.20593,6392.30814,1084.366547,7689.51563,42.79268772,494.1657129,1203.606065,2130.423474,2260.467799,603.3503942,53430.28,1.63E-10,3.77E-10,1.29E-11
8097,3306.787242,26977.40049,5892.634357,1003.231385,7378.943864,36.4460284,1933.778661,956.3583272,1911.240797,2184.03042,615.3284274,52196.18,2.51E-10,2.07E-09,4.85E-12
8098,3300.909527,26661.51862,5737.579454,891.8513419,7392.882047,38.27525396,2900.658321,1027.401777,1787.108049,2176.702072,112.7835336,52027.67,2.64E-10,2.12E-09,-5.06E-12
8099,3387.871281,27146.55534,5627.449068,870.6056182,7651.849888,39.89449556,2763.305605,1183.817277,1959.676577,2204.982755,133.6120982,52969.62,1.95E-10,6.37E-10,-3.13E-12
8100,3408.24985,27572.44856,6281.082545,816.0582381,7646.027383,41.42226718,1902.960368,1228.578485,1947.798368,2241.674185,137.6797552,53223.98,1.83E-10,5.58E-10,-1.33E-11
8101,3440.588174,28486.7281,6505.665587,904.9989692,7701.231588,42.64527964,1144.952126,1273.443536,2039.985926,2309.755329,61.26538389,53911.26,1.66E-10,3.99E-10,-4.71E-12
8102,3575.752381,29619.94779,6665.423186,881.9932253,8148.4595,42.63242538,451.7176997,1422.588312,2260.522461,2396.985746,195.9172707,55661.94,1.31E-10,2.73E-10,-4.21E-12
8103,3682.450157,29955.73977,6682.586064,1605.363194,8480.160547,48.64610821,51.05028686,1499.709251,2377.168246,2477.758344,1062.058031,57922.69,1.19E-10,2.25E-10,5.10E-12
8104,3575.244831,30098.019,7079.909541,2345.970848,8162.640401,62.09340883,1.128872134,1321.169657,2102.271765,2407.412729,1080.648951,58236.51,1.53E-10,3.53E-10,-3.57E-12
8105,3500.623019,29814.19233,6698.601402,2932.682848,7952.482594,70.40461786,0.067294491,1204.812217,1958.672679,2343.795412,1128.645585,57604.98,1.78E-10,6.11E-10,-2.76E-12
8106,3487.984342,29058.47729,6702.043952,2673.873143,7936.531574,58.14322509,0.021309297,1183.07419,1911.117184,2383.158344,1122.695444,56517.12,1.61E-10,7.45E-10,3.84E-12
8107,3403.41118,28015.60456,6355.055276,1914.983243,7718.673201,75.17507534,0.017920069,1194.710794,1805.9851,2345.174366,1097.469285,53926.26,1.91E-10,2.21E-09,5.21E-12
8108,3262.753163,26139.01735,5275.041317,1081.583479,7278.325887,81.70687565,0.011189953,1076.415279,1506.204796,2215.685381,1075.59,48992.33,3.08E-10,0.004719805,6.73E-12
8109,3214.46064,23437.55811,2928.232379,985.2104918,7151.201602,91.2330625,0.00820361,991.6600476,1483.80423,2095.14022,1026.35,43404.85,7.42E-10,0.008987658,2.24E-12
8110,3136.82525,19587.77496,1990.129265,782.8053732,7003.913248,70.9231252,0.005929261,986.6569797,1543.002132,2080.945749,1026.56,38209.53,5.98E-10,0.012011045,2.25E-12
8111,3414.202797,17006.39239,1300.609535,512.0896387,7634.623822,78.67991609,0.015737533,1284.222272,2187.962505,2281.326223,1026.65,36726.77,2.08E-10,0.00484204,-2.75E-12
8112,3582.468803,15038.48166,1334.362929,533.3818758,7976.256693,80.93614542,0.020830494,1460.403449,2545.393337,2353.326874,1091.897397,35996.93,1.77E-10,3.48E-09,-3.46E-12
8113,3505.337185,14247.35071,1275.070154,463.8655371,7757.016126,78.54505592,0.017332771,1548.661207,2663.839815,2340.628442,1077.06,34957.39,1.83E-10,0.001562652,-3.39E-12
8114,3364.647967,13775.86136,1213.419874,425.4167843,7453.765549,42.54902193,0.012195653,1691.123293,2596.751973,2260.188387,1077.15,33900.88,2.43E-10,0.006405332,-4.33E-12
8115,3368.399552,12748.48586,1210.011067,422.8484617,7535.828805,43.57741323,0.012533513,1956.552767,2835.711356,2238.90792,1077.18,33437.51,2.42E-10,0.005730109,6.52E-13
8116,3722.268994,13311.36608,1033.032963,495.7358317,8541.172176,71.68671694,0.027115353,1528.438838,3080.073026,2321.418412,1069.349851,35174.57,1.42E-10,4.96E-10,1.82E-12
8117,4201.07249,14826.19781,1740.014849,645.4868955,9803.330993,89.53180441,0.04683886,3371.725535,5001.781056,2415.01347,317.0882554,42411.29,8.60E-11,1.18E-10,-2.25E-13
8118,4613.509203,19540.20804,3427.82187,824.5006945,10633.86886,88.49897905,0.059753608,4278.094617,5945.058258,930.0782067,214.9015191,50496.6,6.32E-11,8.21E-11,2.34E-13
8119,4025.049713,22625.5678,5237.612051,1119.630781,9184.38515,68.71415008,0.074126701,4195.659777,5435.062727,911.8538532,181.6598723,52985.27,9.96E-11,1.73E-10,4.32E-12
8120,3855.437429,23562.26546,5727.911082,1185.668778,8725.679638,66.16718242,47.04850782,4161.548154,5290.307283,1277.556642,50.28984761,53949.88,1.26E-10,2.72E-10,-4.74E-12
8121,3724.1805,23703.53184,5289.137096,1150.844865,8410.579933,64.14780927,248.8385413,4401.771958,5202.155216,1307.264808,136.8974341,53639.35,1.52E-10,3.94E-10,-6.64E-12
8122,3749.847743,23777.12174,5014.414942,1006.969954,8462.354941,65.46853965,542.3357844,4613.9647,5521.550745,1340.269686,141.8712223,54236.17,1.47E-10,3.63E-10,-9.14E-13
8123,3729.901288,23812.89462,4629.092758,913.597103,8414.037365,65.05507475,653.912784,4632.419059,5584.243856,2004.326311,238.839787,54678.32,1.48E-10,4.55E-10,1.04E-12
8124,3687.14946,24481.66589,4599.354707,929.2181008,8295.79787,65.56022668,598.6447081,4088.07359,5149.342924,2236.094504,240.668015,54371.57,1.57E-10,4.51E-10,1.06E-11
8125,3684.354556,24536.62721,5214.208904,999.2872247,8328.293827,67.79348077,436.5807901,3562.574742,4535.406282,2313.827147,243.1558422,53922.11,1.56E-10,4.47E-10,1.30E-12
8126,3810.731275,25706.87131,5402.316093,1119.142505,8615.182078,68.47222728,238.2613425,3491.457745,4150.193839,2383.400858,300.3707277,55286.4,1.36E-10,2.68E-10,2.70E-12
8127,3917.530663,26560.46021,6170.444789,1244.882568,8904.507729,60.64891519,67.99995704,3485.807136,3968.370298,2403.240769,1092.476967,57876.37,1.24E-10,1.97E-10,-9.41E-13
8128,3752.657092,26964.03702,6565.779208,2290.72219,8521.334698,87.14705985,0.102700979,3109.677807,3422.581058,2373.805116,1087.086052,58174.93,1.67E-10,3.19E-10,1.63E-12
8129,3635.798184,26290.60291,6367.441741,3078.539435,8263.069127,129.8463477,0.065006327,2967.139957,3132.879909,2311.956328,1140.821058,57318.16,1.97E-10,5.85E-10,4.15E-12
8130,3598.871205,25948.22799,6222.326806,2598.451552,8201.547891,102.1142685,0.020696962,2936.30796,2872.982638,2358.603433,1142.105559,55981.56,1.72E-10,6.12E-10,-5.13E-12
8131,3460.835979,24225.27708,5836.988252,1750.108794,7849.245659,83.52705821,0.015254129,2951.637484,2864.403851,2272.361761,1098.078823,52392.48,2.48E-10,4.75E-09,-3.79E-12
8132,3341.844297,22324.59243,4743.518541,859.2966934,7567.321733,73.94929504,0.010797269,2583.074321,2638.668062,2206.188032,1085.85,47424.31,3.21E-10,0.004205311,-1.76E-12
8133,3258.911533,19904.9205,3146.069471,861.136122,7424.53957,68.80754245,0.008709316,2163.970927,2343.599802,2110.463215,1025.21,42307.63,6.31E-10,0.007392364,-1.12E-12
8134,3203.457393,16923.30078,1973.234573,786.039808,7265.241759,68.28149504,0.006179841,1882.162913,1956.649659,2066.406729,1024.86,37149.63,7.65E-10,0.011293485,-6.75E-12
8135,3396.008863,14579.32119,1387.394852,475.39381,7775.603986,71.43895939,0.014169447,2184.929584,2279.930973,2256.446225,1024.84,35431.32,2.30E-10,0.002610627,2.60E-12
8136,3569.374752,12627.77706,932.8729559,550.8673788,8204.078227,76.7470839,0.020827682,2560.307386,2706.520366,2390.501899,1059.522067,34678.59,1.59E-10,1.19E-09,-5.46E-12
8137,3443.848767,12377.35964,432.3407998,534.5980981,7875.711545,74.30382228,0.015608689,2279.196334,2855.676467,2337.740399,1024.91,33235.7,1.85E-10,0.001479237,9.84E-13
8138,3367.548748,11568.42977,288.6112236,443.7799197,7755.653682,71.66816208,0.013525684,2193.878784,3061.603567,2283.686672,1024.72,32059.59,2.21E-10,0.004049524,-8.66E-13
8139,3332.015149,10959.35225,153.0958955,436.2316194,7678.528037,69.8638025,0.012165566,2186.727786,3374.349793,2225.110257,1024.69,31439.97,2.58E-10,0.006753043,1.34E-12
8140,3564.443414,10631.85813,229.3338193,492.2962672,8268.041644,73.98855524,0.021343067,2267.944697,4289.998552,2261.525103,1035.548477,33115,1.78E-10,3.53E-09,6.14E-12
8141,4168.724282,12145.90244,541.1852386,634.5474861,9743.914414,56.0206042,0.044544741,3235.236252,5847.906967,2496.609508,990.5382674,39860.63,8.99E-11,1.39E-10,3.74E-12
8142,4493.810698,15872.88754,1754.321119,883.6914501,10520.907,81.9065796,0.056605863,4154.680131,7306.221694,1875.429107,399.778073,47343.69,6.69E-11,9.16E-11,1.61E-11
8143,3913.342144,18673.20858,2174.401891,1053.231537,9129.844316,80.20410612,0.069903936,3919.339461,7597.314812,2415.248844,184.924409,49141.13,1.06E-10,2.09E-10,-9.11E-12
8144,3743.00033,19895.57884,2417.962392,1007.949311,8681.070762,78.43501011,44.23809958,3923.693875,7368.885803,2338.737719,32.08785349,49379.03,1.38E-10,152.61,4.43E-12
8145,3860.227141,20978.66386,2628.919157,1093.74877,9060.070101,54.61415851,319.8577512,2790.563836,6237.271067,2113.988898,63.32526328,49058.49,1.13E-10,142.76,1.51E-12
8146,3541.942018,19555.83337,2511.311395,772.0953085,8402.517902,50.65245358,538.1499534,4325.765437,7969.890862,1249.457231,28.18406519,48844.18,1.69E-10,101.62,4.04E-12
8147,3477.429412,18772.29677,2712.189216,791.7515433,8292.214728,67.2579002,863.2789653,4432.737835,8400.473943,982.6700395,27.32964903,48718.28,1.73E-10,101.35,6.57E-12
8148,3352.735206,18350.92837,2544.670264,728.5766115,8190.602492,80.97705079,874.813428,4428.45293,8550.532667,1512.718944,21.96203426,48535.78,1.89E-10,101.19,2.20E-12
8149,3310.068766,18320.53828,2628.174612,786.2370472,8262.35714,66.29026775,625.9216223,4426.275543,8304.214207,1896.445324,28.46718786,48513.01,1.75E-10,141.98,-4.26E-13
8150,3413.829379,19357.39502,2833.325912,920.8603808,8552.3624,53.79415899,292.5059606,4686.255762,8359.305425,1630.408528,47.90707082,50007.4,1.49E-10,140.55,8.61E-12
8151,3922.890181,22651.07194,3765.427581,1139.468244,9725.289586,77.22933779,45.96018837,3351.226864,6608.829005,2667.42985,308.3172262,54263.14,8.73E-11,1.20E-10,-1.10E-11
8152,3444.631134,22100.3758,4276.202274,1269.571123,8631.829793,92.44722609,0.079761925,4692.376806,7642.140009,2409.692973,894.543098,55453.89,1.58E-10,2.83E-10,-4.22E-12
8153,3287.726319,21525.00891,3758.443881,2661.522874,8180.499258,83.80440394,0.058646125,4285.564588,6907.146981,2290.981797,1132.91234,54113.67,2.26E-10,7.11E-10,1.05E-12
8154,3279.953212,21648.32166,3350.082573,2234.299704,8133.002105,82.89937282,0.018824478,4067.186937,6287.857602,2332.995174,1135.46283,52552.08,1.96E-10,7.46E-10,4.15E-12
8155,3226.607292,20211.50729,3178.39317,1961.721189,7924.251369,90.55060228,0.015682434,3879.346097,5708.336584,2293.201079,1115.07964,49589.01,2.44E-10,1.54E-09,6.98E-12
8156,3131.314891,18664.8124,3023.556481,1068.652197,7657.170282,75.85604664,0.011620418,3517.441482,4658.231247,2242.584155,1085.6,45125.23,3.22E-10,0.000801365,2.31E-12
8157,3010.989938,16262.14469,1824.778521,1101.969902,7396.785466,73.43644152,0.007468757,3074.152328,3968.481099,2095.948723,1025.05,39833.74,1.02E-09,0.004581145,4.50E-12
8158,2884.804135,11902.70002,1169.540756,817.6297553,7297.944062,71.47475508,0.006074747,3239.234959,4348.951084,2079.562195,1024.1,34835.94,8.63E-10,0.007795039,7.90E-12
8159,2575.347164,9212.664285,857.0237037,755.2036538,7889.058935,77.63126498,0.01522269,3780.767149,4878.865305,1899.362497,855.9708215,32781.91,1.99E-10,1.37E-09,9.95E-12
8160,2514.885453,6880.082969,757.6125697,509.4318261,8205.865684,79.1303245,0.019982629,4043.294685,5630.743045,1965.836035,872.8274256,31459.73,1.67E-10,7.73E-10,-4.55E-12
8161,1866.658105,5899.818968,677.6557119,446.0562471,7705.974418,76.02385633,0.012236684,4318.179963,5816.22741,1775.775656,773.37,29355.75,2.25E-10,0.002571688,-2.89E-12
8162,1775.85389,4770.555862,608.9782593,395.9548755,7491.155128,73.76291457,0.008902644,4468.191388,5764.711524,1699.473512,773.42,27822.06,3.25E-10,0.006255813,-1.37E-12
8163,1903.938677,4629.222772,609.2220687,396.8541244,7517.524252,72.88595987,0.00934218,4428.651449,5145.206801,1680.520215,562.37,26946.4,3.25E-10,0.005660347,1.47E-12
8164,2296.57736,5645.041599,722.6707729,462.6341938,8265.307966,78.6534045,0.020930068,4627.695515,5889.365508,944.7858351,37.39691608,28970.15,1.79E-10,7.01E-10,3.90E-12
8165,3117.865835,7601.781599,986.2802574,649.195565,9664.176996,88.03756129,0.042815302,5416.617909,7495.255602,532.1121808,180.8536792,35732.22,9.03E-11,1.25E-10,3.41E-12
8166,3509.929616,11395.10537,1452.52698,906.618884,10313.66345,88.14657914,0.052828948,5885.751525,8561.806004,1384.827659,346.8511115,43845.28,7.31E-11,8.89E-11,-1.87E-12
8167,2938.853175,15017.67502,1545.325219,868.8452288,9034.723773,79.55978415,0.032965644,5355.06608,8870.538957,2333.463871,608.4559262,46652.54,1.17E-10,1.81E-10,7.73E-12
8168,2782.78604,16249.41999,1944.31123,994.6878131,8597.156019,77.63276842,63.58597664,5133.521512,8664.595054,2354.895348,815.5782433,47678.17,1.52E-10,2.63E-10,-7.76E-14
8169,2642.908651,15927.0613,1654.116779,1176.979734,8227.006125,77.65505869,366.0637935,4899.645018,8866.447943,2275.859953,1121.26564,47235.01,2.06E-10,4.65E-10,-1.42E-12
8170,2521.47715,15181.44773,1558.370542,1021.914734,7947.683598,80.00021439,859.0529793,4705.252674,8859.632657,2200.02593,1058.721788,45993.58,2.85E-10,9.98E-10,4.40E-12
8171,2480.759085,14304.45178,1277.361092,805.0314967,7743.515634,73.42497651,2177.171488,4358.378378,8902.726448,2161.446248,1086.583372,45370.85,3.41E-10,1.79E-08,6.18E-12
8172,2460.419621,13553.83227,1143.949889,822.5874403,7713.104077,80.46756058,2343.493634,4376.070812,8878.122597,2168.350695,1024.55,44564.89,3.42E-10,0.058592716,-5.96E-12
8173,2505.047686,13440.38093,1157.971338,773.5409237,7869.303598,82.79367951,2060.236464,4716.896138,9110.668489,2226.956951,1034.523805,44978.32,2.87E-10,2.00E-09,5.84E-13
8174,3087.201264,16003.11426,1657.302527,1167.829156,9062.886904,87.72648101,1241.0068,3316.893785,7480.938282,2513.614703,1144.225835,46762.74,1.17E-10,1.68E-10,-9.79E-13
8175,3064.425545,17153.77242,1980.282799,956.6571112,9054.651683,87.34362432,178.8288107,5361.920267,9753.034551,2545.443876,1145.879311,51282.24,1.23E-10,1.66E-10,1.87E-12
8176,2882.636157,19085.53895,2329.360814,1360.572319,8594.311967,84.10267597,0.07816833,5167.979137,9636.785764,2429.340755,1128.293292,52699,1.72E-10,2.63E-10,2.31E-11
8177,2653.588975,18448.82802,2179.886572,2068.981283,8024.084348,83.97033798,1.068894032,4935.056806,9472.365889,2279.789276,1133.029596,51280.65,2.76E-10,8.05E-10,-4.36E-12
8178,2607.65717,17255.00765,1859.355977,1533.120041,7726.907574,87.81787551,0.012508601,4770.440714,9182.550434,2232.892073,1098.527985,48354.29,3.44E-10,4.18E-09,-5.68E-14
8179,2589.578948,15407.90033,1525.295252,1011.051224,7654.908234,80.55780244,0.011627389,4763.424937,8984.614307,2231.322969,1091.744368,45340.41,3.45E-10,1.27E-08,-5.10E-12
8180,2530.618765,13329.28452,605.3290542,947.4677916,7475.102591,73.47171401,0.008712921,4625.382548,8286.153554,2188.352929,1085.32,41146.49,4.44E-10,0.002176283,-8.28E-13
8181,2475.695842,10116.75592,456.5679207,935.331839,7321.68395,72.2533714,0.006730019,4469.995165,7896.134657,2075.009784,1024.84,36844.27,1.46E-09,0.005180756,7.83E-12
8182,2368.883787,7063.76959,402.9361621,824.698997,7254.976374,71.6646657,0.005997817,4296.969381,7526.389193,1981.123608,973.22,32764.63,8.82E-10,0.007755143,-2.68E-13
8183,1849.394118,5892.422964,484.9569405,640.6660711,7679.650559,74.65623534,0.012634052,4526.063274,7733.959393,1640.009147,737.5686645,31259.36,2.38E-10,4.31E-09,-2.70E-12
8184,1711.181787,4986.736282,474.6965877,532.7286336,7831.339412,74.88028744,0.014924853,4569.969493,7628.769753,1670.931035,709.5018052,30190.75,2.25E-10,7.97E-09,-3.89E-12
8185,1371.096792,5197.206366,407.3954451,434.9232128,7436.928081,73.40130109,0.008796908,4400.690144,7241.942293,1587.683294,218.7,28369.97,3.35E-10,0.005725979,-3.50E-12
8186,1423.470922,5176.483787,388.5019804,408.2301127,7276.508079,71.58164683,0.006228952,4338.666849,6792.307863,1551.215559,3.86E-10,26985.39,4.22E-10,441.5830269,0
8187,1557.184537,4862.662934,360.3017436,412.7466069,7101.134334,69.95671451,0.003475515,4351.349785,6508.950742,1227.359214,2.88E-10,25887.91,6.86E-10,563.7400861,-2.27E-13
8188,1353.850277,4648.462828,405.2618652,457.1060773,7564.355199,73.77635559,0.010521595,4641.85852,6842.799769,1001.128655,7.33E-10,26428.6,3.10E-10,560.0100685,2.61E-12
8189,1585.38852,5693.893699,515.1417742,541.1135295,8304.541886,77.13235683,0.022000705,4957.026291,7066.981489,1349.930505,42.21794985,29576.12,1.55E-10,557.27,3.07E-12
8190,2129.453394,7546.204136,747.1493037,622.4245232,8768.291146,78.86871027,0.02909728,5202.473011,7387.945545,1726.044704,68.52642884,33785.86,1.29E-10,491.55,5.06E-12
8191,2405.66505,9684.366303,1029.407027,784.0317921,8764.485674,80.82469447,0.029068028,5282.997105,7684.146985,1785.207433,456.8088692,37957.97,1.32E-10,2.34E-10,4.87E-12
8192,2373.768611,11555.92089,1065.304571,873.2101839,8481.167411,80.95305201,213.1906419,5141.837802,7702.777374,2145.107241,918.3622248,40551.6,1.69E-10,2.94E-10,1.91E-12
8193,2112.094649,11795.14656,966.6746265,762.1822673,7861.660567,75.75369925,1134.777092,4844.037194,7739.434285,2213.563081,1056.625981,40561.95,2.99E-10,1.44E-09,-9.67E-13
8194,2081.635665,11539.26709,887.2757445,751.6878727,7741.134404,74.08399461,1935.767685,4789.72072,7903.879916,2169.314907,1088.632006,40962.4,3.76E-10,5.13E-09,8.91E-12
8195,2157.859146,11907.61021,852.3935013,1136.713619,7891.014928,81.63068277,1969.374505,4782.461913,7814.179865,2215.105359,1088.956269,41897.3,2.67E-10,1.15E-09,1.74E-12
8196,2206.009072,12984.89002,1013.161118,1607.686546,8054.749805,85.48475062,1458.527104,4750.108588,7194.605952,2306.691495,920.4255455,42582.34,1.92E-10,6.15E-10,6.11E-13
8197,2224.199524,13801.00792,1123.56635,1735.724492,8106.492292,82.77908621,927.2284431,4687.411964,6876.092595,2358.837033,942.6603021,42866,1.74E-10,5.16E-10,-6.00E-12
8198,2353.246381,14926.90236,1427.34116,1924.55354,8426.167461,80.76298125,513.6464677,4508.503684,6450.067964,2422.145906,1088.682096,44122.02,1.46E-10,3.07E-10,-1.80E-12
8199,2587.303181,18093.16417,2233.097913,1447.78881,9055.718694,80.47264445,99.5362966,4667.817182,6674.278129,2595.899676,722.7533041,48257.83,1.13E-10,1.64E-10,-4.86E-13
8200,2412.403326,19531.89564,2410.31865,1994.205077,8605.641557,78.03148846,2.132232053,4731.900157,6440.954854,2450.076322,1138.7207,49796.28,1.64E-10,2.39E-10,-2.48E-12
8201,2208.504145,18672.88095,2774.604202,2481.605534,8074.726127,79.10386719,0.072698293,4798.543614,6010.555432,2305.262828,1154.390604,48560.25,2.50E-10,5.39E-10,-3.87E-12
8202,2090.805873,17482.5825,2266.313051,2196.982053,7755.498276,76.86172308,0.01340654,4625.178588,5799.520941,2253.94062,1105.72297,45653.42,3.11E-10,2.38E-09,-2.16E-12
8203,2269.491037,17359.31352,2063.543033,1581.029698,8223.275018,79.64989246,0.020557067,2838.091996,4795.357087,2393.421523,1171.496641,42774.69,1.89E-10,4.55E-10,-3.39E-12
8204,2039.45228,13911.22625,877.7607701,1403.087325,7614.517055,74.15958341,0.011364418,4598.967806,5516.874401,2233.233665,1085.31,39354.6,3.42E-10,0.000496383,1.06E-11
8205,2032.21792,11551.1811,279.5451837,1340.957665,7630.950633,75.27999648,0.011537237,4637.189433,5405.806868,2183.210877,1024.54,36160.89,4.46E-10,0.001215742,-6.14E-12
8206,2004.684348,9178.433383,214.5472087,1102.770315,7547.696304,73.28457656,0.010302585,4600.208872,5159.306186,1983.501936,922.88,32787.32,3.43E-10,0.003432074,-2.24E-12
8207,2161.43982,7909.863205,254.3163493,942.4855246,8032.527309,78.79654011,0.017845521,4772.600871,5271.775758,1690.731682,623.9450951,31738.5,1.65E-10,7.91E-10,9.84E-13
8208,2208.726101,6948.426689,257.7130618,760.8542695,8216.867173,92.45260148,0.020548848,4817.499624,5219.713279,1719.689442,617.0672098,30859.03,1.60E-10,8.85E-10,-4.19E-12
8209,2084.58735,6788.730982,197.4547898,645.4825251,7864.260664,78.27405352,0.015104322,4603.730709,5130.909865,1454.394195,478.66,29326.5,1.90E-10,0.000238435,-4.25E-13
8210,2054.122395,6060.288979,174.6796481,566.9752191,7787.70539,72.98734804,0.013988351,4475.369741,5027.695047,1434.32527,478.13,28131.71,1.99E-10,0.583025547,3.26E-12
8211,2032.979813,5427.081003,166.8240413,547.3494119,7718.61021,73.21107648,0.012876923,4401.954623,5105.9214,1393.886337,477.81,27344.18,2.21E-10,1.460792566,-6.18E-13
8212,2156.734569,5690.207994,176.2503982,558.305627,8079.060545,74.93565647,0.018230563,4362.681483,5494.439652,876.512345,399.6535001,27868.8,1.72E-10,1.24E-09,-1.53E-12
8213,2252.196731,6350.596058,233.2265626,619.1732742,8311.826054,74.9039213,0.021764314,4499.151204,5968.106487,1453.886106,31.3918366,29794.48,1.52E-10,5.21E-10,1.24E-13
8214,2391.197631,6964.657901,432.6486293,664.0742808,8646.122165,75.70138747,0.026971235,4447.72203,6250.096954,1849.502883,779.3891667,32501.14,1.30E-10,2.65E-10,-2.36E-12
8215,2537.684142,9165.324999,688.9184269,799.299517,8932.26509,78.98353542,0.031217843,4572.062213,6581.156951,1873.812252,908.5616547,36138.1,1.17E-10,1.95E-10,-5.70E-12
8216,2592.867739,11424.54233,782.6383423,1089.813435,8887.410498,79.96628937,155.6923649,4666.250683,6360.423578,2293.302603,1003.682137,39336.59,1.21E-10,1.89E-10,2.25E-12
8217,2688.646839,12610.19423,637.7081438,1337.358688,8370.967804,75.58359409,1067.697887,4582.765542,5945.382758,2278.606242,1038.288274,40633.2,1.65E-10,3.04E-10,-3.38E-12
8218,2649.341525,12857.71288,467.9986663,1223.884357,7902.263594,74.29429353,2067.415387,4520.742725,5574.01577,2205.856332,1054.634473,40598.16,3.15E-10,7.37E-10,-4.18E-12
8219,2629.794802,13243.0393,429.6858754,1152.09878,7828.804198,74.95826019,2855.906227,4388.473958,5350.376328,2202.151989,1102.070284,41257.36,3.00E-10,8.59E-10,5.94E-12
8220,2672.419115,13740.37708,451.2496056,1146.566469,7861.623654,66.55606067,3011.116987,4356.642063,5276.369568,2261.034527,1054.734868,41898.69,2.42E-10,7.16E-10,-4.87E-12
8221,2784.318474,14603.60327,551.0562194,1186.99765,8106.080946,73.39222104,2257.203057,4571.870786,5463.672682,2362.111602,1078.43309,43038.74,1.85E-10,4.12E-10,-7.58E-12
8222,3016.705185,16724.38554,878.3420803,1238.749369,8686.156891,83.18582624,1149.68544,4751.575725,5648.986806,2525.744775,1132.852362,45836.37,1.24E-10,2.08E-10,2.44E-12
8223,3269.310831,19786.19075,2083.921812,1590.636917,9269.409153,105.3555004,166.3601205,4726.92431,5799.042006,2695.506229,1188.372369,50681.03,9.96E-11,1.40E-10,8.85E-14
8224,3142.299166,21738.19291,3256.572615,2307.938366,8721.473447,96.1405317,0.139542552,3978.95599,5323.07065,2472.87307,1169.263716,52206.92,1.55E-10,2.18E-10,-1.99E-12
8225,3160.920687,21371.76961,2955.631819,3202.648591,8069.542328,80.9383871,0.072281492,3562.09607,4670.636531,2292.065045,1154.748647,50521.07,2.63E-10,5.60E-10,-7.69E-13
8226,3403.190937,21007.7114,2633.000133,2738.17242,8001.619347,75.58488237,0.016936963,3298.272097,4620.801742,2321.710583,1142.679521,49242.76,2.36E-10,7.02E-10,1.50E-11
8227,3351.945909,19902.81162,1896.373213,2210.231493,7889.972308,78.72921505,0.015371369,3468.585223,4611.724999,2296.539672,1123.080972,46830.01,2.59E-10,1.19E-09,-1.13E-11
8228,3211.1756,18375.12994,1138.459529,1199.247159,7549.179652,72.81845624,0.01020727,3563.301002,4452.051339,2225.628497,1085.39,42872.39,3.53E-10,0.001385303,-1.83E-12
8229,3120.446708,16069.28429,218.2211195,1043.357138,7357.274114,70.90072125,0.007325443,3457.115214,4295.748058,2103.350598,1024.96,38760.66,9.17E-10,0.005281873,3.81E-12
8230,3025.834929,12896.32016,100.4001253,1045.83729,7175.893192,68.97688241,0.004593955,3137.18333,4087.457194,2076.561354,1024.57,34639.03,1.25E-09,0.009055163,1.47E-12
8231,3176.154211,11262.48798,129.7444945,751.6513814,7537.393205,70.44148907,0.010049125,3211.978221,4218.059922,2049.221086,925.41,33332.55,2.62E-10,0.002041052,4.07E-12
8232,3349.879607,11748.62813,189.1994431,751.9172871,8217.124969,77.01940138,0.020279442,1937.342124,3326.392425,2220.965914,973.8904208,32792.38,1.53E-10,7.51E-10,5.79E-12
8233,3047.526222,10538.50239,91.49997874,652.9184693,7367.815142,68.86134222,0.007478989,2972.831747,4062.894574,2016.58986,925.74,31745.18,3.18E-10,0.007198654,-1.06E-11
8234,3106.184543,9600.513776,98.38209978,543.3348165,7496.572134,71.79368613,0.009513442,3208.44079,4063.680141,2041.989899,925.68,31154.3,2.76E-10,2.281399329,5.71E-13
8235,3122.476289,9662.58415,115.5555021,544.7211582,7553.00893,72.13170052,0.01025368,3299.092781,3757.921474,2018.579701,925.8,31069.16,3.02E-10,2.721939264,5.23E-12
8236,3369.260441,10410.87816,246.0509996,591.8206916,8270.828926,78.20925518,0.020942119,3549.432148,4001.30895,2121.265381,959.3441094,33598.42,1.74E-10,6.02E-10,-1.16E-11
8237,3957.505147,13807.17983,699.4898245,771.4455044,9895.340842,86.31726364,0.045452829,4034.543917,4691.390492,2143.425531,1146.846197,41233.53,8.52E-11,1.15E-10,-4.07E-12
8238,4352.110716,18613.81596,1785.438886,931.7395491,10853.12806,93.49549943,0.060065618,4444.534121,5118.748728,2808.911945,1241.006475,50242.99,6.37E-11,7.68E-11,4.97E-12
8239,3811.575361,23244.13949,3835.075621,1227.283939,9353.02903,95.93553162,0.037451756,3676.170825,3935.361374,2597.742572,929.9088044,52706.26,1.00E-10,1.46E-10,-5.90E-12
8240,3536.449719,24602.99909,4942.32911,1326.342558,8615.138617,91.82289725,184.6164975,3318.902562,3178.571289,2439.946996,612.0206631,52849.14,1.48E-10,2.49E-10,9.64E-12
8241,3383.429228,24209.5806,5281.956369,1209.085873,8138.385277,84.47586316,1080.932904,2884.088034,2676.705031,2330.814431,372.5163888,51651.97,2.11E-10,4.30E-10,-1.00E-12
8242,3371.532279,24481.76347,4850.332806,1327.544462,8097.058956,80.4584929,1801.775242,2564.314817,2459.733661,2044.033293,507.8925241,51586.44,2.29E-10,4.46E-10,-6.02E-12
8243,3458.641687,25320.26542,4849.832388,1192.236399,8311.838564,77.54472512,1951.161859,2289.719336,2429.070505,2117.116883,760.0122352,52757.44,1.83E-10,3.05E-10,1.40E-11
8244,3481.610774,25467.28884,5626.151602,1028.559433,8216.845452,78.28531994,1806.149012,2128.662786,2282.984605,2113.042377,1057.809801,53287.39,1.93E-10,3.52E-10,8.53E-12
8245,3534.292569,26175.24504,5677.385115,938.779894,8330.389418,78.93908698,1354.090172,1970.016776,2190.28329,2417.018589,1102.780049,53769.22,1.74E-10,3.14E-10,1.78E-13
8246,3682.784012,27329.19133,5974.948848,1001.682935,8710.022317,82.14129026,643.387258,2165.50721,2255.280666,2504.362316,1091.281819,55440.59,1.39E-10,2.13E-10,4.15E-12
8247,3812.636344,29379.50643,6273.481793,1425.953661,9039.806995,88.05435521,109.1906256,2198.22883,2367.864862,2592.502455,846.9636456,58134.19,1.22E-10,1.71E-10,-2.22E-12
8248,3620.569358,29023.0358,7152.161581,2312.115419,8542.845128,84.15970875,0.100791241,1980.656521,2209.568886,2423.730405,864.206405,58213.15,1.74E-10,2.92E-10,-7.12E-12
8249,3557.479553,28520.38444,7105.885737,2961.427984,8354.910557,116.3189425,0.022521382,1768.466948,2147.414054,2382.939033,1182.40023,58097.65,1.94E-10,3.76E-10,1.16E-11
8250,3524.234384,28087.80478,7104.964357,2749.137217,8230.364483,89.59232893,0.020698339,1499.447847,2002.845755,2423.938024,1164.680129,56877.03,1.74E-10,4.91E-10,-1.09E-11
8251,3425.630011,27223.04918,7011.299993,1687.432065,7970.642804,91.90658765,0.016864855,1323.6698,1939.992537,2343.153937,1127.996219,54144.79,2.19E-10,1.04E-09,4.17E-12
8252,3226.909201,24996.28538,6176.992098,946.2471765,7549.78078,71.23945334,0.010756989,1025.998856,1884.316091,2226.591363,1085.37,49189.74,3.52E-10,0.00115775,5.71E-12
8253,3051.490386,22513.1664,3732.071205,887.373701,7201.150223,70.94740923,0.005787991,853.4511927,1886.877659,2055.573047,1025.05,43277.15,2.29E-09,0.007012885,-3.46E-12
8254,3041.161152,18801.27391,2498.436878,758.7639949,7147.377013,69.42339153,0.005163487,798.3143263,1940.548242,2105.285442,1024.65,38185.23,8.62E-10,0.009511928,-5.11E-12
8255,2903.179563,17029.92265,1413.892492,694.0543301,7792.079928,74.9638456,0.015188789,1078.931512,2459.052693,2308.291835,1042.485967,36796.87,2.19E-10,2.64E-09,6.59E-12
8256,2792.774099,16053.79183,1337.947231,604.1299663,8037.108557,76.58873692,0.019190148,1104.484852,2704.236316,2385.180982,1136.168243,36232.43,1.71E-10,7.30E-10,1.93E-12
8257,2663.140516,15786.58525,1368.521439,524.363206,7691.495668,75.43770224,0.014277916,935.2955587,2653.38274,2332.886679,1087.716965,35118.84,1.95E-10,5.52E-08,3.31E-12
8258,2614.630784,15790.55696,1087.286224,485.9618303,7493.213244,73.07239051,0.011352152,832.8330306,2478.134579,2288.721358,1085.91,34228.97,2.28E-10,1.361749115,3.17E-12
8259,2688.335551,15158.7809,1062.475818,485.7223204,7618.180784,75.0390168,0.01311422,883.4808462,2603.695907,2285.62387,1085.98,33946.23,2.24E-10,1.098129049,2.87E-12
8260,2958.416874,15424.29581,1031.842045,534.7953676,8314.00298,62.78825624,0.023772856,1149.254691,3126.490849,2341.944125,1069.69523,36013.55,1.50E-10,4.79E-10,3.85E-12
8261,3689.439838,18955.53653,1621.360996,761.4127409,10367.91626,55.93417251,0.054558931,1718.928343,3706.418168,1225.272371,1136.176023,43238.45,7.16E-11,9.03E-11,5.44E-12
8262,3870.610749,23983.24281,3475.432683,876.850261,10769.70075,59.30165169,0.060427899,2257.021181,4895.090149,720.8862135,304.8231256,51202.02,11,7.82E-11,5.71E-12
8263,3380.912125,26763.18818,5077.656438,1344.955412,9342.765113,49.00841737,0.03912182,1717.469232,4429.287623,2154.760216,112.1281185,53853.45,9.31E-11,518.72,1.36E-11
8264,3541.647787,26784.69224,5149.145822,1561.812209,8659.148301,43.7128071,159.2998312,1456.599632,4277.478851,2518.346236,67.10628294,53959.98,1.27E-10,259.01,1.42E-11
8265,3488.726084,26138.54028,5309.726331,1262.090249,8266.046554,77.88034327,839.7024314,1257.436301,4190.089867,2422.424021,46.29753847,52857.32,1.62E-10,441.64,-3.81E-12
8266,2732.346875,18121.55179,2651.289223,971.1528971,7249.817325,60.73501545,3094.734383,4154.995306,8784.533575,3727.09398,563.1596272,52111.36,2.93E-11,0.05,-1.83E-12
8267,2674.67589,17677.1477,2503.749841,915.7857668,7065.342145,60.86329461,3842.47122,4060.099202,8892.925695,3174.034721,1113.374525,51980.47,3.00E-11,3.51E-11,-6.85E-12
8268,2640.245507,17722.49041,2632.826718,912.7408945,6990.245292,62.35972846,3708.727429,4004.738092,8448.329957,4071.104865,719.1111036,51912.92,3.03E-11,3.55E-11,-7.59E-12
8269,3179.75219,22306.41508,4209.0314,912.0527684,7919.187369,72.0884032,2340.154856,2740.996544,6486.181977,1980.419464,443.5799465,52589.86,4.91E-11,6.41E-11,-4.14E-12
8270,3684.871339,26486.1227,5614.970726,948.3889388,8750.998312,80.73681314,808.9377407,1592.758134,4891.730494,1409.925844,191.5189552,54460.96,1.25E-10,2.60E-10,9.69E-13
8271,3853.069064,27701.70713,5881.24291,1167.027941,9183.346133,87.65732339,89.7432711,1684.019778,5170.619002,2664.749861,222.3075847,57705.49,1.06E-10,1.90E-10,-5.20E-12
8272,3626.476919,27249.9668,6747.948502,1911.659176,8535.547563,83.2622208,2.161851292,1417.211275,4887.672862,2472.959586,827.4632408,57762.33,1.55E-10,4.80E-10,-1.73E-12
8273,3555.018681,26846.29326,6418.891232,2446.753057,8277.832144,84.2657152,2.071724013,1466.969456,4960.448071,2428.382264,1027.004394,57513.93,1.72E-10,7.63E-10,3.41E-12
8274,3523.417267,26316.60868,6293.623755,1809.616352,8123.669445,94.07625043,0.022174139,1524.21069,5128.426906,2468.632652,1018.285828,56300.59,1.56E-10,1.16E-09,3.31E-12
8275,3340.698398,24118.84267,6100.726587,1324.038295,7660.719375,74.88015592,0.015281118,1493.896565,5077.207029,2272.149347,1048.4,52511.57,2.17E-10,0.003703585,-5.45E-12
8276,3145.897205,21492.53464,4535.343884,950.0894097,7314.364362,71.83375239,0.010079281,1521.920191,5048.679934,2188.874703,1082.77,47352.31,3.52E-10,0.008158934,8.57E-14
8277,3013.127656,19127.6133,2435.881184,839.6106656,7072.241622,68.54808347,0.006610587,1529.752043,4870.131354,1849.478876,1023.06,41829.44,1.10E-09,0.011391198,9.63E-12
8278,2985.379153,15349.66384,1732.014767,814.8154465,7029.632113,68.92458032,0.005857583,1605.11154,4733.947474,1439.528295,1022.69,36781.7,7.32E-10,0.013061795,-8.37E-12
8279,2603.205435,12991.32813,1369.537889,443.0302769,7641.513281,74.97965544,0.015052271,1844.567947,4943.475332,2314.190502,1023.03,35248.87,2.13E-10,0.003505302,-7.97E-12
8280,2087.928726,12216.33809,1438.592848,456.3533496,7761.175795,75.16569955,0.016841176,1878.62016,4975.56497,2324.215925,1083.12,34297.09,2.05E-10,0.002404556,4.15E-12
8281,1977.709623,11710.301,1408.020536,421.9194609,7407.922746,70.74912852,0.011617884,1806.047778,4769.862976,2261.112032,1083.46,32917.11,2.57E-10,0.006895422,1.47E-12
8282,1955.316086,10862.46985,1226.099587,370.3398311,7367.624238,68.92615274,0.011028906,1917.244354,4824.616497,2247.39141,1033.24,31870.14,2.72E-10,3.139033166,2.31E-12
8283,1987.246373,10348.43653,1093.38563,376.3615118,7499.916194,71.93317341,0.01283685,2057.991716,4914.51917,2246.039413,1029.98,31622.5,2.69E-10,3.32254411,5.45E-12
8284,2224.343324,11342.83511,1174.422302,418.3950695,8210.531864,77.71712859,0.023448083,2289.955264,5087.642365,2332.810917,642.2532092,33800.93,1.70E-10,7.44E-10,-4.54E-12
8285,2853.898795,15104.48606,1640.165142,597.7822652,10110.75165,90.90797516,0.051945898,2910.594675,5945.877989,1505.674027,347.1594783,41107.35,7.64E-11,1.02E-10,3.12E-12
8286,3244.111867,21808.49661,3530.42646,788.9353016,10730.53583,96.0130482,0.060977235,3170.676908,6626.200292,636.9468499,148.2958496,49491.83,557,731.87,-1.36E-12
8287,3398.283735,25387.26909,4041.198319,1255.643452,8937.450962,82.64128105,0.034204186,2657.026069,5829.158109,863.7671705,61.79760522,51670.04,1.10E-10,844.23,-3.41E-13
8288,3535.522664,25154.42674,4901.68073,1401.865197,8366.628141,76.92819558,118.863425,2723.662217,5684.884023,777.6621943,35.86647005,51877.89,1.52E-10,900.1,-2.02E-11
8289,2913.26533,24912.13887,5043.181203,1276.903755,8073.286633,89.00494185,570.3330991,2423.982237,5844.122021,463.1102856,20.27162633,50986.96,1.85E-10,642.64,-6.25E-12
8290,2779.67885,25643.06074,4976.481846,1155.89696,8170.555615,79.26929195,1492.484795,1716.378692,4878.618141,549.8737737,55.43129914,50773.63,1.33E-10,724.1,-1.26E-11
8291,2642.270973,24240.16272,4774.073918,852.8997094,7693.862298,75.73562343,1851.103053,2195.155807,6716.273736,442.1955167,28.75664357,50826.97,1.81E-10,685.52,-9.44E-12
8292,2639.775965,23865.69835,4927.239823,812.0274298,7718.955662,76.17642052,1792.652238,2200.234398,7071.109021,476.2114921,28.09920594,50763.21,1.79E-10,844.97,-3.98E-12
8293,2894.133352,25111.03951,5161.37018,877.7294321,8446.412268,80.72917193,1528.839214,1707.685691,5665.26039,608.9452947,75.30549807,51407.13,1.18E-10,750.32,-2.50E-12
8294,2880.557315,24662.16954,5032.379213,863.3816882,8528.587716,78.90393805,793.1216422,2438.324509,7727.724608,530.4186715,60.98116018,52853.22,1.40E-10,743.33,-2.84E-12
8295,3128.129634,25572.1257,5193.25833,1065.728364,9010.773425,84.93409328,102.1621515,2583.779232,8309.819651,936.0550849,107.7443353,55770.58,1.16E-10,323.93,-9.55E-12
8296,2953.276459,25489.19679,5275.155601,1577.928002,8604.899225,89.01620712,0.168037176,2693.033105,8466.813684,1423.104423,86.41847084,56458.86,1.52E-10,200.15,-7.67E-12
8297,2833.81448,25094.519,4924.309065,1862.329715,8270.33657,96.79025783,0.069583799,2797.568723,8484.214305,970.2408686,260.1474319,55594.34,1.82E-10,5.61E-10,1.38E-11
8298,2813.736694,24932.36334,4630.284713,1270.463222,8204.216702,80.86267912,0.022185565,2920.722182,8528.875141,624.2739733,511.329162,54517.15,1.63E-10,6.02E-10,1.36E-11
8299,2726.623224,22811.99901,4442.1245,1133.617359,7920.400212,76.84215215,0.018164289,3177.307334,8379.568658,471.1754003,261.3439828,51401.02,1.97E-10,1.17E-09,2.14E-12
8300,2549.903841,18209.4144,2919.987767,745.953209,7238.977712,70.41331494,0.010998984,3367.34674,8256.523014,1793.353953,1068.33,46220.21,3.54E-10,0.004954645,-1.65E-12
8301,2483.633372,14557.90043,1558.620139,746.1225473,7046.009066,68.56346124,0.008133716,3657.54399,8069.793283,1278.323758,1025.01,40491.52,8.55E-10,0.00818482,-6.13E-12
8302,2185.05304,10308.28848,981.7894956,600.6252014,7036.958732,69.27478335,0.007908221,3715.339405,8024.42418,1644.458081,1024.34,35590.55,5.88E-10,0.009304251,8.01E-12
8303,1902.737274,7849.885093,891.6002808,435.0424722,7672.919762,76.51713648,0.017397487,3983.416487,8419.787279,1963.013208,844.5736108,34039.51,1.82E-10,2.29E-09,6.84E-12
8304,1616.492181,7486.076068,801.9244488,418.4626896,7963.297345,78.42906252,0.021763292,4029.836413,8072.506759,2026.54101,860.7922591,33354.38,1.53E-10,1.10E-09,-3.83E-12
8305,1922.083041,6934.965914,750.5184564,361.0372553,7636.447577,75.34461554,0.016957572,3903.461503,7900.287405,1861.177902,706.08,32051.42,1.77E-10,0.000626539,-9.24E-13
8306,1757.277029,6489.847646,724.566622,361.0584927,7473.047284,72.22788948,0.014647444,3828.573624,7927.670086,1803.196995,702.04,31138.11,2.14E-10,1.410314858,-5.73E-12
8307,1705.277767,6271.479011,788.3071989,358.3009647,7544.291856,72.89842956,0.015563569,3927.380663,7994.289954,1789.741179,294,30745.14,2.25E-10,0.84258619,2.76E-12
8308,1937.642939,7101.965582,601.5113518,413.7615456,8469.772026,79.74236679,0.027135116,4203.689812,8096.20271,1437.092454,578.922077,32920.33,1.39E-10,3.72E-10,-8.80E-13
8309,2362.211362,10287.67259,941.5793618,593.1906232,10403.97084,94.4179563,0.054906058,4859.76336,9042.8891,1343.244755,865.9651545,40794.96,7.20E-11,9.30E-11,-4.87E-12
8310,3171.883608,15840.92051,2552.041753,959.0263655,10773.45038,97.7067552,0.060406371,5026.856155,10157.49209,871.9949661,107.3570116,49336.47,6.23E-11,222.32,1.62E-12
8311,3132.461622,20677.08949,4107.33369,1230.106497,9242.713637,84.54900034,0.037607331,4514.936561,9726.927704,468.0670937,60.52709636,51832.7,771,641.05,1.07E-11
8312,2918.910524,21882.44124,4731.87405,1119.871191,8581.918778,79.16907782,180.1998426,4266.339035,9456.172667,385.8935709,42.63001901,52169.68,772,703.74,3.64E-12
8313,2798.911234,21723.3585,4606.509574,1049.017955,8200.493975,76.97232503,954.7202503,4059.006492,9165.542554,313.8090106,30.07813017,51502.53,772,703.89,9.55E-12
8314,2689.732979,20842.30974,4463.779032,909.7004587,7760.906609,75.2569814,2049.113266,4032.934762,9191.95951,259.3498451,20.95682165,50863.32,729,703.68,5.91E-12
8315,2691.01398,20551.06353,4248.197269,964.2548782,7706.784546,83.49879502,2585.46275,3887.189934,9218.991306,257.5352934,26.76771674,50699.2,818,703.56,-1.36E-11
8316,2659.203969,20772.22421,4335.402262,968.7281753,7631.480043,77.99730111,2656.336714,3699.352304,9009.275194,276.3673664,18.5224655,50646.65,827,631.24,-3.18E-12
8317,2778.573059,21060.61358,4412.560349,759.9552131,7945.798565,77.39402444,2189.807639,3525.311862,9057.667817,314.7007823,31.72711327,51587.78,423,143.33,-5.34E-12
8318,2943.219947,22443.92013,4633.449261,947.7311787,8425.680235,79.62293145,1162.76972,3553.739503,9153.632343,370.4377311,54.45702317,53622.66,146,2.93E-10,2.27E-12
8319,3361.741447,24769.00261,5326.491402,1324.835283,9573.67751,90.26081392,164.4206688,2522.165744,7395.017791,2378.262443,151.6342885,56594.04,8.56E-11,463.47,-1.42E-12
8320,2907.415929,23674.01925,5684.971995,1802.488257,8355.752371,81.72867914,0.131909815,3735.971187,8830.494988,1635.726435,71.83900031,56557.68,1.60E-10,222.86,-7.22E-12
8321,2902.677248,23212.77403,5316.947028,1970.981789,8369.461778,121.774669,6.22330241,3642.380526,8708.288029,1765.478391,817.5032111,56834.49,1.66E-10,4.86E-10,1.74E-11
8322,2897.801421,22964.79415,4960.092945,2250.333452,8339.057495,85.01342873,0.023996374,3622.180689,8496.950438,1811.093306,937.9886749,56365.33,1.47E-10,5.88E-10,-7.47E-12
8323,2786.710752,22285.19568,4881.534725,1274.732378,8042.857904,77.80940896,0.019699585,3338.047115,8242.208233,1877.974852,1112.449251,53919.54,1.76E-10,1.65E-09,3.10E-12
8324,2645.392998,21132.98135,4636.681116,906.8477315,7666.03748,73.52216855,0.014212192,2959.509151,7597.110748,603.4751353,1086.13,49307.7,2.61E-10,0.002094221,8.72E-12
8325,2519.286585,19018.97668,3597.169798,712.6988494,7281.641395,69.5024621,0.009576528,2667.998847,6907.294634,103.6480702,1025.59,43757.81,146,0.006898788,-1.68E-12
8326,2508.486866,16266.42795,2362.796715,643.107723,7122.475152,71.06842477,0.009166805,2458.262606,6531.106802,134.9068353,1025.12,38972.76,151,0.008243146,-8.70E-12
8327,2689.851007,14062.83468,1502.487579,435.4729982,7730.149032,76.02266023,0.018161118,2522.370739,6636.433177,826.1345947,1044.56537,37526.34,1.84E-10,2.30E-09,-1.02E-12
8328,2825.919519,13125.32588,864.1847733,488.4593587,9146.038334,89.385973,0.037833045,1758.313134,4653.421607,2680.385335,1251.018253,36882.49,9.02E-11,1.98E-10,-4.76E-12
8329,2626.515613,13109.68174,468.0905187,391.595223,7656.387548,74.83900231,0.01634842,2129.650464,6280.788226,2252.857602,976.18,35966.6,1.81E-10,0.002286028,3.54E-12
8330,2639.076322,12427.17744,461.5127418,397.8379593,7841.815459,74.52935634,0.01684697,2039.123545,6002.85757,2233.70918,975.49,35091.95,1.92E-10,1.196423348,-1.17E-12
8331,2670.8425,11611.2606,464.2045612,400.1611727,7946.298013,74.32622433,0.018064154,2214.6936,6231.697661,2217.141933,975.35,34805.01,2.00E-10,0.984327918,3.30E-12
8332,2899.902083,12042.55847,504.3989495,441.9352367,8660.638509,81.05359024,0.028656493,2369.212831,6684.538812,2191.0211,1029.651757,36904.94,1.32E-10,4.00E-10,-7.85E-13
8333,3500.77205,15879.48295,1160.397715,586.200305,10575.77551,97.35945521,0.056830418,3059.800619,8050.38081,515.5115128,959.1222483,43948.86,436,9.24E-11,7.56E-12
8334,3753.820172,21453.95571,3596.750425,898.3215853,11157.19535,102.6297724,0.065363405,3494.533337,8896.714015,484.3568377,105.1274345,52749.15,289,905.32,9.09E-12
8335,3159.846738,25582.04928,5195.233142,1351.749039,9367.356905,87.66538252,0.039051786,2653.189259,7739.623145,639.2875494,57.5505098,55135.85,9.23E-11,697.74,-5.34E-12
8336,2943.899066,26055.69584,5934.077094,1601.024659,8783.353826,82.59932031,153.4489238,2591.910616,7336.382436,1108.115498,36.82272058,55812.42,1.20E-10,814.91,5.68E-13
8337,2809.378675,26347.1415,5993.876315,1425.071258,8315.096254,79.70680201,1060.622699,2663.309798,7153.848407,436.5648915,23.82340453,55311.49,1.48E-10,996.95,6.82E-13
8338,2721.921815,25376.54812,5652.187045,1029.760532,7992.642241,76.6904438,1879.484256,3175.906923,7349.410117,266.937863,24.09064522,54751.77,123,670.81,7.50E-12
8339,2753.594575,25215.56157,5322.9602,945.3976047,7971.233498,78.08185417,2420.368333,2992.104085,7761.475773,263.7059587,30.7465534,54729.78,125,900.45,4.55E-12
8340,2797.32099,25287.79458,5437.343964,1068.409618,7870.913807,78.40920176,2352.448126,2332.957737,7603.520022,282.0876981,21.25425976,54175.86,124,832.6,1.71E-12
8341,2859.558456,25717.86737,5638.078322,823.0339473,8193.208704,97.31872906,1865.816212,2103.138161,7652.346593,291.3136056,30.92989379,54321.46,408,543.15,-5.23E-12
8342,3003.95726,26845.50625,5679.208857,898.4442408,8634.065095,81.68558964,1006.981568,1942.98934,7834.842427,325.5765886,47.92278606,55345.11,558,398.07,-2.96E-12
8343,3138.292572,28246.56841,5501.263681,1041.030906,8979.255905,85.3643424,132.5523454,2208.063101,8158.430465,481.0902814,74.81799768,57132.05,79,835.68,6.48E-12
8344,2997.948933,27395.62174,5258.86632,1898.115434,8613.116919,100.6084996,0.11141193,2214.311391,8332.525277,619.3883098,66.70576716,57063.82,1.47E-10,433.5,1.25E-12
8345,2942.794505,26516.50081,5023.732378,2379.538104,8478.449224,122.3275233,0.228509178,2243.856157,8678.026053,367.4784145,263.0483191,56817.98,198,4.46E-10,-7.45E-12
8346,2859.760343,25628.53527,5057.864818,1703.33393,8253.979912,89.06798115,0.021890983,2347.936844,8693.63613,342.1792255,168.8736531,55029.19,116,7.53E-10,5.23E-12
8347,2735.727229,24320.43928,4816.479153,924.8309561,7944.487593,95.40317292,0.017274614,2423.99013,8413.191632,273.9989186,528.6546565,51598.22,879,1.01E-08,2.16E-12
8348,2601.605089,20791.44292,4091.748114,729.5968457,7545.019221,78.36174946,0.012592996,2354.6457,8328.344674,201.6386024,848.72,46942.13,629,0.005507887,-7.16E-12
8349,2578.856249,18141.79903,3544.288073,762.8004772,7391.090946,72.10911926,0.012361463,2279.084292,7907.518127,136.9768687,792.13,42133.66,1473,0.005547119,4.77E-12
8350,2604.184088,14778.91635,2189.883782,587.1872291,7449.515122,71.71979042,0.013272132,2062.301545,7688.538118,187.7377827,973.23,37883.22,710,0.00707918,-6.25E-12
8351,2438.576398,10928.39602,1241.300315,429.1336549,7973.992793,76.09951648,0.020029842,2640.367194,7757.524458,2050.772007,940.0476079,36476.23,1.63E-10,2.95E-09,-2.27E-12
8352,2081.016957,9758.841483,877.7296625,413.5781364,8229.079513,78.51513866,0.021860149,2924.397945,7679.00594,2212.123662,925.2,35179.51,1.56E-10,0.000296809,8.66E-13
8353,1972.860069,8831.939382,799.5519188,380.1950067,7864.635456,74.71612518,0.016310693,3058.637247,7465.298119,2141.235116,925.03,33514.11,1.87E-10,0.004751116,-4.74E-12
8354,2254.653694,9315.944907,792.9598156,411.2997779,8857.158655,84.16508633,0.030928047,2194.273506,5017.308557,2274.348216,949.5868563,32151.73,1.06E-10,3.67E-10,-3.11E-12
8355,2125.955338,8782.3951,777.2973612,405.2858431,8749.648231,83.09344603,0.029239581,2275.866444,4798.851307,2212.858401,811.3192887,31022.6,1.16E-10,4.48E-10,-4.17E-12
8356,1918.504451,7443.801687,722.7157479,369.1275418,7988.133085,74.35090375,0.017931918,3546.558096,7228.286745,1970.896848,144.93,31406.37,1.99E-10,0.953037743,-5.34E-13
8357,2088.851116,8315.078265,839.5611041,437.3363747,8768.383531,80.09321322,0.029471057,3902.060871,7703.267176,1879.954906,298.943972,34313.56,1.20E-10,3.42E-10,3.13E-12
8358,2531.555758,10856.28828,1143.750524,534.2420284,9053.575472,83.71331087,0.035107307,4204.392997,8350.660453,856.7007708,915.0052999,38529.92,1.07E-10,2.13E-10,-7.11E-12
8359,2987.365781,14332.94099,1745.069818,865.8579346,9075.604113,85.85919911,0.03716943,4655.836964,8826.706035,368.569888,882.3021104,43307.15,519,1.78E-10,3.64E-12
8360,3080.222824,16785.31094,2119.382157,930.7164595,8823.412927,84.86832825,42.71160779,4820.123417,9416.127024,891.8620062,53.93230513,47048.67,1.13E-10,2.04E-10,3.91E-12
8361,2917.969834,17423.75674,1996.462236,939.8154078,8357.38537,79.90547872,280.5647582,4723.285945,9604.14532,1274.8722,889.4267119,48487.59,1.43E-10,3.82E-10,6.18E-12
8362,2816.354239,16641.43955,1822.293881,946.9034233,8241.353092,85.82682004,610.3161727,4770.117795,9920.918404,2300.007206,785.519414,48941.05,1.48E-10,3.80E-10,3.36E-12
8363,2821.941632,17434.76003,1528.399534,845.672795,7657.696601,105.7629923,778.3380404,4735.547145,10235.07009,2291.471033,1128.840104,49563.5,1.46E-10,4.11E-10,-4.07E-12
8364,2825.851363,17611.60522,1847.897763,845.4275628,7642.345053,78.18305003,696.4953757,4731.513801,10264.26809,2337.304923,1065.857799,49946.75,1.39E-10,4.34E-10,2.15E-12
8365,2837.061116,17718.0444,2163.143493,957.1029423,7676.910682,94.8058403,450.6270456,4737.87851,10186.78764,2307.044533,1062.293797,50191.7,1.46E-10,4.77E-10,-4.74E-12
8366,2924.970553,18629.57491,2340.161535,1080.733556,7902.749595,92.9096673,202.2915968,4566.520203,10137.44192,2319.082042,1074.614422,51271.05,1.39E-10,3.60E-10,3.38E-12
8367,3018.378296,20427.32704,2628.496334,1364.26988,8154.26657,83.87119889,34.989538,4374.468619,9939.560996,2445.049641,1036.851884,53507.53,1.28E-10,2.56E-10,1.61E-12
8368,2897.23871,21089.83421,3329.283377,2156.618595,7879.390846,105.5583272,0.10338901,4351.820681,9326.484142,2377.97833,1054.819393,54569.13,1.60E-10,3.63E-10,1.57E-11
8369,2721.790355,20212.50633,3221.208947,2999.782252,7128.207608,80.06214117,0.160201608,4306.524564,8481.487115,2255.823253,1099.777237,52507.33,2.28E-10,3.24E-09,-8.34E-12
8370,2608.028458,18748.78721,3053.681552,2750.958438,6767.133982,73.31886476,0.013180856,3895.88213,8122.912179,2212.976325,1086.41,49320.1,2.71E-10,0.002316196,5.11E-14
8371,2630.884614,17513.8823,2745.689935,1456.033127,6802.333848,73.96289772,0.014091793,3822.471689,8215.134599,2231.624922,1086.52,46578.55,2.47E-10,0.002017794,-4.60E-12
8372,2583.235819,15492.06512,1984.606988,1080.561343,6689.459597,72.26565854,0.012523725,4119.400168,7954.965042,2231.301378,1086.27,43294.14,2.52E-10,0.003640074,-5.96E-13
8373,2536.082301,13053.46567,1289.617531,922.0990959,6727.863171,70.78242072,0.010339056,4127.339696,7562.061641,2117.003784,1025.48,39431.8,4.98E-10,0.005653477,-1.99E-12
8374,2531.229339,11521.90479,1146.631241,786.059308,6726.041438,70.50209009,0.009911723,3428.876386,7066.78483,1711.74702,974.47,35964.25,3.86E-10,0.006352239,-3.55E-12
8375,2295.27648,10439.48652,1114.554071,602.5493343,7132.011112,60.15990385,0.01587485,3420.399735,7180.351162,1906.275068,831.3507326,34982.43,1.86E-10,6.48E-09,1.41E-12
8376,2326.602749,8760.668973,867.5412761,492.7338629,7368.640587,48.41271274,0.019578411,4128.065776,7175.546942,2011.06221,659.0353322,33838.33,1.52E-10,2.14E-09,2.17E-12
8377,2488.030383,8634.757866,916.5452889,519.6486249,7963.284432,53.90863992,0.028562424,2794.071832,6266.510049,2133.910775,693.343547,32464.04,1.12E-10,3.05E-10,1.04E-12
8378,2221.080882,7149.301572,819.1715878,425.9880055,7041.391092,47.02507968,0.014440128,3944.709991,7395.511949,1912.863761,597.33,31553.83,1.96E-10,0.558361102,-7.24E-12
8379,2201.824976,6773.431552,812.7315333,429.9413387,7033.293776,46.24032088,0.013142458,3799.081982,7087.936063,1878.906663,576.75,30638.46,2.19E-10,1.691347093,4.66E-13
8380,2281.729816,6790.959369,835.3932085,447.9328578,7332.018187,46.4068299,0.017201372,3675.065718,7316.260677,1883.785945,411.2901901,31020.86,1.83E-10,4.05E-09,-4.04E-12
8381,2426.059462,7625.326849,954.2697926,501.2087811,7810.963162,50.35797314,0.024797881,3608.663586,7579.598654,1859.36014,601.9668024,33017.8,1.29E-10,3.90E-10,4.74E-12
8382,2562.440198,9957.153014,1229.339582,570.3920176,8054.576287,52.45536508,0.028919798,3528.695096,7434.061163,1859.019977,628.4683795,35876.63,1.15E-10,2.52E-10,3.40E-12
8383,2999.908796,14536.44641,1802.416518,762.5179459,8217.811817,76.09671591,0.031460817,3211.496155,6962.659415,1301.478999,53.99576977,39825.57,1.08E-10,99.29,6.37E-12
8384,2981.277712,17357.07915,2140.126115,850.0603037,8084.560654,53.46531796,218.9275602,2889.064845,6475.658099,2366.298456,43.06178814,43268.34,1.27E-10,191.24,5.40E-13
8385,2855.608616,19145.88602,2504.781477,1160.339217,7706.300463,55.5156342,1269.377255,2271.085203,6229.006783,2295.827671,33.12165956,45305.85,1.60E-10,221,5.71E-12
8386,2755.668853,19946.15697,3311.522064,1085.003016,7455.184617,66.41341347,2021.179802,2100.621594,5861.071385,2287.065141,26.16314041,46654.16,1.71E-10,261.89,4.89E-12
8387,2805.277472,20263.21671,4594.158116,1038.533308,7556.94293,76.4577403,2170.570371,2064.472952,5904.237469,2317.363903,38.72902498,48432.32,1.49E-10,397.64,-5.51E-12
8388,2774.565908,20668.35798,5116.580251,1091.082651,7462.192175,82.80630791,1669.328709,1816.886745,5540.126361,2335.334039,384.7088769,48941.97,1.49E-10,6.84E-10,4.21E-12
8389,2833.895551,21578.86955,5387.07638,1009.535973,7640.794689,119.2807711,1025.86358,1428.694755,5317.252587,2332.611216,1029.894947,49703.77,1.39E-10,5.49E-10,1.05E-11
8390,2973.053395,23418.49821,5599.084951,979.4355731,7842.017481,133.6644294,424.6562147,1556.891833,5185.878384,2389.848084,1072.771448,51575.8,1.20E-10,3.36E-10,9.42E-12
8391,3134.763161,25532.02071,6005.556157,1121.558669,8268.580997,102.1580445,51.71935384,1896.433457,5344.455536,2543.572526,1106.43139,55107.25,1.05E-10,2.05E-10,3.12E-12
8392,2964.823476,25730.63717,6464.133999,1951.42228,7963.385463,75.56001366,0.112252589,2120.976326,5189.133091,2417.457912,1090.428018,55968.07,1.44E-10,3.50E-10,3.10E-14
8393,2820.369594,24860.93485,6413.956852,2684.657556,7620.045553,76.88027396,0.195022421,2245.475986,4517.438295,2317.334153,1110.581862,54667.87,1.82E-10,1.62E-09,-7.80E-14
8394,2715.983031,23868.24973,6213.037952,2145.073531,7317.03251,58.68741976,0.017136979,2105.591733,4184.056869,2268.071246,1086.59,51962.39,2.12E-10,0.001154501,-2.65E-13
8395,2685.992127,22797.4887,5447.699976,1370.318765,7231.839033,49.52228303,0.015822982,2079.064938,4064.628001,2257.442956,1086.35,49070.36,2.21E-10,0.002607207,-7.35E-12
8396,2626.56685,20606.52631,4785.066049,1020.637978,7058.183661,44.33529353,0.013293929,2142.052775,3795.263574,2249.520615,1086.29,45414.45,2.34E-10,0.006396841,8.99E-12
8397,2551.499609,17821.32316,3888.00328,788.2228695,6677.09751,44.6610818,0.010657731,2226.618659,3588.748586,2141.042898,1025.75,40752.97,4.08E-10,0.008308088,6.53E-12
8398,2537.552254,15135.21267,2630.063036,695.1260691,6594.199636,45.17331746,0.009845802,2306.038762,3492.086068,2147.858614,1025.54,36608.85,3.66E-10,0.010270946,-7.23E-12
8399,2659.963282,13720.35594,1878.002081,510.8397974,7048.294658,46.14973216,0.016721141,2445.461741,3863.800655,2324.137868,1025.15,35522.17,1.84E-10,0.002477185,1.94E-12
8400,2718.030552,13035.2538,1834.312158,520.7640096,7428.813585,48.9742856,0.02155197,2304.755904,3981.149417,2320.362032,986.2327096,35178.67,1.52E-10,4.43E-09,-1.23E-12
8401,2617.164394,12596.88597,1773.025997,489.3039867,7181.490249,45.77652244,0.016458792,2263.523676,3809.180562,2253.515707,974.68,34004.56,1.77E-10,0.003524629,-5.41E-12
8402,2566.030071,12172.22203,1725.741418,452.4735152,6930.256839,45.08438412,0.013633026,2461.892334,3522.220511,2191.057571,974.52,33038.78,2.18E-10,2.732309968,2.96E-12
8403,2612.667425,11368.56418,1722.894484,454.4622377,7015.314087,46.55188883,0.016026659,2814.033029,3604.832635,2196.305058,974.5,32808.06,2.10E-10,2.081048353,-4.06E-12
8404,2871.250775,11216.50926,1807.190311,497.5324696,7916.737351,54.37575923,0.028479581,3348.134741,4159.933106,2321.675261,1005.782493,35199.15,1.31E-10,3.89E-10,3.97E-12
8405,3373.916529,15203.79462,2016.092177,626.6837552,9719.86746,66.01663386,0.052950062,3890.887682,5236.763336,2159.954102,287.9007577,42581.93,7.56E-11,9.76E-11,1.40E-12
8406,3852.327275,22239.25949,3224.120892,849.0452798,10867.11679,76.27630799,0.07036086,2942.901923,5446.335484,1737.072363,337.7838343,51572.31,5.32E-11,6.73E-11,-4.02E-12
8407,3552.665211,26124.65436,4818.395227,1108.406772,8955.200821,61.1443601,0.041628207,3346.121551,4912.798853,1385.354261,225.4469562,54490.23,8.78E-11,1.52E-10,-6.82E-12
8408,3568.240509,26902.10728,5148.527409,1139.218302,8104.917051,75.81284345,233.671098,2812.496063,4382.720421,2156.91292,24.57610436,54549.2,1.30E-10,3.37E-10,-8.38E-12
8409,3350.992346,25645.90514,4836.176702,1143.677305,7442.313875,47.49082214,1443.685067,2436.132892,4200.615715,1855.572501,2.847635168,52305.29,2.09E-10,100.12,5.97E-12
8410,3329.413648,25246.76697,4857.829294,977.629017,7168.338835,47.70277179,2904.8365,2342.030929,4674.338527,203.5112493,7.312256543,51659.84,2.09E-10,99.87,-6.38E-12
8411,3320.98145,25156.84467,4651.04729,993.8118685,7089.691753,50.4065798,3471.527336,2015.942465,5380.213997,189.1934411,11.09914503,51627.76,703,1.50E-09,8.53E-12
8412,3381.730908,25619.4511,4671.906494,982.6045376,7276.392417,56.17385533,3057.047491,2029.234783,5919.577711,231.855054,19.95565139,52128.93,1117,7.94E-10,4.55E-12
8413,3488.178357,25916.61262,4438.376294,1147.765371,7612.830019,53.1946123,2024.363645,2007.446706,6580.287351,245.9205721,37.93445567,52839.04,474,239.87,4.55E-13
8414,3644.588512,27392.70722,4501.944164,1037.15967,7967.847659,56.93591312,828.0999328,2272.897871,7280.165398,254.0901417,60.763517,54621.54,39,636.66,1.17E-11
8415,3815.105309,28158.20754,4900.384257,1180.212987,8316.245075,64.57450834,89.11248969,2615.792027,8253.144298,403.2658115,461.8957024,57576.94,681,2.02E-10,4.55E-12
8416,3581.702036,27338.37557,5021.925471,1663.329734,7775.294838,57.43227869,0.110372926,2818.780255,8227.581763,286.0661718,672.891511,57443.49,1.80E-10,4.12E-10,-9.74E-12
8417,3533.962288,26305.15545,4791.411898,1463.613272,7771.879668,70.35190025,0.204241691,3134.882577,8738.812848,470.0966361,542.8192217,56823.19,1.83E-10,5.28E-10,9.52E-12
8418,3431.323023,24926.83335,4397.679461,1283.714372,7548.244254,65.5241275,1.020679094,3142.739921,8490.444632,430.1477231,710.3984586,54428.07,1.96E-10,1.55E-09,-3.30E-12
8419,3307.612903,19808.79354,4263.082443,948.4425351,7178.295199,69.66579547,0.01482484,3225.503653,8449.858078,2113.623737,1081.21,50446.1,2.86E-10,0.002706874,-5.19E-12
8420,3239.954175,15860.95353,3368.811981,791.884512,6955.919128,45.95434446,0.011629339,3537.013922,8365.25422,2146.039738,1085.21,45397,4.11E-10,0.007180384,2.24E-12
8421,3140.148471,12532.74728,1714.775351,733.5303372,6462.470935,41.20526241,0.007079567,3497.629747,8289.280597,2023.536164,1024.74,39460.06,4.56E-09,0.011219462,8.91E-12
8422,3018.60657,8475.279388,1162.509521,790.1463396,6414.693159,42.08242169,0.006838228,3772.680897,7852.366121,1956.020749,924.11,34408.49,1.04E-09,0.012003961,-6.77E-13
8423,2606.241911,6979.827801,657.2748299,582.8277071,7036.726698,46.73745752,0.015116709,4180.963432,7828.387257,1889.351929,823.96,32632.31,2.12E-10,0.004139589,3.15E-12
8424,2455.06712,6496.649675,529.922037,529.8724315,7416.083116,46.66766078,0.018649757,4317.237202,7593.810474,1747.091841,725.4,31857.82,1.86E-10,0.000209335,1.57E-12
8425,2322.291345,6424.367958,503.9700884,450.5372087,6955.319317,42.4236382,0.011429962,4199.211336,7200.547671,1648.457249,695.69,30442.82,2.61E-10,0.007241232,-4.04E-12
8426,2166.322475,6346.299466,515.8352317,417.4184367,6787.208104,42.04625111,0.010777632,4218.995079,6997.697234,1641.624051,104.24,29237.69,2.69E-10,0.007106619,-2.16E-12
8427,2228.061958,5901.850025,579.603811,417.9850363,6968.265579,45.32628205,0.014736783,4233.368989,7440.331936,1348.977407,1.35E-09,28780.9,2.27E-10,382.8857596,3.47E-12
8428,2384.88987,6133.656426,577.3234788,477.2190082,7617.398102,52.47748978,0.024684047,4636.468683,7950.936166,1042.019588,49.12650417,30537.84,1.56E-10,383.7,-1.14E-12
8429,2463.459255,8420.428829,896.0839623,596.3392493,9083.334233,62.37640985,0.046877711,4961.554447,9000.286688,1416.730956,724.6290927,37625.27,8.64E-11,1.14E-10,-3.49E-12
8430,3354.326877,13723.17291,1677.979666,693.4822909,9677.915556,67.05514993,0.056091023,5396.889098,9660.407517,773.063049,756.851798,45781.2,6.76E-11,8.79E-11,4.59E-12
8431,3745.52406,16989.86164,2763.900111,1002.410821,8427.164533,56.42656739,0.037139214,5094.605756,9541.131507,411.263456,673.6844123,48706.01,9.93E-11,1.67E-10,1.01E-11
8432,3652.744299,17658.04945,3281.994042,1129.430721,7741.841226,52.9857002,38.75302866,4825.651342,9313.227875,1319.600029,630.1622864,49644.44,1.41E-10,3.19E-10,6.00E-12
8433,3583.674287,17570.05726,3276.49424,1107.701387,7299.80718,51.56630905,256.6961238,4588.91982,9400.461101,2132.464288,591.9580088,49859.8,1.64E-10,4.25E-10,-6.37E-12
8434,3562.891373,18111.10533,3853.680032,939.6296882,7252.586212,51.44941041,659.1965655,4606.454059,9900.26079,1377.439856,25.81668235,50340.51,1.51E-10,3.04E-10,1.05E-11
8435,3837.890618,20027.14084,4488.657495,955.5116932,7934.675791,59.12529754,1024.741913,2937.539093,8040.706477,1672.390611,79.13016853,50958.4,9.79E-11,99.11,-3.00E-12
8436,3577.307356,18008.05257,4254.616489,889.480442,6871.257025,49.15052298,761.3555312,4700.461881,9796.283756,2247.535261,37.47916539,51192.98,1.52E-10,3.27E-10,1.55E-12
8437,3581.509729,18240.91917,4820.092375,991.8928337,7401.075166,50.95321766,546.977653,4244.553307,8867.450365,2264.190816,468.5253643,51478.14,1.49E-10,3.74E-10,-7.01E-12
8438,3672.486815,19814.40108,5059.366212,919.0236643,7718.18153,53.35035527,244.378657,4007.549391,8129.898722,2289.809373,982.7842019,52891.23,1.38E-10,3.09E-10,-3.96E-12
8439,3864.728966,22464.5362,5118.065197,1095.109595,8172.765355,59.35912596,29.32864791,4106.154615,7763.210141,2438.560154,1113.912,56225.73,1.14E-10,1.99E-10,-7.15E-13
8440,3700.72384,23902.02439,5396.000904,2205.916495,7759.084747,58.78283472,0.054885292,3885.470416,7055.167631,2348.301251,1096.342607,57407.87,1.53E-10,2.97E-10,1.55E-12
8441,3588.731078,23182.12867,5449.362158,2883.082835,7429.271177,61.40616044,0.178085867,3982.139095,6688.770217,2278.429652,1142.260871,56685.76,1.85E-10,5.49E-10,8.33E-12
8442,3488.746656,22563.78925,5002.381994,2639.137688,7256.829325,73.60919432,0.019488709,4040.963897,6197.120162,2272.437146,1123.055196,54658.09,1.84E-10,9.60E-10,5.21E-12
8443,3370.606628,21311.44629,5010.204611,1719.521767,7104.362385,52.7857949,0.017174833,4038.485832,5746.464693,2282.332276,1104.672543,51740.9,2.00E-10,2.51E-09,-6.95E-12
8444,3251.083867,19162.77992,3939.626456,1356.834323,6778.995135,44.97310445,0.012255017,3867.892605,5287.984284,2201.411029,1085.82,46977.41,2.92E-10,0.00298374,-7.17E-12
8445,3123.457277,16627.83793,2988.366952,1121.744578,6182.670745,43.03983879,0.008935885,3737.893497,4718.653923,2092.753335,1025.31,41661.73,6.49E-10,0.007016407,1.75E-12
8446,2656.738724,14561.28269,1524.311389,858.014895,6057.812321,42.72911314,0.008325904,3628.698878,4435.821197,2112.249876,1025.03,36902.69,5.00E-10,0.007409788,-6.06E-12
8447,1999.386555,12958.82687,1322.677618,689.6558242,6631.727103,47.59851487,0.017515538,3662.22609,4795.383249,2322.087728,1055.372929,35484.96,1.94E-10,1.39E-09,3.75E-12
8448,1858.313626,12030.08063,1421.42539,668.1237737,7274.249683,50.81597773,0.02418109,3565.363154,4775.058665,2245.287348,1004.447569,34893.19,1.48E-10,4.47E-10,2.19E-12
8449,1811.385704,11725.20049,1371.945295,678.8439154,7198.306968,47.49659937,0.019804905,3049.443633,4576.615019,2214.577559,962.6350169,33636.47,1.58E-10,9.99E-10,2.96E-13
8450,1814.763651,11751.8864,1308.586168,538.6756021,7168.225662,45.88158221,0.018574403,2790.018546,4330.140888,2086.597148,900.775772,32735.57,1.65E-10,1.46E-09,3.75E-12
8451,1845.141935,11514.86374,1252.28908,509.4566597,7263.019724,46.78816486,0.020164794,2682.281381,4329.934388,2079.919027,906.5657349,32430.28,1.64E-10,8.35E-10,9.42E-13
8452,2011.181239,11517.20907,1157.373488,528.9451961,7828.839098,52.89988211,0.028708829,3048.022524,4994.550156,2256.077658,1001.022983,34396.15,1.31E-10,2.87E-10,-2.98E-12
8453,2578.984416,14179.24014,1366.816963,712.6109962,9274.120272,64.18596173,0.050880731,3477.873373,6203.406072,2334.648772,1115.602152,41307.54,7.58E-11,1.05E-10,8.29E-12
8454,3600.240464,19031.98655,2343.312901,979.0150751,9639.361551,66.62935553,0.057954161,3738.371637,6834.434898,2442.051319,388.1782967,49063.64,6.53E-11,8.40E-11,3.50E-12
8455,3763.826578,22731.52967,3919.230298,1412.168611,8131.747648,70.93652443,0.037056737,3290.115053,6077.392694,2302.105254,48.15061259,51522.13,9.96E-11,225.11,6.96E-12
8456,3528.823492,23393.62075,4567.983169,1453.914397,7482.283206,90.36139497,71.01596828,3213.657547,5639.042722,2322.327153,12.24020349,51775.27,1.39E-10,3.48E-10,7.89E-12
8457,3332.268979,22177.12623,4503.531885,1442.34396,7094.182244,77.16344842,774.2544456,3130.727182,5692.467829,2252.552204,354.4215896,50831.04,1.85E-10,9.12E-10,1.76E-12
8458,3269.983568,20940.19156,4039.671584,1296.264718,6837.027172,76.86444998,2133.077638,3187.715331,5749.845244,1967.448811,349.4299295,49847.52,2.11E-10,2.07E-09,1.52E-11
8459,3187.816194,20700.54365,3913.66534,950.6963292,6732.251115,74.4402194,2890.534597,2878.992531,6001.59032,1516.195619,357.1740878,49203.9,2.26E-10,6.75E-09,1.08E-12
8460,3239.119348,20210.75466,3855.063455,1043.859191,6975.115426,80.98268415,2727.780177,2884.280425,6387.447998,1508.729535,332.177099,49245.31,2.01E-10,1.70E-09,-5.37E-13
8461,3423.239809,20738.68402,4003.613419,887.7153974,7305.929639,79.09056058,1960.563245,2948.189992,6630.676514,1883.978926,299.818484,50161.5,1.58E-10,5.71E-10,5.56E-12
8462,3690.147792,22738.22827,4076.744904,1020.410572,7709.021193,80.81987807,896.9509373,2717.958059,6608.26886,2189.908805,349.2107282,52077.67,1.34E-10,3.17E-10,-4.40E-14
8463,3903.412712,24177.98654,4940.325316,1101.493726,8195.110405,85.69898622,108.7679018,2997.968138,7054.999784,2416.115345,921.5411493,55903.42,1.06E-10,1.91E-10,1.17E-12
8464,3883.546777,25608.24361,6060.648396,1945.359706,8234.943696,88.22792572,1.104848706,2075.355648,5579.468448,2455.910584,1129.720365,57062.53,1.15E-10,2.00E-10,-9.63E-12
8465,3582.774964,23245.57085,5726.947887,2560.703448,7500.315887,115.7720395,0.185366774,3500.633157,6287.823547,2296.434092,1135.798764,55952.96,1.75E-10,6.30E-10,-3.95E-12
8466,3539.399316,22493.44579,5358.506665,1961.047391,7366.584283,89.82730481,0.020982253,3800.216915,6153.048602,2294.613131,1116.499623,54173.21,1.70E-10,1.20E-09,-1.07E-12
8467,3379.811133,20658.80713,5372.812184,1386.266436,7144.539888,76.93499538,0.017468044,3801.692086,5756.123291,2286.838842,1087.486551,50951.33,1.98E-10,7.34E-08,-8.85E-12
8468,3292.425167,18560.94893,4435.088175,1273.757484,6839.119544,74.03508667,0.014121418,3530.986819,5184.026351,2233.291643,1085.49,46509.18,2.51E-10,0.003315827,-5.40E-13
8469,3174.566682,16769.5195,2794.348222,935.2503519,6491.473951,71.36883671,0.009519214,3408.16784,4439.256982,2102.226373,1024.99,41211.17,5.87E-10,0.008254578,6.16E-13
8470,2996.079157,14172.31204,1353.226162,779.3538187,6437.717107,70.87460258,0.008582047,3460.126167,3948.623163,2116.669219,1024.58,36359.56,4.83E-10,0.010014111,-1.57E-13
8471,2544.260113,12908.49352,599.325423,633.1872007,7140.664658,76.60405781,0.019280105,3685.33552,4314.293135,2248.92651,974.42,35125.52,1.79E-10,0.009419754,-1.75E-12
8472,2449.762859,11641.41384,514.5363712,632.0829045,7650.448583,78.80078676,0.024061629,3801.52339,4374.868645,2317.710627,1020.777937,34481.95,1.57E-10,8.11E-10,-5.22E-13
8473,2399.111397,11129.70719,479.5288591,620.3344426,7438.444683,75.02297212,0.020798061,3701.775222,4075.734241,2311.478638,992.2515592,33223.41,1.58E-10,2.48E-09,-7.10E-13
8474,2352.491723,10741.10286,453.013248,573.9773108,7324.811593,74.02311475,0.018911537,3422.650376,3955.070869,2287.273836,979.8561568,32164.29,1.67E-10,1.01E-08,1.09E-13
8475,2328.324868,10251.0971,457.8611633,573.4838562,7367.969085,73.44440596,0.019632342,3371.426431,4153.077737,2270.863784,987.2719387,31834.84,1.71E-10,1.97E-09,5.15E-12
8476,2466.07042,10977.73602,516.682174,608.970768,7965.376043,78.9755149,0.02896618,3326.035961,4499.957283,2359.038956,1035.897898,33834.77,1.29E-10,3.63E-10,9.85E-12
8477,2816.499748,14238.48398,742.7515104,727.0326802,9274.179093,90.50300621,0.049104221,3829.889492,5369.675417,2413.9569,1157.529072,40660.55,8.12E-11,1.15E-10,5.42E-13
8478,3300.599679,19566.41168,1368.683513,890.9474994,9693.589454,94.85788086,0.057831425,4024.956546,5803.265041,2444.035631,1111.525242,48298.93,6.51E-11,8.60E-11,1.69E-12
8479,3728.108976,22458.02676,2702.128342,1179.235428,8436.734857,86.82574103,0.039368131,3799.384553,5266.578061,2324.732573,1082.725344,51064.52,9.24E-11,1.54E-10,1.12E-12
8480,3506.687836,21959.13325,3642.118142,1513.016708,7703.302714,87.78366881,151.1801279,3829.145877,5044.857288,2341.267556,1102.186831,50880.68,1.32E-10,3.13E-10,-8.13E-12
8481,3334.193705,21194.22061,3737.050248,1272.317331,7291.495359,84.72454887,922.4166935,3829.961313,4929.107594,2271.908692,799.5539056,49666.95,1.72E-10,5.93E-10,-8.33E-12
8482,3254.870808,19918.45712,2992.985819,1019.918065,7109.459013,77.02105162,1881.585609,3928.909132,5158.183662,2222.742349,1092.867369,48657,1.80E-10,7.03E-10,-2.18E-12
8483,3259.132378,19181.417,2666.395234,1005.394673,7262.299668,77.45847844,2625.763624,3739.296071,5488.692948,2204.008984,896.580938,48406.44,1.83E-10,7.52E-10,-3.64E-12
8484,3357.134484,18757.57112,2687.353816,869.6074495,7369.848426,78.71152024,2379.41735,3854.973151,6011.909541,2227.015124,1039.018019,48632.56,1.73E-10,6.40E-10,2.46E-12
8485,3488.846695,20434.84342,2885.517749,1172.504313,7714.666587,82.20471455,1574.026749,3984.498994,6406.231313,1000.169769,1062.849694,49806.36,1.40E-10,3.46E-10,8.77E-12
8486,3601.347506,22137.09184,3225.182945,1063.309583,7941.588045,81.83848518,577.5981826,3995.010663,6533.780576,1059.456809,1074.815364,51291.02,1.34E-10,2.85E-10,3.23E-12
8487,3703.110245,23521.65866,3402.965134,1179.828954,8286.252888,84.08949827,77.32193874,4191.744217,6627.586519,2415.182886,699.6690563,54189.41,1.16E-10,2.05E-10,-1.18E-12
8488,3577.148648,24354.24581,3955.283141,1913.837737,7981.254368,86.00906391,0.084815058,3943.490955,6284.240714,2357.006905,821.2578474,55273.86,1.49E-10,2.80E-10,-6.72E-12
8489,3385.100031,23393.35048,3812.30018,2694.867984,7511.986391,85.38432513,0.166767752,4052.781883,5931.815827,2256.979506,920.3966209,54045.13,2.01E-10,7.35E-10,-5.01E-12
8490,3351.773086,22760.43372,3463.523288,2081.947066,7374.10257,81.21958971,0.018713001,4151.58691,5833.583771,2261.895627,908.9556579,52269.04,1.93E-10,1.23E-09,3.19E-12
8491,3285.414738,21492.66868,3280.467422,1437.457322,7232.29733,77.04078372,0.016379745,4151.951597,5480.187008,2263.221482,996.7672552,49697.49,2.16E-10,5.78E-09,-3.64E-12
8492,3128.549495,19308.19543,2695.087279,1254.511606,6939.128011,70.66845538,0.011719606,3930.051356,4962.61246,2188.808709,1084.9,45562.52,3.15E-10,0.004523734,2.13E-12
8493,3145.888167,18105.61221,1912.855307,1074.747194,7134.208046,71.43202414,0.015057186,2212.930296,3772.629663,2181.923948,1025.06,40637.3,3.09E-10,0.001908506,6.49E-12
8494,2754.823706,14199.8291,1273.807733,801.6316557,6459.654124,67.41818031,0.006039188,3436.122445,3975.53741,2085.470808,1024.72,36079.01,6.94E-10,0.011196836,-1.38E-11
8495,2438.109981,13384.42648,595.7344899,582.3836877,7012.169573,71.99992079,0.014571805,3395.704603,4141.95063,2308.428819,1024.59,34955.5,2.07E-10,0.012755766,-2.92E-12
8496,2492.012426,13543.9105,144.7624529,612.2844328,7371.15457,76.13280244,0.018975286,2822.22269,3770.861178,2404.652647,1035.727327,34273.74,1.64E-10,5.43E-09,6.29E-12
8497,2403.25396,13587.12795,100.3022361,551.472,7126.635461,73.2277614,0.013637286,2574.264118,3348.884849,2223.041556,975.3,32963.52,2.05E-10,0.00352668,-2.92E-12
8498,2366.109132,13296.70907,85.59844231,530.6559341,7209.583758,70.39354612,0.012108989,2270.724722,3012.465554,2175.832927,974.96,31993.04,2.40E-10,0.005198302,5.36E-12
8499,2551.347567,13444.30046,152.8972438,551.7976816,7729.208681,72.99450986,0.018928996,1358.627406,2531.227729,2259.035299,980.8544926,31632.31,1.76E-10,4.42E-09,-5.66E-13
8500,2599.468493,13559.97724,179.3913412,550.9593711,7820.003144,74.62312971,0.019968289,2078.831295,3141.482625,2221.51655,984.2768462,33210.55,1.88E-10,2.13E-09,-4.91E-12
8501,2910.386593,15525.96498,479.4315156,667.5415339,9178.199427,86.87631234,0.040814016,2549.410987,4015.72747,2395.782927,1109.957444,38919.32,9.39E-11,1.57E-10,-1.09E-11
8502,3357.663842,19189.64281,1690.588435,829.9964105,9913.06073,94.91129583,0.051879732,2795.049671,4567.171494,2492.899044,1176.114384,46107.15,7.32E-11,1.01E-10,7.08E-13
8503,3568.30059,22203.93241,3197.131984,1032.221478,8760.389903,88.22104885,0.033721138,2549.996097,3696.540646,2293.438081,1085.344039,48475.55,1.09E-10,2.06E-10,-2.15E-12
8504,3465.137925,22588.30572,4016.013955,1359.505486,8234.858153,84.31783831,37.64992946,2319.238913,3463.237442,2303.914593,1108.750044,48980.93,1.48E-10,4.05E-10,1.69E-13
8505,3313.624418,22296.81821,3865.562523,1899.393879,7879.523274,78.20462973,275.9280912,2081.309709,3399.76948,2255.975605,1101.810185,48447.92,1.82E-10,7.69E-10,9.18E-12
8506,3231.546651,22271.39868,3810.33985,1491.509185,7552.666033,75.94408531,801.923481,1919.752635,3393.205521,2196.550513,1097.96336,47842.8,2.10E-10,9.12E-10,-8.85E-12
8507,3192.102737,21502.80495,3742.173063,1390.693466,7430.734595,79.56152423,1360.409271,1825.436829,3515.012986,2176.66893,1094.871646,47310.47,2.30E-10,1.25E-09,5.51E-12
8508,3180.241508,21337.67433,3471.927911,876.420373,7432.40777,75.97556688,1593.254071,1849.886786,3771.150735,2190.312586,1032.288366,46811.54,2.26E-10,1.79E-09,-1.41E-12
8509,3206.428899,21572.83361,3167.439047,908.2984737,7557.681877,99.91090216,1341.805212,1887.413574,4038.154581,2186.795929,1037.387895,47004.15,2.11E-10,1.30E-09,5.80E-12
8510,3311.569325,22061.55112,3185.892718,927.5564554,7996.388389,100.2960802,676.4983275,2121.817057,4563.720096,2228.447017,1059.043411,48232.78,1.76E-10,5.33E-10,-3.17E-12
8511,3492.631967,23718.55063,3482.547522,1183.529123,8470.96885,81.39788719,102.2908251,2412.096284,4634.049144,2378.375252,1107.542519,51063.98,1.33E-10,2.44E-10,1.53E-12
8512,3382.877452,24249.14272,4471.059563,1552.366642,8316.908535,85.67891428,2.078060441,2556.197889,4438.148964,2327.750192,1101.841074,52484.05,1.64E-10,2.89E-10,5.40E-12
8513,3213.67461,22609.08254,4685.993826,2705.435725,7828.137879,95.69165498,0.108952162,2384.455787,4100.117604,2230.544425,1125.447,50978.69,2.27E-10,8.13E-10,7.58E-12
8514,3203.756807,22215.35478,4810.719473,1919.890009,7847.972926,84.97394744,0.018478314,2432.710154,3862.315037,2253.294803,1124.043585,49755.05,2.00E-10,9.21E-10,-4.53E-13
8515,3194.871595,20508.66129,4470.115023,1162.13363,7637.511842,80.42685047,0.015204598,2711.2164,3706.681889,2253.209533,1092.256746,46817.1,2.27E-10,1.05E-08,-3.77E-13
8516,3125.864204,18648.44206,3204.760808,1059.267149,7447.516265,76.00616222,0.01222716,2625.65138,3380.941912,2228.460737,1085.7,42882.62,2.58E-10,0.002900778,-7.39E-12
8517,3063.886095,15828.70621,1958.723624,830.8843172,7342.66215,71.0417386,0.010769588,2909.602298,3429.977508,2160.001544,1025.06,38620.55,3.61E-10,0.006251536,2.06E-12
8518,2500.029115,12137.13518,1663.398096,781.3451491,7313.595909,70.88181543,0.0103919,3368.25405,3539.877614,2189.389674,1024.11,34588.02,2.98E-10,0.006999211,1.91E-13
8519,1868.406913,10632.41942,1526.44894,673.1906188,7804.156544,78.08846938,0.018276213,3651.326054,4078.063587,2074.707727,794.06,33180.88,1.63E-10,0.00655047,1.49E-12
8520,1855.249371,9269.615543,1559.460268,730.4337944,7877.136457,78.33134445,0.019203243,3451.855866,4181.826372,1992.318683,769.0030981,31765.25,1.66E-10,1.65E-09,-2.09E-12
8521,1793.669884,8304.184587,1496.689071,659.1568674,7612.401709,75.98417866,0.014923699,3203.00045,4166.354468,1830.28623,722.25,29863.99,1.92E-10,0.002369367,4.50E-12
8522,1930.493874,8472.591421,1320.690644,678.831328,8099.408395,80.04956956,0.022564737,1978.267007,3454.771362,1865.03484,722.1289954,28602.29,1.46E-10,1.19E-09,-3.70E-12
8523,1747.877677,6890.89286,1094.881814,495.9816577,7482.243253,71.75358797,0.012766707,3528.529866,4152.424683,1661.520852,706.53,27830.36,2.95E-10,2.289017683,8.94E-13
8524,1838.319611,6306.288441,930.8712202,511.2164094,7806.980681,72.50418389,0.017898652,3874.510914,4664.54159,1720.547247,705.44,28431.05,2.12E-10,0.188197341,2.06E-12
8525,1996.219571,7234.224389,1026.502575,565.6070067,8394.049421,78.50187083,0.027055729,4324.701511,5231.465432,1765.953223,759.337945,31376.59,1.33E-10,4.67E-10,3.74E-12
8526,2260.166174,8941.535622,1672.505366,850.1616085,8815.822077,87.37862382,0.033846453,4329.130919,5651.337349,1787.56087,783.4075444,35179.04,1.06E-10,2.22E-10,-6.73E-13
8527,2199.353358,12042.40862,1692.414463,884.8926496,8750.60483,111.6768943,0.032904506,4414.01418,5736.249522,2031.142185,869.7603953,38732.55,1.08E-10,2.32E-10,1.83E-12
8528,2280.018453,14578.67796,1292.202634,1010.823772,8528.579672,114.6859735,111.2944486,4177.097884,5895.978369,2166.648644,953.9121861,41109.92,1.34E-10,2.69E-10,4.59E-12
8529,2069.016745,14999.23332,1200.889043,1045.923149,7965.846123,108.3422279,885.8843815,3978.356526,5443.7389,2272.674628,1027.204958,40997.11,1.95E-10,7.78E-10,-5.37E-12
8530,1974.859604,14373.83932,1211.685153,997.3249917,7693.274083,106.0913787,1774.142543,3849.092627,5407.179538,2182.180497,1011.270267,40580.94,2.68E-10,3.56E-09,5.29E-12
8531,1916.901827,14092.10327,1138.723517,930.683387,7532.643512,88.97135879,2388.955206,3728.498952,5340.448034,2150.933762,954.2,40259.76,3.21E-10,3.302826248,2.09E-12
8532,1909.501443,14211.05281,1014.88318,903.8823264,7490.427094,78.20607947,2465.096212,3657.887045,5471.251964,2172.73266,1017.37,40389.5,2.92E-10,2.79081925,-7.72E-12
8533,2009.125715,15071.65848,935.0276467,916.9758689,7738.655688,79.72950451,1865.940733,3653.989127,5637.983332,2210.785521,1026.798386,41146.67,2.19E-10,2.16E-09,6.85E-12
8534,2176.411496,16671.10396,1305.351286,940.7472215,8166.036036,86.89895178,891.7191343,3638.889784,5878.890182,2291.993867,1074.838083,43122.88,1.58E-10,4.27E-10,-1.11E-11
8535,2372.92207,19236.07816,1996.7158,1081.174872,8646.220871,84.98068099,129.9852414,3833.092232,6044.61998,2446.765212,1130.354879,47002.91,1.25E-10,2.23E-10,-1.29E-11
8536,2244.834061,20631.80126,3356.987221,1623.749989,8318.953406,83.58896567,0.078004541,3572.963311,5396.884907,2344.203731,1099.50514,48673.55,1.67E-10,3.42E-10,-7.62E-12
8537,2087.027172,20173.77505,3599.22124,2730.812173,7918.980994,89.65423766,0.117233901,3212.307552,5035.679661,2267.982117,1123.50257,48239.06,2.13E-10,9.64E-10,-6.32E-12
8538,2001.527269,19658.48956,3220.833704,2481.47893,7699.376968,83.49244476,0.015994581,3218.81694,4685.594026,2238.579397,1092.224768,46380.43,2.40E-10,9.78E-09,-7.08E-12
8539,1934.342001,18792.90071,3326.293016,1371.484534,7545.210896,76.48074193,0.013590933,3127.727854,4320.487577,2228.800258,1085.56,43809.3,2.83E-10,0.001180835,8.88E-13
8540,1898.738851,18022.41516,2005.631663,1071.897364,7418.288882,74.92798348,0.011986131,3024.690308,3983.979137,2182.341813,1085.12,40768.04,3.39E-10,0.003149522,-1.07E-12
8541,1828.898069,16192.59475,1607.22923,881.6391528,7174.697597,82.35885143,0.011078139,2936.114879,3691.502372,2117.238542,1023.16,37535.44,5.37E-10,0.004519198,-8.77E-13
8542,1811.155062,14501.95375,1248.101519,1114.891281,7019.817527,72.21883892,0.009171949,2583.548325,3225.21892,2130.892503,734.89,34442.69,4.59E-10,0.00690186,7.80E-13
8543,1868.756787,13586.8325,877.3435521,798.7172095,7297.278488,72.53847201,0.013656652,2388.762785,3073.236645,2282.045599,1021.39,33266.9,2.31E-10,0.015692105,-7.46E-13
8544,1913.348688,13078.93146,919.1230973,670.6039852,7569.240538,76.45574237,0.015601001,2083.61656,2794.249467,2280.026678,983.05,32368.66,2.03E-10,0.001818439,9.11E-13
8545,1798.126405,12888.20533,1010.628559,608.0638618,7348.813199,73.70067288,0.010576388,1674.042703,2247.714375,2205.021108,982.56,30836.88,2.66E-10,0.006786561,-2.62E-12
8546,1804.249224,12310.84257,951.5527857,524.6104139,7375.42083,73.85618021,0.010864899,1721.708817,1955.627109,2051.228418,907.73,29676.83,2.70E-10,0.007211648,2.83E-12
8547,1823.885814,12489.77981,1014.385379,512.4004583,7438.662585,74.33011137,0.011854141,913.9187936,1588.061924,2046.054784,907.14,28806.09,2.68E-10,2.541512211,3.71E-13
8548,1817.333955,12326.29305,1138.242533,468.4955657,7418.77978,72.14418017,0.011505956,1242.019111,1756.097494,2023.299229,906.05,29166.18,2.93E-10,2.586399226,3.92E-12
8549,1967.699404,12914.93572,1324.927973,578.7988355,7952.256814,73.57414812,0.019764763,1347.537405,2009.755785,2113.584044,927.6401028,31210.73,1.70E-10,1.41E-09,1.44E-12
8550,2132.302127,14919.02113,1177.835776,596.574032,8341.240164,79.05958775,0.025844831,1211.311773,2200.027669,2248.368002,1012.403893,33918.17,1.34E-10,3.76E-10,-5.41E-13
8551,2334.113903,17652.44612,1587.565299,660.4626349,8664.262732,86.86115212,0.031278859,1049.769955,2247.452742,2393.589165,1104.655022,37781.21,1.11E-10,2.31E-10,1.88E-13
8552,2375.257988,20445.1917,1835.052705,811.6473231,8709.244289,89.48773703,27.11502966,1247.02222,2696.972265,2500.415905,1159.292839,41896.7,1.15E-10,2.21E-10,-7.85E-13
8553,2272.902267,22338.08711,2055.409562,1173.30372,8425.444587,86.80201481,264.5663794,1429.452632,2582.506339,2430.305779,1151.599613,44210.38,1.42E-10,2.97E-10,5.33E-12
8554,2188.803192,22700.32141,3050.232002,1091.270236,8171.039804,82.80555429,624.8605075,1326.607587,2508.53231,2314.227645,1127.249749,45185.95,1.74E-10,4.36E-10,-5.82E-12
8555,2146.074784,23079.16911,3591.774846,986.3733421,7987.720411,76.29696385,817.575361,1188.937296,2382.502189,2272.91091,993.5047884,45522.84,1.97E-10,7.46E-10,-4.74E-12
8556,2083.201226,23316.61793,3866.669808,981.627949,7825.318763,76.30872875,749.8435546,977.3676987,2279.581235,2276.424424,1036.118686,45469.08,2.03E-10,1.57E-09,-3.44E-12
8557,2105.925577,23311.79564,3801.561117,1025.499429,7885.374522,81.20674846,554.7005291,1223.052714,2184.044774,2281.010575,1041.628372,45495.8,1.89E-10,1.31E-09,-9.01E-12
8558,2192.240888,23936.21838,3444.291106,1015.122851,8106.29594,83.24567194,257.6378129,1596.074082,2492.3821,2329.663985,1059.137187,46512.31,1.63E-10,7.18E-10,-7.03E-12
8559,2333.482087,25357.71268,3738.64337,1102.202492,8418.008719,84.85190595,29.27979689,1807.165182,2783.887745,2415.357295,1104.75873,49175.35,1.38E-10,3.37E-10,4.36E-12
8560,2269.440778,25701.60442,4920.250326,1571.018095,8229.163361,81.92941864,0.07466915,1847.829584,2518.118191,2344.778686,1090.972475,50575.18,1.76E-10,4.39E-10,-3.63E-12
8561,2127.346362,24728.54864,4700.618829,2842.958385,7666.819659,87.67095997,0.018934848,1914.9179,2258.98624,2267.038661,1105.715432,49700.64,2.25E-10,2.14E-09,-1.70E-12
8562,2074.534177,24035.9536,4694.63854,1958.479832,7457.764981,74.36040111,0.015890186,1969.580355,2114.161196,2242.061677,1085.26,47706.81,2.50E-10,0.000649186,-2.77E-12
8563,2067.959134,22672.00326,4644.739136,1315.510105,7340.313264,76.86951886,0.014123438,1903.891924,1921.933907,2238.538687,1085.05,45266.82,2.81E-10,0.003055981,-3.78E-12
8564,2022.267233,20594.61174,4111.961802,1063.58595,7198.854604,75.96596544,0.011948483,2013.713778,1832.2267,2211.196345,1084.79,42209.18,3.20E-10,0.006068193,-6.81E-12
8565,1966.780788,18618.00062,3147.385721,1112.155441,7046.711657,77.62071472,0.00964102,1776.346726,1650.712169,2105.315929,1024.32,38525.35,6.99E-10,0.009405441,6.66E-12
8566,1906.719444,17157.62646,1726.379593,754.1038437,7063.639999,71.46172616,0.007813882,1537.342221,1407.714354,2114.92619,1024.03,34763.94,6.06E-10,0.011646476,1.92E-12
8567,1992.594253,15775.05202,1213.254545,492.6324615,7522.179293,71.5166992,0.013617209,1569.980315,1600.047585,2285.436656,1023.96,33546.65,2.49E-10,0.017447213,3.73E-12
8568,2029.150556,14764.08807,1021.969948,629.0146155,7699.943068,72.75921037,0.016160905,1446.066445,1602.915793,2308.341075,1084.59,32658.85,2.22E-10,0.004940491,-7.84E-12
8569,1951.287613,14272.35631,966.2586293,525.0591141,7426.327924,73.34852484,0.011713146,1216.676209,1374.680645,2279.704062,1084.8,31170.5,2.44E-10,0.0107441,3.65E-12
8570,1949.621594,14017.5564,972.5045555,408.3575585,7333.980162,72.56265542,0.010263202,958.0514908,1250.038584,2247.589818,1008.68,30218.94,2.73E-10,0.013084529,4.03E-12
8571,1613.490571,14111.69656,1290.173554,385.562223,7080.912418,70.34366058,0.006214983,752.5730159,1117.326213,2154.984827,1008.53,29578.94,4.71E-10,6.659253192,4.93E-12
8572,1666.567009,14112.25947,1566.373186,419.7933846,7521.693892,73.08363108,0.01319112,931.9085008,1435.303239,2245.352086,1007.39,30975.6,2.66E-10,4.137584791,-7.58E-13
8573,2194.019353,15617.77648,1294.009469,516.730908,8491.214147,80.22563578,0.028406037,1336.211497,2009.057022,2450.765707,1046.921372,35036.96,1.35E-10,7.20E-10,-3.95E-12
8574,2553.759431,18125.60986,1465.932272,630.2081098,9151.050256,84.14894943,0.038948342,1466.677517,2457.949409,2548.775695,1152.14955,39636.3,9.90E-11,1.99E-10,7.70E-12
8575,2606.776676,21516.83504,2270.014895,839.4370692,9000.873665,87.21451139,0.036778992,1441.814259,2578.729867,2489.054732,1141.162507,43971.95,1.01E-10,1.91E-10,-1.77E-12
8576,2510.229202,23589.98036,3316.984414,1039.87375,8670.828554,90.4832107,76.66429332,1217.594064,2536.473399,2508.103581,1041.165173,46598.38,1.22E-10,2.41E-10,3.64E-15
8577,2282.72878,24057.54836,3756.324751,1172.395009,8019.319131,83.60064497,592.6836452,929.0324058,2363.795994,2388.063305,1124.767976,46770.26,1.77E-10,5.92E-10,1.69E-11
8578,2140.06896,23292.89935,4170.307652,1118.174385,7459.69852,77.06963684,1625.588265,720.7412144,2276.774066,2244.511079,1087.446877,46213.28,2.69E-10,1.48E-08,-1.06E-11
8579,2078.30917,22780.42605,3932.191984,1066.444846,7303.228733,72.6411683,2315.39742,628.5660051,2169.476575,2203.092085,1085.67,45634.58,3.07E-10,0.864034853,4.77E-12
8580,2055.056997,22228.47507,4063.433728,1010.528191,7236.283664,70.71264641,2660.454036,461.7481049,1853.915403,2218.0648,1025.17,44883.84,2.95E-10,0.002643767,-2.89E-12
8581,2094.765939,22528.48522,3693.654793,808.4032972,7429.233275,75.75970517,2239.350682,662.9975651,2232.484516,2236.858356,1024.78,45026.6,2.57E-10,0.173348259,3.88E-13
8582,2271.389631,23443.40311,3661.421907,909.0921044,8038.942371,82.64391304,1219.23744,803.8630051,2730.179036,2344.949883,1073.597597,46578.72,1.76E-10,5.87E-10,1.52E-12
8583,2469.66987,25933.98264,3802.179097,1129.1312,8620.657019,86.91384849,147.8374506,1037.467011,3330.543254,2507.779378,1022.099232,50088.26,1.26E-10,2.53E-10,1.42E-11
8584,2344.559621,26419.92413,5036.68305,1467.084361,8332.783507,85.33008515,0.078009961,967.9362629,3179.502903,2415.840995,1117.907075,51367.63,1.60E-10,3.83E-10,2.82E-12
8585,2154.715515,25290.67334,4640.026043,2528.409851,7793.920504,83.15992419,0.017572145,975.9744229,2870.813254,2305.719671,1103.959902,49747.39,2.27E-10,2.90E-09,-7.79E-12
8586,2079.473613,24622.44731,4061.141704,1938.988723,7589.292408,75.28401314,0.014393819,900.3212073,2713.868326,2264.239596,1086.27,47331.34,2.66E-10,0.001297419,4.70E-13
8587,2051.04969,23712.4455,3170.204168,1484.891926,7516.062025,75.05924614,0.013168703,811.8965676,2560.032844,2256.647776,1086.18,44724.48,3.05E-10,0.002907298,2.42E-12
8588,2019.626351,21912.27793,2869.423696,1252.896293,7256.032311,75.73200499,0.011567019,650.8529248,2367.765007,2210.546938,1085.87,41701.03,3.86E-10,0.005023155,1.58E-12
8589,1971.373996,20302.41713,1937.793071,805.024408,7061.540506,73.67557608,0.009668784,569.4032015,2150.684509,2116.555429,1024.51,38012.98,8.07E-10,0.00749646,1.19E-13
8590,1905.31009,18182.23928,1209.412307,656.2961041,6912.233477,72.21433176,0.007316549,526.7157275,2109.753815,2111.527506,771.27,34456.97,8.29E-10,0.009953151,-2.59E-12
8591,1977.740584,16148.53912,652.5746082,539.4523062,7266.485756,73.23054398,0.013028007,831.3385516,2357.445299,2272.726201,949.24,33068.77,2.68E-10,0.015999824,-5.00E-12
8592,2051.566889,14803.31726,321.0558454,592.810295,7563.359578,72.23968646,0.017078903,1040.618638,2446.887645,2244.858217,900.7588664,32037.49,1.96E-10,7.72E-09,8.07E-13
8593,1956.4081,14260.37,163.5536915,406.8700568,7458.832368,72.64149956,0.012208639,852.5600965,2241.053804,2193.762234,770.69,30376.75,2.31E-10,0.004060071,3.01E-12
8594,1897.087717,13576.80362,135.9742708,383.0506441,7256.640651,71.86681935,0.008929944,717.0824754,2089.052581,2143.601797,972.52,29243.68,2.80E-10,0.009504905,1.15E-12
8595,1866.23214,12923.32167,125.3164293,372.1106665,7160.337819,71.92212959,0.007236402,689.7139097,2025.334658,2088.736889,973.92,28292.93,3.67E-10,4.023548114,2.31E-12
8596,1935.58416,12390.57289,157.3091264,396.5310602,7438.395245,73.23074959,0.011517098,942.2339584,2197.64363,2129.258152,973.87,28632.49,2.89E-10,2.150490704,3.55E-12
8597,2100.609237,13019.75609,223.3296638,446.3985809,8016.675093,78.01178293,0.020392191,1194.004645,2507.804241,2272.085906,988.4843724,30847.18,1.68E-10,8.23E-10,-1.23E-12
8598,2266.519623,15083.33725,527.1459289,503.4979728,8454.130616,78.65782818,0.026944537,1279.010729,2862.859647,2363.822751,840.2507092,34259.26,1.28E-10,3.03E-10,-2.08E-12
8599,2430.823142,17142.59486,1254.042269,673.4303563,8769.958316,82.79173873,0.031060725,1391.988072,3125.062326,2528.394757,1121.383098,38520.5,1.08E-10,2.33E-10,7.68E-13
8600,2500.955327,19298.47266,1904.448043,922.4971586,8915.037975,95.87909106,71.03792639,1466.270235,3384.095536,2641.369023,1206.057029,42406.12,1.04E-10,1.94E-10,-7.23E-12
8601,2329.630474,20347.89661,2836.876925,1198.738241,8531.488495,100.6612173,431.3092238,1294.778778,3301.323203,2520.836537,1108.290299,44001.83,1.36E-10,2.86E-10,-7.69E-14
8602,2260.597698,20479.64543,3630.458993,1118.3468,8325.022178,85.2624857,1012.953036,1363.192273,3339.359468,2412.369117,1142.352523,45169.56,1.51E-10,4.09E-10,-6.60E-12
8603,2267.36763,20926.99141,3853.071181,1283.445046,8342.40359,84.14794999,1402.768854,1338.643581,3470.418321,2420.432069,1133.330365,46523.02,1.42E-10,4.61E-10,-7.07E-12
8604,2185.907702,20636.97822,4280.449856,1894.69663,8133.477253,82.10064038,1272.253451,1210.521219,3388.170593,2400.74216,1058.702275,46544,1.55E-10,8.43E-10,-1.64E-12
8605,2075.911068,19836.62087,4126.193389,2258.463365,7854.237645,73.86422796,812.0859404,1094.991879,3224.149965,2309.047615,1024.76,44690.23,1.93E-10,0.095962737,-9.62E-12
8606,2045.165035,19454.34244,3543.222326,1542.49059,7788.598324,76.36307487,325.923944,1082.615031,3280.614496,2280.93772,1024.81,42444.03,2.17E-10,1.052979538,5.86E-12
8607,2114.045494,19467.39676,3059.281844,903.0531388,7976.353646,78.44400633,40.12343102,1091.721393,3472.084732,2318.712866,1021.322687,41542.54,2.04E-10,4.08E-09,1.19E-11
8608,2094.472439,18955.20188,2944.231965,1347.679712,7910.833103,79.66188578,0.047439701,959.9567154,3533.039937,2213.027484,183.8274428,40221.98,3.38E-10,3.68E-09,1.07E-11
8609,2111.391374,18699.3238,2336.01559,1176.277192,7951.034538,81.44717135,0.016447085,683.2275922,2754.383884,2255.917864,709.7845497,38758.82,2.76E-10,3.98E-09,3.86E-12
8610,2073.692218,17998.38856,1358.602365,1037.22164,7844.5733,76.52538834,0.014699674,1046.640597,3799.406969,2242.324583,381.19,37858.58,2.93E-10,0.000322486,-1.21E-12
8611,2062.417796,16805.16822,910.4807092,943.2470832,7815.988329,74.72938215,0.014217235,1139.290168,3859.932718,2266.653323,1075.97,36953.89,2.91E-10,0.001949607,-4.87E-12
8612,1994.894077,15677.32713,575.7515471,831.0930249,7773.553769,73.9030327,0.013532591,1215.416201,3871.104758,2259.295665,1065.31,35337.66,3.02E-10,0.00273556,-3.01E-12
8613,1955.177817,14544.90041,290.4981703,667.2337596,7678.511694,74.21566652,0.012229944,1054.325764,3816.076946,2179.263372,1025.27,33285.48,4.69E-10,0.005827321,-3.81E-12
8614,1976.911509,12921.39559,201.9747025,598.2691408,7620.601438,73.67490413,0.011528332,1005.417115,3515.795625,2225.485301,1023.27,31162.8,3.53E-10,0.006854155,1.42E-12
8615,2066.860709,12065.08702,205.1361051,423.3089161,7965.920537,76.70099067,0.016959774,1239.667139,3691.08964,2129.573892,714.76,30578.11,2.04E-10,0.011904229,-1.31E-12
8616,2088.455572,11491.73234,187.5093859,504.9631635,7981.62727,75.75196129,0.017078742,1187.794269,3541.110626,2148.980224,711.99,29919.93,1.84E-10,0.001888235,-1.94E-12
8617,1952.019281,11170.45581,136.2378834,355.0356089,7517.165321,68.55853937,0.009734745,1104.25076,3398.476035,2051.380617,711.74,28465.32,2.57E-10,0.009590013,4.88E-12
8618,1940.531195,10138.83072,134.5773163,345.7354446,7530.013881,69.66827848,0.009926933,1095.933513,3373.147963,1932.422768,662.19,27223.05,2.62E-10,0.011004307,5.63E-12
8619,1914.263856,9349.992482,139.6840771,342.209792,7559.217259,71.89551126,0.010343003,1034.249712,3230.882793,1906.666284,722.22,26267.3,2.90E-10,3.992108843,-3.67E-12
8620,1947.342188,9276.152445,156.5365215,351.9338852,7728.793712,73.33108738,0.012839032,1108.296933,3183.333378,1917.633789,861.08,26601.36,2.70E-10,3.086778026,-4.53E-13
8621,2115.314614,10077.28763,207.434279,402.1589757,8229.543258,76.66776844,0.020505744,1295.139529,3414.501155,2014.334602,549.0776858,28381.48,1.85E-10,4.16E-09,-1.25E-12
8622,2256.66443,11487.61172,384.826524,471.094397,8467.988431,77.88981605,0.024282895,1258.266495,3496.466671,2145.187427,475.0398094,30521.06,1.67E-10,7.81E-10,-2.54E-12
8623,2359.151377,13633.46853,848.1500265,566.4620933,8649.885324,79.62268951,0.027205711,1329.887157,3540.152788,1692.873245,547.3995653,33247.08,1.41E-10,6.34E-10,1.10E-11
8624,2466.017576,16036.52245,1367.587666,878.6821011,8850.91788,84.88379322,30.68729426,1320.633667,3774.155462,1908.229336,250.2327735,36968.55,1.26E-10,4.53E-10,-4.42E-12
8625,2346.490502,17890.54965,1316.220852,1006.623259,8528.433678,83.89051286,347.1080297,1202.742251,3873.762917,2482.466001,138.8023503,39217.09,1.47E-10,9.72E-10,9.51E-13
8626,2219.444844,18601.8455,1245.873088,987.710378,8181.08529,79.97341616,871.7639846,1139.678802,3795.675261,2383.75727,634.88,40141.57,1.63E-10,0.117838821,3.22E-12
8627,2216.009995,18798.25541,1641.235941,922.2031427,8141.329515,79.12480573,1208.823893,1113.270441,3655.636849,2321.711278,678.98,40776.33,1.88E-10,0.251272636,-2.27E-12
8628,2159.412664,18555.13064,2329.900168,757.1165767,7990.489826,76.58196012,1140.884481,1038.013608,3745.581254,2314.543351,441.04,40548.69,1.99E-10,0.004532588,-1.42E-11
8629,2108.956678,18105.93066,2497.212802,708.054638,7936.916547,73.92883933,906.002783,1155.498036,3621.746011,2279.812301,847.13,40239.85,2.13E-10,1.339296026,-6.36E-12
8630,2219.312529,18506.96105,2626.3701,752.6531206,8173.39766,76.22248883,468.9138822,1276.621136,3646.985995,2322.912069,851.71,40921.04,1.87E-10,1.020027475,4.07E-12
8631,2369.193888,19840.61417,2883.939584,1026.951694,8591.486647,86.92864063,66.34507568,1448.097406,3795.586535,2425.964732,861.8816309,43396.99,1.50E-10,9.03E-10,-5.15E-12
8632,2300.133392,21112.72859,3494.359918,1331.584427,8370.344785,96.46454949,0.068121897,1243.95494,3425.792829,2348.87617,607.1322769,44331.44,1.92E-10,1.78E-08,2.18E-12
8633,2160.169759,20245.53057,3451.009741,2424.636938,7983.379681,92.92980615,0.016638503,1199.563625,3216.923818,2266.815027,239.86,43280.83,2.62E-10,0.005602527,4.04E-13
8634,2122.466524,20094.27093,3247.375992,1825.94298,7875.404748,89.18644212,0.014980062,1233.599298,2977.160125,2279.24589,212.64,41957.3,2.49E-10,0.007913694,3.39E-12
8635,2080.951022,19541.97703,2533.319919,1112.978512,7742.02548,93.60691599,0.013040782,1120.883539,2932.673697,2273.450427,752.45,40184.32,2.81E-10,0.009578399,7.08E-12
8636,2020.874557,18318.6767,1813.544356,830.167228,7579.717704,78.55731691,0.010576318,923.170248,2951.619442,2215.343807,864.71,37596.38,3.73E-10,0.011935846,8.39E-12
8637,1997.708597,16410.75749,1381.120346,715.9952278,7526.121178,81.152796,0.009813072,941.3829257,2802.574816,2139.061187,861.38,34857.25,6.31E-10,0.014378182,-4.88E-13
8638,2031.536676,15006.30545,727.9323722,660.9508482,7646.443238,83.20648307,0.011698836,632.8764432,2142.357659,2231.292885,825.89,31988.79,3.39E-10,0.013759008,1.42E-12
8639,2051.513155,13370.08759,166.6499643,551.1909834,7850.291621,85.09352875,0.014858707,1027.185813,3150.236422,2237.008636,957.9,31447.16,2.09E-10,0.012575316,-1.16E-12
8640,2044.254044,12655.59858,152.5743642,535.1096503,7878.400532,77.10538635,0.015100143,972.7661904,3209.777479,2224.318969,959.79,30709.7,2.09E-10,0.010292378,-4.44E-12
8641,1948.092923,12495.34959,146.2792412,371.5853706,7508.295164,70.64090215,0.009401504,743.2832327,2965.387002,2155.544319,959.75,29364.2,2.69E-10,0.017144499,2.26E-12
8642,1915.497904,12236.16674,158.6186996,392.1894175,7401.994817,67.6468298,0.007783635,559.3136089,2559.474354,2116.54841,959.44,28366.88,3.19E-10,0.018565315,-1.38E-12
8643,1911.715688,12183.8921,156.3105721,391.3308581,7351.692516,68.17514744,0.006993547,482.4492389,2344.084833,2077.279427,939.19,27898.43,3.95E-10,7.697376624,3.95E-12
8644,2040.040906,12684.52424,181.0029596,398.8116507,7658.176823,74.00598413,0.011676641,497.1301279,2317.437242,2131.713122,958.37,28935.12,2.84E-10,6.10472878,1.48E-12
8645,2381.09313,13955.65868,267.6269777,477.3189239,8748.742956,84.94398378,0.028239973,766.8687349,2587.948676,2348.226876,981.8028174,32600.26,1.40E-10,1.54E-09,1.68E-14
8646,2794.024259,16200.21118,388.7437488,769.7401976,9302.062102,88.03954579,0.036732576,944.3474505,2722.637219,2484.765543,723.33202,36417.94,1.06E-10,2.86E-10,8.04E-13
8647,3005.773281,20277.83549,1334.650577,855.482965,9222.284296,87.71462141,0.035547138,871.8420256,2634.323444,1699.192256,344.1054983,40333.24,1.05E-10,2.80E-10,2.48E-13
8648,3125.312,22318.70557,2312.526404,1043.628712,9014.570381,86.26790072,45.43808191,763.2735554,2504.209619,2558.566482,72.41129039,43527.2,1.17E-10,317.71,6.82E-12
8649,2944.502121,23254.82477,2942.461145,1030.255938,8451.632215,82.47544737,484.7307329,585.4621192,2435.043587,2452.522133,18.29979521,44682.21,1.60E-10,2.01E-09,1.42E-12
8650,2861.045712,23362.82874,3005.263753,1065.159365,8156.501422,84.10192902,1139.168086,504.6118317,2282.690319,2346.000718,292.34,45099.71,2.04E-10,0.001878455,4.14E-12
8651,2795.960835,23159.26321,2773.152481,795.1469669,8013.952038,79.10546978,1736.06304,431.1634323,2037.32373,2315.352317,1076,45211.9,2.23E-10,0.58351804,-3.14E-12
8652,2770.044853,22971.33135,2892.694663,778.3080865,7916.216448,78.02625483,1936.759535,412.5229677,1901.285354,2317.837793,1025.35,45000.37,2.29E-10,0.007303833,1.06E-11
8653,2807.556536,23308.44262,2803.851317,803.9963219,8038.498874,78.33507209,1742.442352,396.066479,1940.449929,2337.296002,1024.86,45281.79,2.04E-10,0.005500906,5.42E-12
8654,2953.254977,24659.14888,2773.790906,929.5222784,8445.6472,80.29227069,1051.146318,463.4966811,2015.854914,2431.457868,1030.537711,46834.15,1.59E-10,5.55E-09,5.11E-12
8655,3148.664556,26627.73504,4127.771678,1036.699849,9017.81421,88.52525633,224.6046109,613.6830993,2268.122961,2595.550385,625.6883551,50374.86,1.21E-10,3.77E-10,-2.65E-12
8656,3070.49771,26671.81745,5652.288202,1743.630066,8817.838149,93.56270462,2.145555838,523.2342397,1981.447745,2508.749671,1075.968508,52141.18,1.43E-10,6.05E-10,8.80E-12
8657,2865.233967,25391.13194,5767.194328,3105.42448,8242.638991,94.15838844,0.02034683,397.9934601,1696.690003,2370.205847,1085.85,51016.54,2.01E-10,0.001746519,-2.54E-12
8658,2802.81838,24858.64667,5435.787271,2423.707931,8020.472179,85.88100541,0.016924509,356.3964283,1543.494377,2355.055342,1085.69,48967.96,2.11E-10,0.006510266,-4.00E-12
8659,2754.051882,24270.23977,4856.877546,1465.45835,7879.159646,79.92460242,0.01481284,320.0135769,1380.110212,2321.758574,1085.74,46413.34,2.35E-10,0.008976329,-5.79E-12
8660,2658.226152,22714.68235,3855.543093,891.1295505,7582.641747,72.63768639,0.010259176,235.3805935,1267.886491,2221.136108,1085.44,42584.7,3.62E-10,0.014033378,2.43E-12
8661,2601.321271,20723.32022,2142.198827,776.4119662,7458.127452,69.53661996,0.00846578,229.5606172,1337.397234,2118.093653,1025.07,38481.03,7.76E-10,0.0163266,-1.41E-12
8662,2142.741103,18642.34927,792.0229337,685.8039646,7327.942322,70.16929374,0.006474059,247.0415104,1575.432588,2129.917555,1024.73,34638.14,6.94E-10,0.017008863,3.36E-12
8663,1736.308471,16931.07298,503.460476,484.3741644,7800.403562,75.84333255,0.013796151,448.6894112,2086.633145,2315.970881,1024.7,33407.46,2.31E-10,0.010221499,-2.23E-12
8664,1476.642873,15913.63697,209.5221679,495.7937593,8050.871065,78.07837632,0.01747378,553.6104246,2292.041191,2343.301648,1024.58,32438.09,2.06E-10,0.005948014,-2.42E-12
8665,1516.339382,14817.87347,185.7891555,385.4279294,7764.679869,74.21223855,0.0130353,559.533163,2316.441119,2198.390915,974.36,30793.05,2.35E-10,0.01027836,4.93E-12
8666,1270.538321,13917.66602,163.4785064,360.3982613,7505.566681,69.70045447,0.009120728,472.9193207,2497.099949,2148.11761,973.96,29379.44,2.82E-10,0.014246111,1.08E-12
8667,1276.088894,13144.83883,180.7512485,370.9893964,7710.792214,70.60917327,0.012213762,399.3300305,2107.130243,2181.478163,973.79,28415.8,2.43E-10,0.010406047,-1.50E-12
8668,1321.859403,11932.32899,195.9413762,398.0741599,7907.619924,73.47183399,0.015154935,817.1080104,3602.705978,2182.283596,973.76,29405.16,2.44E-10,0.008428797,2.38E-12
8669,1542.615224,13375.61998,251.6212417,456.7147669,8686.005053,83.01484969,0.02709371,1056.807024,4087.256527,2359.950222,1010.478019,32910.11,1.45E-10,9.28E-10,-3.44E-12
8670,1758.384225,16030.87602,554.8072477,565.4228576,9235.402461,88.17625557,0.035312509,1368.492311,4546.067726,1766.698245,623.9373409,36538.3,1.11E-10,2.53E-10,6.92E-12
8671,2592.294684,19497.34543,965.6332463,941.4395096,9155.489155,89.94321401,0.034243603,1377.698262,4833.751537,518.7568701,93.42385092,40038.81,27,2.48E-10,4.69E-13
8672,2797.873264,20658.85971,1230.793505,937.7842422,9036.046397,102.7424982,43.2065768,1516.346478,5262.495871,810.6100738,957.4513845,43354.21,1.16E-10,3.04E-10,-4.58E-12
8673,2775.472195,21377.60463,1206.635306,1003.978297,8531.115057,82.81711251,385.3540831,1690.538281,5269.618591,2409.273783,30.03266226,44577.81,1.50E-10,184.63,-8.38E-12
8674,2729.643017,21068.38691,1151.822759,992.7115427,8234.953549,80.33966491,979.6322704,1570.997263,5188.562927,2391.662487,413.8676124,44802.58,1.87E-10,1.15E-07,9.25E-13
8675,2807.207157,20525.49552,1085.578151,924.2697089,8125.561907,86.87580214,1307.704565,1823.136261,5287.463165,2362.138753,602.89,44938.32,2.00E-10,0.000991761,-1.66E-12
8676,2791.200765,20423.96641,1456.650475,931.2442426,8040.858624,79.75627027,1468.568758,1643.189982,4995.073754,2359.232765,614.36,44804.1,2.02E-10,0.002043347,-1.63E-12
8677,2806.956606,20822.94668,1815.690026,979.795317,8117.673051,80.64258604,1276.627702,1639.271979,4419.982173,2360.175099,772.93,45092.69,1.91E-10,0.001221771,-5.65E-12
8678,2934.182498,22702.45707,2079.556002,1173.853793,8499.41339,82.51673963,628.8282125,1427.518566,3932.920317,2449.768753,781.4446537,46692.46,1.52E-10,8.36E-10,-1.36E-11
8679,3071.333955,24717.38663,3294.957989,1166.016172,8863.008765,85.77947892,121.3841589,1457.74831,3138.15058,2558.164246,1107.819717,49581.75,1.30E-10,3.83E-10,1.10E-11
8680,3025.467216,24941.00034,5111.276926,2103.218173,8735.165564,87.34892999,0.138404363,1346.279829,2505.096287,2484.157333,921.2509953,51260.4,1.51E-10,4.82E-10,1.76E-13
8681,2851.873197,23944.60077,5326.206633,2985.541364,8219.090847,90.40552761,0.0198781,1237.385659,2135.051411,2360.985149,1092.159566,50243.32,2.07E-10,7.51E-09,3.61E-12
8682,2770.974135,22795.26524,4839.367765,2800.754314,7938.641276,82.12517467,0.015625246,1087.722734,2353.350695,2326.39629,1085.82,48080.43,2.32E-10,0.003251487,-5.34E-12
8683,2694.204575,21836.92738,4046.025245,1688.326833,7723.380774,78.64259433,0.012381941,896.658154,2720.102932,2272.695826,1085.91,45042.88,2.83E-10,0.006699359,2.00E-13
8684,2623.938386,20139.85109,2450.306907,884.6777816,7529.807617,72.43283209,0.009530122,1014.854946,3311.528248,2214.583104,1085.51,41327.49,3.77E-10,0.010441877,-2.04E-12
8685,2593.80475,16947.18295,1201.778838,863.6977227,7480.145107,70.05834736,0.008909335,1257.965061,3755.03715,2131.802684,1024.84,37326.31,6.82E-10,0.011521177,8.59E-12
8686,2159.991117,13701.73735,664.4930422,694.9801463,7386.631903,68.93665241,0.007368138,1586.938549,3866.429524,2155.438935,1023.79,33309.36,5.55E-10,0.014587346,-3.79E-12
8687,1945.51027,11311.6533,140.3801163,583.9840475,7765.837675,73.79436228,0.013165213,2071.213962,4799.84421,2100.459184,792.7,31585.38,2.41E-10,0.010291828,-1.88E-12
8688,1957.171857,8732.737254,134.7617951,469.8759433,8002.749098,76.9312362,0.016512442,2199.942842,5766.53271,2012.417949,874.37,30227.5,2.23E-10,0.007197398,5.01E-12
8689,1872.696082,7448.822976,111.8605921,412.33457,7611.845649,74.06417561,0.010703297,2156.731402,5810.73364,1743.694558,775.6,28018.38,2.93E-10,0.014347645,-3.46E-12
8690,1776.775735,5472.404836,106.4797064,404.7691003,7560.051792,72.50359491,0.009929153,2513.846372,6011.705465,1635.438244,725.09,26279.06,2.93E-10,0.014775655,-3.86E-12
8691,1586.449874,4378.617924,92.94681442,418.0921578,7289.462148,67.78474188,0.005813736,2858.898318,6010.192195,1474.528799,670.27,24847.23,4.35E-10,0.018786272,-1.56E-12
8692,1548.560182,4460.79309,116.2236988,454.2545972,7633.118384,70.11064446,0.010939453,3100.523614,6138.584021,1534.993984,138.91,25196.07,2.93E-10,0.013153313,-2.61E-12
8693,1807.76327,5608.233995,153.5039702,513.5916937,8267.171206,77.44188936,0.020584823,3586.004161,6437.481446,896.3499993,105.36,27452.92,1.74E-10,0.002215798,-4.09E-12
8694,1958.368148,6905.197389,208.9151488,563.7001888,8570.570946,81.46635481,0.025139473,3724.809982,7242.095202,795.78157,128.2499314,30179.18,1.56E-10,1.30E-09,-8.55E-13
8695,2194.505898,9656.091718,360.5853235,696.5571473,8829.891014,84.82349492,0.028981718,4061.348219,7669.877127,376.0260947,65.91498174,33370.65,625,3.87E-10,6.59E-12
8696,2567.267257,13128.53541,655.9464306,1100.540555,9635.823063,124.8688616,28.77030031,2450.997067,6210.304466,594.9498077,163.2367849,36657.24,4,1.54E-10,-4.57E-12
8697,2145.280967,11915.22505,455.0179462,1058.428606,8391.375044,82.17522183,304.8842601,4407.765314,7429.972453,2015.12121,132.0739292,38337.32,1.71E-10,8.52E-10,2.82E-12
8698,1973.325599,11449.6446,401.5937969,1060.169899,8064.394922,81.49366526,880.5502187,4258.194728,8010.733771,2029.139827,744.79,38954.03,2.26E-10,0.001030702,8.68E-13
8699,1953.572012,11671.50066,354.2877066,967.0489729,7913.1818,83.62592658,1333.108925,4035.291098,7897.362215,2040.444457,899.65,39149.07,2.63E-10,0.003769537,1.21E-12
8700,1929.570142,12072.68033,359.7750561,941.1518716,7816.151321,85.42828584,1466.604245,3596.518284,7756.471038,2100.644902,943.58,39068.57,2.52E-10,0.005478147,-3.65E-12
8701,1961.980374,12304.13559,408.3936293,939.0403547,7952.529135,88.09596977,1256.832798,3803.171043,7392.1339,2312.001018,1023.92,39442.23,2.28E-10,0.003811654,4.33E-13
8702,2137.447648,14435.56747,531.0666235,975.2411348,8506.13524,93.73241422,752.6240086,3915.89822,6677.704889,2458.120903,1068.85145,41552.39,1.50E-10,9.25E-10,1.33E-12
8703,2335.805752,18756.96855,860.5262847,1453.050897,9164.885745,98.94103265,135.5969729,3670.319883,5770.194514,2640.334994,1136.955378,46023.58,1.13E-10,2.67E-10,-1.16E-12
8704,2360.006086,21670.50749,2145.554762,1845.683472,8988.452708,99.21465874,0.125153007,3273.79922,4495.785245,2548.147147,1117.494054,48544.77,1.32E-10,3.03E-10,7.92E-12
8705,2174.086731,20980.17821,2572.75185,3355.07345,8162.929554,94.42501112,1.019055497,2815.69741,3741.431323,2333.718722,1091.968681,47323.28,2.26E-10,1.04E-08,2.31E-12
8706,2086.064307,20987.41194,2276.017588,3034.461366,7873.698531,88.53664009,0.014757199,2249.870998,3026.362516,2292.574602,1085.07,45000.08,2.63E-10,0.003241643,-6.20E-12
8707,2097.330552,20853.89048,2250.435964,2121.156988,7912.679358,88.88034802,0.015324434,1942.69435,2833.822625,2313.665813,906.29,43320.86,2.43E-10,0.001805335,5.63E-13
8708,2041.887895,20040.58786,1942.342393,1081.832777,7737.345507,86.72556114,0.012700963,1685.103825,2707.23097,2271.165568,1077.41,40671.64,2.86E-10,0.005060046,1.58E-12
8709,1995.634011,18711.24321,1306.126647,838.2734655,7599.995445,84.36697741,0.010661328,1507.778502,2856.00229,2160.145254,322.7,37382.27,5.39E-10,0.006460085,1.35E-11
8710,1842.662104,17188.64318,399.0032104,771.0855001,7412.252843,80.3115497,0.007822607,1145.048426,2725.556042,2145.267905,304.09,34013.92,6.08E-10,0.008578789,-3.18E-12
8711,1923.572539,15439.74119,135.9135471,576.4124326,7805.559353,81.2683376,0.013751243,1035.491507,2965.614201,2231.006106,694.57,32889.16,2.17E-10,0.002960051,2.65E-12
8712,1954.229134,13849.25206,128.0058386,646.8391186,7966.685531,74.55675075,0.015995077,843.7203737,3037.020568,2270.844108,924.1105247,31695.28,1.88E-10,1.00E-08,-2.91E-12
8713,1862.950493,12306.70008,113.5860615,505.4678231,7713.499976,73.00852898,0.012115778,1052.906723,3236.847332,2137.144051,811.52,29813.64,2.03E-10,0.003186253,-1.78E-12
8714,1865.538052,10800.28346,116.0688243,477.0389447,7820.87574,75.99543608,0.013670876,1121.703679,3266.591628,1931.932613,822.5,28298.54,1.99E-10,0.002052053,2.12E-12
8715,1706.564176,10502.55662,106.0927458,446.7506337,7575.827757,73.54166626,0.009987277,1152.777601,3279.872949,1763.782221,495.57,27103.34,2.56E-10,0.00635448,-6.93E-12
8716,1694.140393,10520.83973,109.4618534,478.3581582,7598.991002,70.74018572,0.010369517,1340.819927,3863.0269,1447.979072,6.20E-10,26898.52,2.64E-10,225.8475876,-5.40E-12
8717,1778.287963,10309.38247,130.978433,505.1062044,8010.019043,73.71720709,0.016488011,1471.776102,4392.22408,1426.735563,114.4264433,28212.67,1.85E-10,3.72E-09,1.75E-12
8718,1900.153829,11000.91096,168.7411968,541.3703834,8271.355631,76.24701534,0.020317508,1673.882559,5124.289664,1465.088861,31.54958332,30155.48,1.59E-10,98.13,-8.53E-13
8719,1950.398008,11616.92391,257.9156264,663.3383187,8591.472339,81.11822649,0.025100039,1724.225934,5619.970973,1833.714103,859.8374637,33198.94,1.26E-10,4.88E-10,4.39E-12
8720,2138.460261,13272.06662,428.0801435,867.615659,9132.784081,88.47424554,30.07956815,1894.978243,5890.306063,2102.436306,949.7288068,36795.01,1.07E-10,2.08E-10,-1.95E-12
8721,2060.899453,15454.92459,450.5337041,969.9688024,8772.543741,89.84006318,323.9460515,2171.366637,5772.137076,2529.775083,831.4947948,39427.43,1.34E-10,3.00E-10,-5.27E-12
8722,2007.964445,16474.63903,716.2828229,935.53564,8408.114768,84.80453144,842.4413217,2320.719938,5873.222483,2416.628195,691.4168279,40771.77,1.75E-10,6.51E-10,-4.00E-12
8723,2085.852699,17149.24683,806.9917964,975.0322493,8312.50262,82.58605175,1050.270928,2336.303562,6270.533114,2397.842078,351.5680729,41818.73,1.85E-10,9.57E-10,9.98E-13
8724,2038.871281,17104.02745,835.5745631,914.580352,8084.340053,79.94929739,995.0288717,2221.960597,6270.866155,2380.642175,841.8192028,41767.66,1.95E-10,8.35E-09,1.27E-12
8725,2188.938094,18774.09458,769.6960762,1119.819539,8617.741922,93.98709397,892.2203533,1320.073235,4602.42557,2555.079865,1006.763671,41940.84,1.31E-10,6.35E-10,4.56E-12
8726,2130.782385,18756.12463,928.6432935,983.9805467,8441.783493,87.93925693,434.9291861,1950.958674,5986.613494,2482.84098,1043.414057,43228.01,1.52E-10,2.59E-09,-1.07E-11
8727,2306.614577,21236.532,1409.864278,1113.355776,8957.948869,96.65616396,71.85757139,1870.359584,5877.5083,2590.364367,1120.248513,46651.31,1.23E-10,3.70E-10,2.06E-12
8728,2267.925777,22660.35822,2449.534719,1467.743492,8752.441238,92.22540059,0.107554689,1691.011138,5360.123472,2478.931621,1088.897363,48309.3,1.54E-10,5.41E-10,-3.88E-12
8729,2099.700254,21943.16427,2490.330479,2094.766051,8159.322725,90.79765097,0.018059753,1710.153487,4953.246081,2336.132493,1085.92,46963.55,2.26E-10,0.001547728,1.34E-11
8730,2056.985807,21041.66106,2177.735623,1592.48323,7908.525727,82.25172112,0.014298077,1901.261047,4399.698451,2297.358649,1086.61,44544.58,2.59E-10,0.005610693,3.71E-12
8731,2049.517552,19599.57853,1837.769333,989.0944207,7816.496203,78.16484584,0.012871975,1859.581066,4270.575695,2281.516499,1086.36,41868.66,2.77E-10,0.00701569,3.00E-12
8732,2018.142688,17692.4182,965.4129064,936.0800484,7694.223442,74.76172041,0.01124887,1787.949493,4355.33104,2243.337905,1086.07,38853.73,3.26E-10,0.008687728,-2.32E-12
8733,1946.199927,15559.00382,168.4252422,884.6585746,7498.018324,71.73530081,0.008264123,1683.656802,4386.106755,2121.518721,1025.24,35344.56,7.72E-10,0.01172999,2.49E-12
8734,1869.251527,12828.47505,99.86523835,781.135775,7242.760185,69.17074222,0.00465601,1594.436529,4306.295224,2044.220524,879.88,31715.48,9.71E-10,0.015450282,-1.78E-12
8735,1949.237306,10900.92757,119.5403382,540.6591011,7679.378615,71.45150367,0.011055644,1606.047899,4653.78697,2086.639521,923.53,30531.2,2.53E-10,0.009878055,9.03E-13
8736,1950.995132,9322.71064,122.9167347,519.9925525,7883.485621,74.27696945,0.014077344,1446.19661,5213.062503,2142.434728,923.35,29599.43,2.03E-10,0.005567413,2.38E-12
8737,1897.408175,8703.849017,101.6242609,477.3770066,7509.659203,69.55743679,0.008433137,1563.649481,5267.074026,1789.454105,723.41,28103.06,2.85E-10,0.011146104,6.33E-12
8738,1818.378467,8383.846335,88.58101358,432.4124886,7375.53757,69.24077742,0.006435171,1321.286144,4981.637787,1759.606357,721.98,26952.5,3.22E-10,0.013373767,4.33E-12
8739,1790.291675,7822.381662,85.67742878,430.9635454,7312.120911,71.63148031,0.005502244,1362.770995,4975.409442,1722.311284,672.15,26245.7,4.04E-10,0.013926758,3.67E-13
8740,1903.125144,7564.169441,119.3885741,456.1425321,7796.157941,74.20625645,0.012586283,1464.658218,5326.697299,1804.132682,672,27178.95,2.51E-10,1.740673794,5.54E-12
8741,2102.398379,8900.492521,236.1274915,508.5222388,8700.988229,80.73464109,0.025785271,1539.270409,5897.939755,1853.154767,756.8257844,30576.48,1.40E-10,8.17E-10,3.69E-12
8742,2243.607582,10668.36983,595.34629,546.2765843,9078.103515,83.32074645,0.031359177,1687.620636,6260.340517,1900.411814,782.4811284,33845.91,1.19E-10,3.18E-10,7.01E-12
8743,2585.453715,12506.87765,1355.249874,750.2433413,9311.722689,86.52924383,0.034806574,1767.746763,6584.640103,1958.365481,391.5963358,37298.46,1.04E-10,2.26E-10,-3.16E-12
8744,2888.635564,14658.72763,1408.105647,902.2783443,9406.094805,94.91289123,18.88122287,1992.03129,6782.997092,2068.942468,406.5730419,40628.18,1.02E-10,1.94E-10,2.12E-12
8745,2815.514215,16172.62595,1779.346682,922.1217746,8879.116756,93.78483323,202.2855089,2009.160556,6624.832368,2435.402096,486.5492561,42420.74,1.31E-10,3.28E-10,-3.33E-13
8746,2692.19086,15794.92963,1979.414567,943.7576281,8325.982325,78.57857908,580.3743519,1901.433133,6745.000468,2386.7696,1037.528856,42465.96,1.89E-10,1.78E-09,3.89E-12
8747,2709.057356,16167.8277,2257.98018,996.3373473,8362.195809,84.63196452,816.2299501,1815.229484,6943.492796,2398.163131,514.7242821,43065.87,1.84E-10,1.09E-09,2.17E-12
8748,2661.516614,15883.82306,2179.211659,833.9960374,8251.431198,76.07071347,802.1807277,1945.461722,6897.689659,2405.194035,1034.164574,42970.74,1.81E-10,2.76E-09,-8.86E-12
8749,2607.568089,16710.20582,1964.072455,870.8294763,8296.920515,76.58845332,573.7915249,2228.673038,7049.409301,1570.447162,1052.074162,43000.58,1.76E-10,1.66E-09,-1.85E-12
8750,2505.841225,17176.99335,1744.227404,931.3119966,8436.277851,78.93118138,291.3193472,2380.816272,7476.975851,1583.222449,1068.86307,43674.78,1.69E-10,7.76E-10,1.00E-12
8751,2665.210338,18929.56173,2121.203433,902.561625,8986.917607,85.75522173,52.26441384,2683.37161,7750.339932,1991.786757,515.19733,46684.17,1.27E-10,2.76E-10,-1.08E-11
8752,2554.333511,19227.85692,2388.53741,966.5534988,8714.986365,92.8202882,0.052278578,2720.226233,7946.833354,2467.291292,1094.008851,48173.5,1.57E-10,4.21E-10,4.18E-12
8753,2521.221218,17823.07539,2483.136422,1195.799547,8015.606293,89.03493728,0.015856308,2749.173249,7822.358343,2309.369533,1085.66,46094.45,2.46E-10,0.000788693,-6.83E-12
8754,2486.584073,17730.01233,2293.21284,1019.772144,8257.267817,88.99275015,0.019461405,1559.710649,5427.261957,2408.27985,1113.986125,42385.1,1.81E-10,1.38E-09,-5.63E-12
8755,1969.997636,13683.32069,1643.964404,698.5659185,7466.770619,69.47636783,0.007767898,2769.357587,7388.904407,2212.063189,729.03,38631.45,3.78E-10,0.008584544,-3.86E-12
8756,1719.812041,11130.61188,1144.09084,700.1812085,7400.456512,68.68761796,0.006843238,2905.084384,7184.756521,2221.972564,731.01,35206.66,3.58E-10,0.010412494,4.36E-12
8757,1640.215038,9013.227544,623.4542685,629.0750684,7497.245665,75.76678006,0.008250043,3054.265314,7074.489551,2114.651837,827.65,32550.04,5.23E-10,0.009316516,2.04E-12
8758,1631.654282,8914.363008,516.7191105,724.9094452,7678.246258,83.57855791,0.010951674,3154.617968,6952.058495,1401.12814,4.65E-10,30770.79,3.03E-10,286.4962177,-6.82E-13
8759,1524.433264,8642.79544,121.0828523,505.8314954,8047.45122,79.97936455,0.016265725,3338.697046,7028.81389,1929.926198,2.09E-08,30770.79,1.83E-10,448.2370358,1.19E-12
